0.8914501572175183
0.07090349098011438
0.037646351802367424
0.42599691562018044
0.1280898876404496
0.4459131967393698
0.030564940677300263
0.9287079961237267
0.04072706319897336
0.8109228656761075
0.011748865985991118
0.17732826833790147
0.7491149761428348
0.07203324611359088
0.17885177774357422
0.499964443180202
0.24586355663016157
0.2541720001896365
0.845635473905793
0.036742393176412695
0.11762213291779444
0.5786461449814954
0.3577000642687767
0.06365379074972854
0.8196324749964549
0.010627028018985168
0.16974049698456004
0.8244456334343975
0.019142738243861833
0.15641162832174074
0.8067415730337074
0.05586918790536207
0.13738923906092995
0.8529313605517856
0.11507892362269925
0.031989715825515144
0.3979430473812494
0.5793829142143749
0.022674038404375426
0.13891336809380425
0.8407750116276222
0.0203116202785733
0.858998286040754
0.050860153621532365
0.09014156033771346
0.907443969798136
0.02420696174510298
0.06834906845676128
0.9101523736355195
0.009747431095745678
0.08010019526873463
0.8844290032196598
0.06511597345423484
0.05045502332610549
0.903207179462503
0.008132232995693309
0.088660587541804
0.3907988149141932
0.5867013248364915
0.022499860249315256
0.8846700245382931
0.03777605579232859
0.07755391966937879
0.21154214166598304
0.7121504141720661
0.07630744416195082
0.9092160440475049
0.03288624262407032
0.057897713328424895
0.17712234706616733
0.013684066791510617
0.809193586142322
0.7999211511925852
0.030707229997590707
0.16937161880982088
0.620866773675762
0.3111467808097024
0.06798644551453524
0.913952296471516
0.008815296668637878
0.07723240685984623
0.9394285903682331
0.0285704815882801
0.03200092804348545
0.13329491981177374
0.8436656975982821
0.023039382589944375
0.17437374136600606
0.038789452882389434
0.7868368057516044
0.8331662345145493
0.017447421492365316
0.14938634399308556
0.9195907350448813
0.016717929403887666
0.0636913355512315
0.3317984639453846
0.010181102735504672
0.6580204333191104
0.9388165389684371
0.015003611291055194
0.04617984974050828
0.09719233936303003
0.854357584933725
0.04845007570324322
0.9240910400460959
0.012503601267646205
0.0634053586862576
0.4848821785268413
0.46081070536828933
0.054307116104868915
0.8471177332681973
0.029815990880964028
0.12306627585083871
0.1812347554880242
0.8059898436562839
0.012775400855691944
0.9436059954642502
0.006870110586618818
0.04952389394913166
0.9585551909243042
0.007599301646636107
0.03384550742905987
0.153299484431072
0.01737890398508136
0.8293216115838465
0.8611409358759152
0.10950645475121099
0.029352609372873387
0.28330153346053283
0.5180905943042895
0.19860787223517767
0.6576883425335058
0.02801811324694308
0.31429354421955125
0.7171189521869598
0.025888691766870354
0.25699235604617016
0.728601711204103
0.019583292145814786
0.251814996650082
0.8011313178114985
0.01848526970153283
0.1803834124869684
0.7678084727963633
0.026120105136003026
0.20607142206763437
0.9027018366079839
0.0319653908550141
0.06533277253700256
0.9431586875101777
0.011907669760625302
0.04493364272919725
0.8529362050406125
0.016422464793117843
0.13064133016627089
0.9049937578027468
0.010747928725456815
0.08425831347179664
0.35499178063619596
0.5977934821292387
0.04721473723456526
0.7321094168004281
0.03475287586944892
0.23313770733012312
0.04701569846202876
0.8890748266794152
0.06390947485855442
0.372184694169769
0.5955000028075852
0.032315303022645986
0.7901288437996198
0.03931978231094631
0.17055137388943434
0.3665479126701377
0.39610852288298165
0.23734356444688018
0.7303979781370841
0.03215492829085595
0.2374470935720592
0.8456373976973233
0.10253849354972944
0.05182410875294765
0.8374531835206019
0.06308418824295721
0.09946262823644363
0.9571761712953151
0.011982999687048874
0.030840829017636323
0.9251705388797883
0.00926716347891623
0.0655622976412954
0.33978566395965454
0.48635369154893043
0.17386064449141542
0.8959235087876682
0.05928966037961527
0.04478683083271658
0.028999464954521062
0.8676297485286254
0.103370786516854
0.026330722959936492
0.929434797412327
0.0442344796277381
0.13119284654865174
0.013455402968511571
0.8553517504828362
0.17025696356375752
0.01614083389141057
0.8136022025448325
0.9195418909642685
0.039006707853125724
0.04145140118260534
0.044059402133370264
0.007506017888317201
0.9484345799783127
0.029634271901159477
0.008027813838279834
0.9623379142605614
0.15305033737297924
0.018005489209215388
0.828944173417806
0.30694508576608
0.024216304961264153
0.6688386092726559
0.05743475106378806
0.013147832225425008
0.9294174167107873
0.3167994552264214
0.02300306435137895
0.6601974804221994
0.7736700092626163
0.05201159840521932
0.17431839233216548
0.6665724448213324
0.15501849103714693
0.17840906414152122
0.47426305353602144
0.4952368363075567
0.030500110156422136
0.029315723034229486
0.012404410920889262
0.958279866044882
0.9014268357582521
0.01649747467140601
0.08207568957034264
0.08945154173721201
0.023344107536811848
0.8872043507259753
0.03883210120366167
0.9532102093286011
0.00795768946773776
0.20416056016935347
0.02357107962872496
0.7722683602019212
0.5622388502594459
0.04372478727072961
0.3940363624698246
0.1712423690570275
0.021567077849935293
0.8071905530930374
0.032253986314575135
0.011014712621880883
0.956731301063544
0.5233034519125457
0.014237618139780169
0.4624589299476752
0.909023976439706
0.017446141041646615
0.07352988251864657
0.6217497911782933
0.1099614690270255
0.26828873979468104
0.492492023859065
0.4340407823553889
0.07346719378554578
0.8328781731169372
0.09975811485642941
0.06736371202663333
0.06971347165736085
0.01118234109203985
0.9191041872505992
0.18896191081902344
0.041569500388665095
0.7694685887923118
0.2784165142409195
0.5591411897918298
0.16244229596725016
0.043898957344576627
0.008528141394965516
0.9475729012604581
0.08699961087601542
0.8997397733352795
0.01326061578870567
0.05870066263324693
0.023840391817919936
0.9174589455488337
0.32718887867034546
0.618883868474016
0.05392725285563859
0.029839345554898485
0.7293514685590384
0.24080918588606356
0.0464383462978969
0.010317631806395855
0.943244021895707
0.49385296351588526
0.3500536916267254
0.1560933448573898
0.11765780579154099
0.011053256599981739
0.8712889376084761
0.11959482465100449
0.0375666780161163
0.8428384973328795
0.2342704806764472
0.04044616718185237
0.7252833521417006
0.1992198250589319
0.021682162472628067
0.7790980124684398
0.15056426177804064
0.7573304750640646
0.09210526315789476
0.7787361757399179
0.023531192070517886
0.1977326321895604
0.7112569465159702
0.018638206666445684
0.2701048468175842
0.668656211608
0.007585140088833177
0.3237586483031671
0.4060664909603735
0.04142969436352707
0.5525038146760993
0.2080403653437364
0.00816806434783962
0.7837915703084235
0.8711451111642357
0.028846920073312587
0.10000796876245117
0.814184733871393
0.015798913330168297
0.1700163527984386
0.4250049280504636
0.032397003745318384
0.5425980682042186
0.8699134319333122
0.09237423566505622
0.0377123324016314
0.22760342675104397
0.6310215678677514
0.14137500538120457
0.023985974978085817
0.857359152123674
0.11865487289823884
0.24517080921575296
0.01010101010101011
0.7447281806832364
0.3011411975239829
0.17205972951565113
0.5267990729603662
0.031135563852021222
0.007103600626402993
0.9617608355215761
0.5730710366195079
0.026117685119514233
0.4008112782609774
0.19867835362864478
0.7413377257485739
0.05998392062278173
0.04104024898454399
0.021082801427792737
0.9378769495876633
0.5885304659498204
0.049567073416294155
0.36190246063388504
0.05435836782968653
0.010076877587226495
0.9355647545830874
0.3771171861944227
0.2588791569593125
0.364003656846265
0.7594145646472172
0.01773359669289469
0.22285183865988853
0.04321700677890945
0.011936014561237664
0.9448469786598517
0.08460711239663275
0.009619164163607379
0.90577372343976
0.0629403923062274
0.010045705579889548
0.927013902113883
0.20741085477472704
0.051149081399729616
0.7414400638255431
0.680382629820832
0.219328879441239
0.10028849073792885
0.8558666421072024
0.05985346186119808
0.08427989603159988
0.6464200593414073
0.2784668515005592
0.07511308915803303
0.053882725832012736
0.9254497646563049
0.020667509511684112
0.7606638636165685
0.1854051357578925
0.05393100062553942
0.01631846447864341
0.006041026915407878
0.9776405086059491
0.536236920344415
0.4179698057840069
0.04579327387157794
0.029383160552072348
0.0135259102916934
0.9570909291562352
0.2189979916408837
0.022341638169679198
0.7586603701894367
0.19490459060561652
0.02692780269722137
0.7781676066971621
0.08844103600657897
0.027108970929195633
0.8844499930642253
0.7393153418040532
0.014071196051664393
0.24661346214428234
0.020239358781978484
0.007466237236028257
0.9722944039819936
0.0330221026533734
0.009148524103422028
0.9578293732432044
0.8675906613738819
0.03587207607257388
0.09653726255354461
0.07814843848290418
0.01048108469064833
0.9113704768264459
0.22548285231695697
0.021120658001028074
0.7533964896820141
