0.89224378617637
0.048416751787538286
0.05933946203609124
0.6715804408834364
0.09082657819786556
0.2375929809186985
0.37959130034824873
0.023358959195742136
0.597049740456009
0.8884254943329577
0.06406293443239629
0.047511571234646596
0.584145337000948
0.3603120580602051
0.05554260493884705
0.08974571259609691
0.8182534989158287
0.09200078848807411
0.09123705662040087
0.8117151354923994
0.09704780788719977
0.3972527946205351
0.02178223512169889
0.5809649702577661
0.7702555350116145
0.05354066910033349
0.17620379588805135
0.5766286405855015
0.07274367843255193
0.3506276809819465
0.030239977805520846
0.946115335628443
0.023644686566034866
0.5005416782740585
0.12527470826755815
0.3741836134583838
0.21242412501614352
0.1423823668690001
0.6451935081148563
0.31431864016133704
0.31431864016133687
0.3713627196773266
0.014784582728919252
0.949491472639507
0.035723944631573766
0.14128238755183783
0.7822634955516963
0.07645411689646615
0.9673357219883809
0.012001252304588352
0.020663025707030352
0.07101499170604987
0.12955254399966618
0.7994324642942843
0.1454667514663275
0.28550691352790164
0.5690263350057712
0.33131152431142485
0.5105896390573728
0.15809883663120222
0.5232423434670627
0.008525379311896161
0.46823227722104144
0.20399440890274662
0.19102019604680695
0.6049853950504465
0.9239464183284408
0.02702702702702702
0.049026554644532164
0.0718709456316857
0.27206188343002613
0.6560671709382876
0.39957324812128897
0.05127247450382312
0.5491542773748878
0.14259284328324534
0.6863859934118496
0.17102116330490497
0.8328840157532553
0.010512222041288998
0.15660376220545583
0.09605181023720348
0.5972655708142596
0.3066826189485367
0.2718031032637775
0.5051802130453816
0.22301668369084107
0.9785693036453929
0.007620311677612765
0.013810384676994896
0.9397868049553441
0.021112431575914737
0.039100763468741036
0.19535647805512565
0.012138644060194194
0.79250487788468
0.33023006955591233
0.5810746770618366
0.08869525338225182
0.5213150228880568
0.020208073241781106
0.45847690387016243
0.9398679827011809
0.030443644339603122
0.029688372959215364
0.041783304738193215
0.7616885322738092
0.19652816298799866
0.016973333741542425
0.9474226698915187
0.035603996366939145
0.8673466677291671
0.05491805455946019
0.07773527771137123
0.19691547985400415
0.07450082301581631
0.7285836971301802
0.15949041799939856
0.7673583203477399
0.07315126165286094
0.3468974592570099
0.5950573366303695
0.0580452041126198
0.14223373233548806
0.58434443334217
0.27342183432234196
0.24774264727230494
0.7050489214063814
0.0472084313213134
0.12273943285179241
0.6253000076435068
0.2519605595047008
0.9641887857569321
0.017966672094664286
0.01784454214840144
0.5092924065738014
0.4137572513852951
0.07695034204090319
0.2777893911680167
0.03038933890776067
0.6918212699242227
0.16175921577128272
0.05742620759420499
0.7808145766345129
0.9839544831256004
0.007715765129653518
0.008329751744745307
0.9616872352182717
0.020108061644256152
0.01820470313747159
0.9654278305963693
0.01625972342264478
0.01831244598098532
0.16933940932966918
0.7183590171728069
0.11230157349752438
0.6161700859000877
0.018838392308122346
0.3649915217917904
0.9179909575182408
0.050972141396959096
0.03103690108479937
0.0908502222688929
0.8016906437047152
0.10745913402639232
0.26040751529723655
0.03695226645705214
0.7026402182457112
0.055762598731783214
0.12177846998182963
0.8224589312863867
0.6537729477497394
0.27344917214138076
0.07277788010888024
0.9213849436370793
0.03893665924928796
0.039678397113632365
0.6321109439971686
0.09181928101683923
0.276069774985992
0.15067019357552514
0.043512024656005066
0.8058177817684697
0.474852862493312
0.24761590029270134
0.2775312372139868
0.9775192565896402
0.009778460886156479
0.012702282524203258
0.9281539405908887
0.012801693844689372
0.059044365564422156
0.828703703703704
0.0740220557636288
0.09727424053266744
0.1759777629879026
0.027182920304323458
0.7968393167077737
0.9820495761876603
0.007891040804257834
0.010059383008082007
0.868109778031698
0.0288128539890109
0.10307736797929141
0.8534416930293449
0.034598741863932296
0.11195956510672345
0.981978618499027
0.008426966292134845
0.009594415208837057
0.14005711003793847
0.03676559807799646
0.823177291884065
0.1922335574256031
0.10156237757196787
0.7062040650024292
0.39216727122592804
0.13264914919342968
0.47518357958064217
0.21596708777240864
0.021792707302400554
0.762240204925191
0.9502907358020356
0.01635115638525769
0.03335810781270486
0.8180081021172514
0.08408706803570366
0.0979048298470449
0.02098041165357462
0.9328825693546792
0.046137018991747054
0.3130439468649799
0.5689919974133059
0.11796405572171477
0.17041717244026688
0.018954838308070588
0.8106279892516621
0.3368041257328861
0.6051205626474758
0.05807531161963773
0.23053682896379518
0.1520349563046192
0.6174282147315856
0.9478060681029453
0.027471394701577175
0.02472253719547811
0.975119731142917
0.006277300074173781
0.018602968782908878
0.9398391870301974
0.027343443073780175
0.03281736989602162
