0.057488623092102724
0.1278442269743465
0.8146671499335507
0.045805419282235256
0.8948849149830317
0.059309665734732994
0.2526873875188482
0.45761791267409246
0.2896946998070593
0.03299087727242708
0.11885017783186645
0.8481589448957096
0.07671293236395692
0.5163031504736725
0.4069839171623707
0.7595033766846556
0.07817983426229039
0.16231678905305394
0.5164133068957921
0.3591099361092757
0.12447675699493259
0.0216100167677432
0.6564963252001944
0.32189365803206255
0.016706795077581573
0.23388175494917052
0.749411449973248
0.01808013955158793
0.04763224052126622
0.9342876199271465
0.013108614232209723
0.8407388491658154
0.14615253660197483
0.9256611054363852
0.04545832860439606
0.02888056595921765
0.6615339521250609
0.0753362644520436
0.2631297834228955
0.7261067550454019
0.2368172877428393
0.03707595721175862
0.5658759883478987
0.22684977111943402
0.20727424053266755
0.6323686301214391
0.0522528657360118
0.31537850414254875
0.012655883442400265
0.015423714861917067
0.9719204016956833
0.07541318764388548
0.06416864240799926
0.8604181699481149
0.11055236897933533
0.38582017233702615
0.5036274586836391
0.48306203783731877
0.45954576010755793
0.05739220205512344
0.006561294650343794
0.008797305606797493
0.984641399742858
0.010998307952622667
0.6877126941576832
0.30128899788969365
0.01073119517045743
0.010741290368171874
0.9785275144613713
0.011720643313505176
0.6639876624807226
0.3242916942057722
0.03645952763127713
0.09702158016764759
0.8665188922010757
0.02518983440275713
0.9148850719642844
0.059925093632958865
0.011732964126595323
0.4292797510221229
0.5589872848512818
0.7671029191039304
0.1609925795003436
0.07190450139572724
0.013531472755829404
0.35025478114406305
0.6362137461001073
0.16708453276379728
0.7089547156962892
0.12396075153991391
0.025337646124163
0.5574755041047169
0.4171868497711194
0.007697433422945239
0.011396796948599524
0.980905769628454
0.010156290720098894
0.017289521299171277
0.9725541879807291
0.015235809606923433
0.9114395840151267
0.07332460637794996
0.048048913217452416
0.9020775312910132
0.04987355549153289
0.3800891247052299
0.1543296573727286
0.4655812179220419
0.06368942375330328
0.30192589212722665
0.6343846841194701
0.010172566129498843
0.012041315787416008
0.9777861180830846
0.01625372130990106
0.9215883991164893
0.06215787957360989
0.7536994840365631
0.20211623582410096
0.044184280139336375
0.03578310752720051
0.08210054055122382
0.8821163519215746
0.02773738708966725
0.026569729015201514
0.9456928838951303
0.010541368743615923
0.012638747020769482
0.9768198842356135
0.5581643869076698
0.3139044943820224
0.12793111871030782
0.0068407960199005
0.02202121415394935
0.9711379898261496
0.7130697018337466
0.03842599348217329
0.2485043046840799
0.9279774084311546
0.01651290519438561
0.055509686374460056
0.09034267912772583
0.8708740242920651
0.03878329658020929
0.5695026738964353
0.05694374569102056
0.373553580412544
0.034322768181564135
0.13856746231389871
0.827109769504537
0.03470908888641665
0.03174250009270579
0.933548411020877
0.019881927251951995
0.03920523074969844
0.9409128419983492
0.30720209432087453
0.5381984254375913
0.15459948024153478
0.018676875145006794
0.3499303967385898
0.6313927281164033
0.012423231767207442
0.8253623892324792
0.16221437900031305
0.015430150514104532
0.761365708594594
0.22320414089130183
0.15528949468901584
0.45115736476944795
0.3935531405415361
0.029997145600332127
0.7448858672617663
0.22511698713790212
0.03588575954066227
0.9191044234354637
0.04500981702387434
0.026626872659176043
0.022267088014981277
0.9511060393258427
0.7346909041044235
0.06117638992449371
0.20413270597108302
0.016209495216000257
0.044948874635450664
0.9388416301485492
0.027701222528443276
0.888258780298212
0.08403999717334466
0.6401568352059925
0.16464770599250936
0.19519545880149813
0.1422748378407117
0.7113860040879496
0.14633915807133838
0.0074842124873924646
0.014904182807511187
0.9776116047050928
0.02399778055208764
0.9428690327566728
0.033133186691239096
0.22000724900326218
0.6240787725021145
0.1559139784946238
0.48158755803611486
0.3512602710663958
0.16715217089748918
0.009724140505431344
0.8722858884865679
0.11798997100800086
0.054269662921348306
0.8451310861423224
0.1005992509363296
0.02582025923816427
0.8783548214501483
0.09582491931169
0.0072409488139825095
0.008992996043081722
0.9837660551429378
0.013432728320368768
0.794646715643907
0.1919205560357246
0.005968509009606463
0.006442200200845073
0.9875892907895473
0.037081746989816505
0.03311975732813325
0.9297984956820509
0.0076017266552402775
0.014576588586301042
0.9778216847584578
0.03996441230071604
0.7035315051587812
0.2565040825405025
0.009243320501184094
0.011016869581546723
0.9797398099172698
0.04408949098758935
0.09346514412991908
0.8624453648824916
