0.6740568192198779
0.28744861605919436
0.038494564720927986
0.0045787452333085135
0.9912643255875653
0.004156929179125557
0.014051491579581476
0.9737565804981544
0.012191927922265013
0.008581361064626645
0.9831410869391977
0.008277551996174979
0.012045625648091581
0.9802175220291957
0.007736852322712917
0.018624944289366837
0.25516642818606167
0.726208627524571
0.059925093632958795
0.9002165823072592
0.0398583240597815
0.011310648014767858
0.9795874814601401
0.009101870525091493
0.026698470487309937
0.47679576507019844
0.4965057644424918
0.7921613563781792
0.19280432037856368
0.015034323243254714
0.03250678031770633
0.28080847216841004
0.6866847475138836
0.009743255712967514
0.9798892688487225
0.010367475438310837
0.022596754057428156
0.9641430354913493
0.013260210451221653
0.4100859840692095
0.21730759086353327
0.3726064250672574
0.07257986340603652
0.787248292575457
0.14017184401850635
0.031009966355614794
0.9395750015869985
0.029415032057385892
0.5452853051332894
0.4340934126459571
0.020621282220753417
0.03273785466009207
0.3572063697356721
0.6100557756042365
0.010420500386078108
0.965238538532037
0.02434096108188465
0.009428168599873728
0.9808236240496145
0.009748207350511637
0.05654470373571482
0.9146451550945918
0.02881014116969166
0.07032875572201415
0.3872011837055531
0.5424700605724329
0.005657580592235526
0.9846453262726769
0.00969709313509171
0.03429115245287655
0.9329526616319757
0.03275618591514704
0.019712201852946983
0.9523334318943418
0.02795436625271044
0.0421515516318887
0.9411115569823435
0.016736891385767793
0.7985109705984934
0.18417261823530312
0.017316411166204186
0.0061475835427527185
0.9874279147368934
0.006424501720354191
0.5083531477768968
0.4429577136463236
0.04868913857677891
0.34610486891385783
0.3841573033707865
0.26973782771535587
0.8178267780498572
0.17326881544055336
0.008904406509589834
0.03769278301113505
0.931007957225184
0.03129925976367921
0.03105467424368636
0.3129161036348717
0.656029222121442
0.5177244660390729
0.4422714849681144
0.040004048992813054
0.03615350215216058
0.9460422606070771
0.01780423724076251
0.06348188924917679
0.6843500992886405
0.25216801146218254
0.06787811531881442
0.9133105223409018
0.01881136234028453
0.49869756230317663
0.4741909982763759
0.027111439420447653
0.02614141230344663
0.9536763256455735
0.020182262050978787
0.05595047007567068
0.7434648016509977
0.20058472827333193
0.08225974076906493
0.3748651881483226
0.5428750710826127
0.014755365317163031
0.9160097497176138
0.06923488496522187
0.008198543030003683
0.9830184796476914
0.008782977322303142
0.054431960049937604
0.925915186661834
0.019652853288228418
0.1941763845107558
0.758565562410154
0.04725805307908999
0.11782330909892016
0.8234706616729082
0.058706029228170524
0.08103964004725643
0.7298092149913274
0.18915114496141588
0.020830261385866074
0.6145172864627875
0.3646524521513463
0.7807234421026007
0.18748623044723506
0.03179032745016438
0.3525816609834721
0.62654890342296
0.020869435593567773
0.4762437757400951
0.5004663710591646
0.023289853200740437
0.225613505506177
0.7321631542661219
0.04222334022770053
0.020532962115939128
0.9629942660170319
0.016472771867024578
0.07265760895115402
0.7957626189021042
0.1315797721467412
0.020781166399143944
0.6417977528089888
0.33742108079186717
0.020152745011795786
0.9625068308742187
0.01734042411398566
0.01355507602252152
0.9701490686310964
0.01629585534637993
0.00981167906314291
0.9791194105959098
0.011068910340947072
0.03656648270933429
0.9359193234605173
0.02751419383015055
0.02606849741072761
0.9562325071999385
0.01769899538933739
0.021159681784630555
0.3382268514721561
0.6406134667432127
0.026277359722365393
0.9596648111878494
0.014057829089784559
0.05992509363295886
0.9025265028883391
0.037548403478702544
0.03833341963099123
0.9187133594527587
0.042953220916250964
0.07169176181594861
0.8847745985534269
0.04353363963062361
0.024140710188214183
0.9521262978239236
0.023732991987863345
