0.6922992784698874
0.28837442622703485
0.019326295303076606
0.008180394128681651
0.9684452094090651
0.023374396462253498
0.05211112009268987
0.5637108290895372
0.38417805081777273
0.4651866884456101
0.32929102938507476
0.2055222821693145
0.007414559925093636
0.1355512640449437
0.8570341760299632
0.23653125900316915
0.4364736387208299
0.32699510227600115
0.017764679396655755
0.10802071181514909
0.8742146087881949
0.09463171036204718
0.054681647940074775
0.8506866416978769
0.011409886248999928
0.0605860321656753
0.9280040815853248
0.39851082561141205
0.5713326469403285
0.03015652744825938
0.01934815523149252
0.4762610566579009
0.5043907881106067
0.009478892125583758
0.04374161927220604
0.9467794886022092
0.025242836698029892
0.9544319600499371
0.020325203252032496
0.07281339502092969
0.41988874201365944
0.5072978629654108
0.014007188594901547
0.9549655672345058
0.031027244170593226
0.022497216317440994
0.1973124810203462
0.7801903026622129
0.018387509440360075
0.7938533623094586
0.18775912825018107
0.008664687275620522
0.02051192486076348
0.9708233878636156
0.049030816742230116
0.20742492936461
0.7435442538931594
0.04771259851565907
0.5707129891316837
0.3815744123526574
0.015091836311621512
0.15183050706911563
0.8330776566192627
0.006928362447703714
0.017220840361761542
0.9758507971905341
0.013913021094765526
0.4189994465680785
0.567087532337156
0.02168097331751454
0.05106194896131386
0.9272570777211707
0.28070101052929153
0.6844180623277507
0.03488092714295815
0.5401379995435813
0.37345119675674227
0.08641080369967641
0.012336023095070037
0.7635044479629663
0.2241595289419634
0.010302083026138567
0.9698998299369914
0.01979808703687319
0.04502184769038698
0.6732990012484393
0.2816791510611735
0.00963081861958267
0.05293606206527552
0.9374331193151423
0.014205216452407446
0.7222390930256096
0.2635556905219825
0.08445392915606066
0.8243814225353323
0.09116464830860739
0.0145532370251471
0.057784911717495835
0.9276618512573559
0.017936563670411985
0.39232209737827717
0.5897413389513109
0.0065695567836621185
0.8402322829362315
0.15319816028010588
0.03974984100063599
0.0656667373330507
0.8945834216663123
0.049185506069220765
0.3234511078019943
0.6273633861287852
0.5043695380774034
0.36433624635871803
0.13129421556387852
0.8331396099702941
0.03830556631796461
0.12855482371173946
0.018564923342225075
0.9360331959151785
0.045401880742596934
0.0089947806206098
0.9375855481852504
0.05341967119413986
0.011493070732522566
0.5960455608978477
0.39246136836962947
0.4534978130483747
0.32936975633604854
0.21713243061557666
0.11631686806586106
0.7662827126469273
0.11740041928721176
0.012113978406113208
0.8542344047962022
0.13365161679768436
0.020384966553002815
0.11435332699796885
0.8652617064490273
0.7540021875310726
0.22394573155237377
0.022052080916553408
0.03482698419803934
0.13599534446483755
0.8291776713371234
0.015306387848522689
0.6209945900957142
0.36369902205576354
0.21163762687944424
0.6484285946914171
0.13993377842913743
0.6899694494509849
0.295253799644642
0.014776750904372958
0.023628021243542015
0.9540445825354971
0.02232739622096174
0.15673446166974825
0.803536718342577
0.039728819987673664
0.5351522654893439
0.39747093679677953
0.06737679771387636
0.7225304307116107
0.23366104868913867
0.04380852059925094
0.5983696849526333
0.22317691121392388
0.1784534038334435
0.01669239329432457
0.9708511325699098
0.012456474135764787
0.017020144937171723
0.9552556345987647
0.02772422046406489
0.018264067505978972
0.968390415594963
0.013345516899056912
0.6754372293145543
0.303663610902513
0.02089915978293211
0.6951648784883557
0.1749035510123624
0.12993157049928192
0.44789715980024974
0.5000292602996256
0.05207357990012484
0.02357939672183969
0.1400869880391447
0.8363336152390163
0.8396564196954291
0.1387141378899847
0.02162944241458567
0.010153091129456882
0.6756474830864612
0.3141994257840829
0.13067904250122125
0.7917277316397983
0.07759322585898062
0.110602725973976
0.858411521680373
0.030985752345650326
0.11131559688320636
0.3076434629127381
0.5810409402040551
0.0296871557611809
0.17333113020489094
0.7969817140339285
0.07141283479683992
0.8818808422245292
0.04670632297862953
0.1745318352059926
0.6277153558052441
0.19775280898876418
0.06934464966002797
0.9086737072221953
0.02198164311777665
0.04001345973782772
0.8413652855805244
0.11862125468164794
0.018456407103061512
0.9257364861087819
0.05580710678815663
0.017962983164248592
0.8304788916766667
0.15155812515908515
0.03127139462768322
0.1318513148886473
0.8368772904836698
0.8841691787704395
0.0807926829268293
0.035038138302731336
0.03328118333096287
0.6192338690560847
0.34748494761295223
0.1609635682669392
0.6569628872999665
0.18207354443309498
0.019877675840978583
0.2651444868226643
0.7149778373363567
0.10997616615594141
0.2977528089887639
0.592271024855295
0.018468293942916162
0.9202681600976832
0.06126354595940028
0.05732890704800818
0.8254596527068444
0.11721144024514812
0.05657633840052861
0.9115517367995877
0.03187192479988242
0.018427669638304233
0.6775861159466159
0.3039862144150797
0.2767907303370785
0.6169007490636705
0.10630852059925094
0.011130046311005861
0.2607954709569338
0.7280744827320604
0.019449657559287313
0.9447139015493105
0.035836440891402
0.008586258877647732
0.5965546179309065
0.39485912319144617
0.012714626197772232
0.5818181818181821
0.40546719198404624
0.008121532576258306
0.3271345310340681
0.6647439363896733
0.8170694166538404
0.10897337232568895
0.07395721102047095
0.02712486828789915
0.6423064484158034
0.3305686832962977
0.7877563118044898
0.0498477622396465
0.16239592595586455
0.07975781568376338
0.6457084085307876
0.27453377578544924
0.06566791510611737
0.1482521847690387
0.7860799001248439
0.01583694539129457
0.35048885522310563
0.6336741993855983
0.37010403662089075
0.6180108198085723
0.01188514357053682
0.015400525462574794
0.8910130992975203
0.09358637523990533
0.1751329321213328
0.8035387994502443
0.0213282684284229
0.05255527364987319
0.9150313260498099
0.03241340030031585
0.12807760790814768
0.8146988395652978
0.05722355252655475
0.05473579712106866
0.586962080531865
0.35830212234706643
0.284755373037877
0.668786002654382
0.046458624307741496
0.07419496578996929
0.8650639214947793
0.06074111271525118
0.05648427270789561
0.907422632278757
0.036093095013347135
0.015900199100566663
0.5110758392158503
0.47302396168358324
0.025071697254787237
0.9434221323129164
0.03150617043229585
0.009366974974798199
0.9573445766465781
0.033288448378622985
0.008219131120424423
0.9756425749277924
0.016138293951782245
0.3739986475239284
0.5455420307948396
0.08045932168123175
0.023096129837702872
0.4066791510611737
0.5702247191011233
0.021279851798155513
0.25266803592283843
0.7260521122790058
0.1519465799329786
0.8386654839345556
0.009387936132465993
0.23733088741114422
0.10229559988789524
0.6603735127009607
0.017870873328868705
0.700275318104025
0.2818538085671058
0.016918138041733557
0.9591546281433909
0.023927233814874268
0.7022881981464778
0.2739198525305307
0.02379194932299174
0.07191011235955036
0.856500802568216
0.07158908507223094
0.5636655479352107
0.36500802568218266
0.07132642638260603
0.007086420220929574
0.9828965900550106
0.010016989724059094
0.010143849704863562
0.7848016455280632
0.20505450476707343
0.008126756632199332
0.9832986063780758
0.008574636989724693
0.7774278966578395
0.19387389966363713
0.028698203678522962
0.08199927082297566
0.8256935467833344
0.09230718239368932
0.05617977528089892
0.9190000594494963
0.024820165269603407
0.033758137898097215
0.9421360882789136
0.024105773822989725
0.009572847439812118
0.9794772520140227
0.01094990054616452
0.008721131439909548
0.980904259818963
0.010374608741126974
0.6982377796984537
0.06652741765101323
0.23523480265053276
0.7067428780226811
0.2756071461196153
0.017649975857703996
0.03973651356856562
0.2589197713384585
0.7013437150929769
0.30818342357027767
0.6598358269779363
0.031980749451786375
0.012216175093632958
0.9636733380149812
0.024110486891385768
0.26609882807780605
0.4873142442914102
0.24658692763078427
0.4782655332385825
0.41307554101525823
0.10865892574615858
0.019803785091644273
0.82052301879288
0.15967319611547512
0.013295880149812698
0.9694756554307119
0.017228464419475634
0.06008793356130918
0.8958638658199025
0.044048200618791694
