0.36309875813128256
0.22294500295683
0.41395623891188593
0.043125441024805936
0.9128263583564056
0.044048200618791736
0.059422366337380315
0.8742427670110352
0.06633486665158482
0.11436704119850162
0.8416479400749082
0.043985018726591656
0.95227602449936
0.017870692428629542
0.029853283072010905
0.043077087185322174
0.010382591381026884
0.9465403214336505
0.16059976399363818
0.04069827099687032
0.7987019650094915
0.004372604811203501
0.002256558489025832
0.9933708366997707
0.11615761987656285
0.4759191855251358
0.4079231945983019
0.11649773447526256
0.8472538697257795
0.03624839579895759
0.08578070515304141
0.8826423866718334
0.031576908175125935
0.28492727114362865
0.6823882937026389
0.03268443515373219
0.12610117634646834
0.8493696259956741
0.02452919765785727
0.23243223198724353
0.7170615937998293
0.05050617421292679
0.23542793730059638
0.7291857400471634
0.0353863226522402
0.15546403294813863
0.8248897063723721
0.019646260679488724
0.9531719609747084
0.02879502473759653
0.01803301428769592
0.004980057506991433
0.0021766344880970122
0.9928433080049117
0.07496376655617264
0.8398553532222657
0.08518088022156216
0.22611886656830435
0.3954022118816115
0.3784789215500812
0.673618760862647
0.26612159637054955
0.060259642766802936
0.14661240013450674
0.7827483447548153
0.07063925511067821
0.3537993238788595
0.049474673512042586
0.5967260026090971
0.045996426036082234
0.5887248782159556
0.36527869574796207
0.16567780373542984
0.00959815082631859
0.8247240454382513
0.9421264355228465
0.043439852231494186
0.014433712245657855
0.14472698600433662
0.7763059333727577
0.07896708062290561
0.024816236562152677
0.7990510614848643
0.17613270195298264
0.9065191353447781
0.07550523774216242
0.017975626913059192
0.06334753971328948
0.7838047268500582
0.1528477334366524
0.04020204102669828
0.8220916514906829
0.13770630748261922
0.05077628735006348
0.6882311207906412
0.26099259185929474
0.07176171295314816
0.8848667938661584
0.043371493180694005
0.3345477553602955
0.08161120125728404
0.58384104338242
0.12016229712858938
0.5347333690030318
0.34510433386837874
0.08849013360165464
0.3226144558108333
0.5888954105875117
0.9809498042461082
0.007771800829699419
0.011278394924191781
0.17184537846210762
0.5453021685855641
0.2828524529523282
0.6063560255562902
0.33302122347066165
0.060622750973048464
0.03440814528058414
0.8919050766373965
0.0736867780820194
0.19655018382984593
0.14521526990344646
0.6582345462667079
0.06736297937437363
0.8807828242865436
0.051854196339083225
0.5498789496554722
0.34335533621646974
0.10676571412805821
0.5982558034341133
0.23631692268722057
0.16542727387866626
0.6970098352668923
0.26910721354404554
0.03388295118906242
0.9398432371906268
0.03540677246225721
0.024749990347117584
0.8776652035079003
0.09366056557067787
0.028674230921421906
0.47985542762904415
0.4899277138145221
0.030216858556434075
0.06202718456234342
0.7890654066522818
0.14890740878537592
0.5165166764293448
0.2853364573903473
0.19814686618030788
0.15612627073301222
0.5359372213304799
0.30793650793650823
0.46896532006747244
0.3641249964262232
0.16690968350630414
0.30695326494056346
0.6414264777723493
0.051620257287086746
0.22191011235955055
0.47120786516853935
0.3068820224719101
0.2103502697100323
0.7548347584387437
0.03481497185122381
0.2213870592793491
0.6585302854190886
0.12008265530156273
0.19929715804427767
0.046140146957863414
0.7545626949978589
0.22170786516853927
0.6337078651685386
0.1445842696629213
0.3666476686750257
0.5899690604136125
0.04338327091136078
0.4725232249723433
0.5020192730616974
0.02545750196595892
0.14053289003718614
0.843330863159019
0.016136246803794725
0.9765027555859391
0.007087148668726829
0.016410095745337333
0.027767015368720123
0.9368978432132239
0.03533514141805499
0.12327707774189144
0.7702921954843892
0.10643072677371893
0.09986545943783863
0.8706956110686891
0.029438929493472994
0.08423576863761932
0.25708814208483727
0.6586760892775438
0.24268022635938663
0.36862680773121187
0.38869296590940183
0.30209164773541275
0.6711590020670882
0.026749350197499012
0.027444379057238125
0.8630153234157669
0.1095402975269947
0.13556187545650908
0.8401945700654256
0.024243554478064182
0.5268199233716472
0.06947135046708852
0.4037087261612639
0.06245100600992938
0.5954620677641324
0.3420869262259385
0.35898605004613765
0.15641317917820094
0.48460077077566144
0.08470840021401815
0.08736222578919205
0.82792937399679
0.1281707524685052
0.6302136533878105
0.24161559414368405
0.9731615101975607
0.007017294732295537
0.01982119507014336
0.9829897229576197
0.007379458422797106
0.009630818619582652
0.5223765199666637
0.173650229438403
0.30397325059493313
0.18973623396286501
0.20584641538502352
0.6044173506521116
0.054073917037665266
0.9220691117235533
0.023856971238781784
0.6073329390892968
0.1957421643997633
0.1969248965109402
0.961200718974432
0.01575725902875105
0.02304202199681688
0.9499912022723278
0.02140361460925522
0.028605183118417418
0.9557531241288196
0.013635867786625955
0.030611008084554518
0.15788169200264374
0.1283460013218772
0.7137723066754792
0.28120731438642865
0.09870015421899102
0.6200925313945804
0.08076522604006381
0.8039069420485802
0.1153278319113553
0.2922717035599191
0.5208854380529325
0.18684285838714906
0.8143347929059267
0.12382270323859879
0.06184250385547476
0.2205072379249122
0.7434780918315769
0.03601467024351048
0.3787172907479843
0.5440344801813695
0.07724822907064618
0.783748009079034
0.16283672061140245
0.0534152703095638
0.9756508068617932
0.009127479539464559
0.015221713598742309
0.9193993316214989
0.01308135572891963
0.067519312649581
0.9587648690970019
0.015521551605725102
0.025713579297272002
0.1233983835994481
0.6242506464442666
0.25235096995628525
0.8151538971347537
0.13626485411753836
0.048581248747707334
0.12441230376922456
0.18276356681807296
0.6928241294127022
0.9679299181108363
0.01135021900590362
0.02071986288326032
0.04883680345804307
0.5921898701891452
0.35897332635281165
0.18034484544089513
0.7281623776730695
0.09149277688603541
0.10601178673716678
0.46715961665565126
0.42682859660718253
0.094209161624892
0.8332114442745389
0.07257939410056952
0.9765373225328798
0.0085086229422524
0.014954054524867151
0.43754221157978745
0.06211242094922324
0.5003453674709897
0.19121787420896288
0.6234534418184167
0.18532868397262034
0.9696800161623702
0.00992276252195127
0.020397221315679
0.8421417672353999
0.0934110140102648
0.06444721875433485
0.2859453851699459
0.4313006629037649
0.2827539519262893
