0.6081486539615539
0.024106607072650905
0.3677447389657955
0.763826606875934
0.11054567440923062
0.12562771871483505
0.8715547872851238
0.012564422676782195
0.11588079003809346
0.2251188334767156
0.576057770014859
0.19882339650842476
0.11709475581558555
0.02810835567966078
0.8547968885047539
0.30283574103798827
0.6404332247028875
0.056731034259124125
0.2703145924191321
0.6921176445313334
0.03756776304953405
0.8239419475655428
0.025327715355805216
0.15073033707865163
0.22449509882981158
0.6107198537713028
0.1647850473988851
0.27464763248837515
0.012574861133727806
0.7127775063778968
0.2539408157385687
0.047948306375272545
0.6981108778861583
0.12376574736125298
0.747701736465781
0.12853251617296563
0.149896228440564
0.039266203869367175
0.8108375676900689
0.2515057192023483
0.013981678307521
0.7345126024901304
0.03820711124081912
0.8062162556544584
0.15557663310472294
0.86020127360693
0.08219831311656188
0.05760041327650781
0.9139754552092905
0.041822721598002564
0.044201823192707296
0.08606039325842695
0.03726591760299629
0.876673689138577
0.32179487179487204
0.5824114088159029
0.09579371938922501
0.25412050268175224
0.6910960602382905
0.05478343707995667
0.9185218787075164
0.03314955684276644
0.048328564449717344
0.9531446687491247
0.017825228837397195
0.029030102413476852
0.07021924348949779
0.01732483518409005
0.9124559213264134
0.11341954632181471
0.020652250724330464
0.8659282029538544
0.5174545968482792
0.3816220290674392
0.10092337408428158
0.15038020655998202
0.6029962546816472
0.24662353875837026
0.9395160810891134
0.01687176743356514
0.0436121514773199
0.8325916861349061
0.11324952719991083
0.05415878666518324
0.06020933654360621
0.022806313536650632
0.9169843499197428
0.9686606394962591
0.008617120630060758
0.022722239873679752
0.9654664895717413
0.01842744492706799
0.016106065501190595
0.02247191011235958
0.9455463279596148
0.03198176192802476
0.12864619551293763
0.018836389366711764
0.8525174151203507
0.8202834231505297
0.015685722001103637
0.1640308548483675
0.981426538802647
0.008862431330513156
0.00971102986684019
0.31277831844053217
0.3497891415258486
0.33743254003361944
0.11883267303154306
0.026314650040051096
0.8548526769284064
0.938553819220228
0.022027063871310277
0.03941911690846209
0.9220512820512816
0.007842120426390094
0.07010659752232792
0.8276099528497445
0.0712734785083374
0.10111656864191802
0.9260503809490472
0.047055666398310485
0.026893952652642102
0.6645424562580358
0.013494326122197977
0.3219632176197664
0.08208113352285538
0.015585939262668649
0.9023329272144756
0.9675376910501599
0.011642490766449578
0.020819818183390855
0.05453827653020426
0.027406795597043294
0.9180549278727527
0.19848173653900356
0.04526599814747706
0.7562522653135203
0.12154392996016125
0.023521553472172583
0.8549345165676658
0.15730337078651666
0.7086793681810766
0.13401726103240488
0.10642946317103623
0.013208935259497064
0.8803616015694671
0.8382382121685645
0.006579110548899968
0.15518267728253612
0.017810063704357473
0.011349106668024465
0.9708408296276175
0.8777569704535998
0.08231188287368059
0.03993114667271971
0.3235294117647062
0.6160842145847101
0.06038637365058381
0.021675491842093945
0.012871841232941593
0.9654526669249641
0.6629213483146056
0.10378839316351629
0.23329025852187665
0.38956623369724
0.4956703057348524
0.11476346056790705
0.030361532620307014
0.03177728869840526
0.9378611786812862
0.7633258426966298
0.06930337078651674
0.16737078651685394
0.5334737827715356
0.41160463483146065
0.054921582397003746
0.4232209737827717
0.17053682896379516
0.40624219725343325
0.7339415955619394
0.027794204612655252
0.23826419982540625
0.487343082453466
0.168633429318879
0.3440234882276551
0.46429208387474824
0.08276643990929705
0.4529414762159546
0.030659084680734427
0.011818306385311011
0.9575226089339542
0.8297284644194752
0.021756286784376692
0.1485152487961476
0.23256086142322097
0.6374063670411985
0.13003277153558052
0.9610129298176264
0.018077277774640993
0.02090979240773153
0.5171080791867309
0.020746388443017683
0.4621455323702512
0.3641601843849038
0.4321521175453762
0.20368769806972056
0.023711169861202915
0.8566864948226487
0.11960233531614886
0.6676241164709528
0.3086179869148527
0.023757896614194654
0.7938343876876591
0.05894942246561531
0.14721618984672522
0.029311187103077663
0.8185148998534474
0.15217391304347805
0.12265313519391079
0.7995408964600693
0.07780596834601916
0.016239883445082662
0.007063472085554964
0.9766966444693636
0.0789192081326913
0.11109489761175163
0.8099858942555581
0.7254523115946341
0.008550819412242627
0.2659968689931238
0.047339722405816305
0.8577054417272528
0.09495483586693096
0.014538644875723525
0.006407899216887981
0.9790534559073878
0.064083031803466
0.054963075816246626
0.8809538923802869
0.5967216304294954
0.013242375601926202
0.39003599396857846
0.5396008768736705
0.053405165788984015
0.40699395733734556
0.252759146124379
0.7147576935674511
0.032483160308169855
0.7485470747772182
0.052176159111455504
0.19927676611132644
0.968625527614295
0.012870816241602724
0.018503656144105533
0.4993151764178273
0.2917590875483316
0.20892573603384126
0.4204815922542866
0.012448468191738704
0.5670699395539743
0.13985359210078316
0.09926309645410764
0.7608833114451095
0.013863267930012841
0.014824752641287926
0.9713119794286993
0.9691562018065659
0.012946619493798883
0.017897178699635884
0.19054307116104852
0.6710362047440701
0.13842072409488143
0.23256086142322097
0.6384597378277154
0.12897940074906367
0.041319318593693435
0.025713825460110414
0.9329668559461963
0.678553981436247
0.10812571242468627
0.21332030613906516
0.03860254047519965
0.021084755167152174
0.9403127043576476
0.02867193035732362
0.816732462799879
0.1545956068427979
0.11370338571801866
0.7770726790846987
0.10922393519728238
0.0367940911849016
0.01092210156299043
0.9522838072521081
0.9304763025275997
0.011481067513775301
0.05804262995862505
0.8293858029575704
0.010180935802078392
0.16043326124035093
0.9573621208783126
0.01887346698979212
0.023764412131893894
0.30743680491129194
0.0857299934714635
0.606833201617245
0.02466715263638576
0.016849743190139873
0.9584831041734745
0.1652346331791142
0.6708526107072048
0.16391275611368133
0.02784954635582527
0.012467704139878622
0.9596827495042961
0.35638144626908685
0.4344569288389513
0.20916162489196188
0.029686575990538124
0.017898679282475835
0.9524147447269858
0.7862327263334621
0.029032674673898976
0.18473459899263833
0.7663166942960643
0.18296801129735377
0.050715294406581936
0.5544555586005294
0.05098428793276696
0.3945601534667034
0.8106911814776986
0.0201710671577883
0.16913775136451337
0.2613139825218478
0.1675509779442364
0.5711350395339164
0.04565543071161047
0.02500624219725342
0.9293383270911361
0.023673766001453427
0.8793113086254131
0.0970149253731343
0.1631341504937011
0.7456091817046869
0.0912566678016116
0.6576494571658852
0.018337837197174474
0.32401270563694107
0.21034446378646426
0.5524080814474863
0.23724745476604966
0.18944524918764433
0.6824048336791557
0.12814991713320034
0.4028128105174659
0.026370098601238175
0.5708170908812966
0.0548877222249481
0.010156518325891758
0.9349557594491602
0.5473601546454022
0.22351093391325377
0.22912891144134356
0.0722265271858453
0.02298850574712645
0.9047849670670285
0.5911626424416287
0.32296398119372066
0.08587337636465062
0.9295401673018854
0.0390123579006418
0.031447474797472334
0.09341712689646414
0.013940201866311154
0.8926426712372244
0.2620251875487966
0.6528621700216107
0.08511264242959127
0.19407696025129875
0.5094841126011842
0.29643892714751735
0.9448540003728373
0.010447912959479356
0.044698086667683386
0.38943139257746007
0.5754715696288729
0.03509703779366698
0.3730642040960249
0.032526136222851186
0.5944096596811236
0.659223439055611
0.17200018963637242
0.168776371308017
0.4394134197924233
0.010826019714163292
0.5497605604934125
0.9414490879206757
0.015897394443995315
0.04265351763532992
0.6443932716613071
0.10709228305607431
0.2485144452826201
0.6714905418859338
0.03816431991656
0.29034513819750624
0.8579266151685393
0.09126287453183521
0.050810510299625467
0.16000832292967138
0.6254681647940085
0.21452351227632097
0.9491425192193964
0.01753400354819632
0.03332347723240689
0.36007316435850545
0.5693972650465985
0.07052957059489584
0.8731305256184869
0.09176029962546828
0.035109174756044755
0.42925442874862996
0.4293266856943287
0.14141888555704082
0.703069969694939
0.16875525870991281
0.1281747715951482
0.8862925767569294
0.023057461359141777
0.09064996188392827
0.02196361690743707
0.889486356340288
0.08855002675227393
0.913723916532904
0.012325154781013503
0.07395092868608118
0.7060783185438685
0.04187488011952714
0.2520468013366043
0.2815095261358085
0.5074295717309885
0.21106090213320322
0.16926994665758704
0.8022571217795941
0.028472931562819204
0.9368357121166108
0.018473529709484734
0.04469075817390428
0.9239333186458085
0.015084086068884445
0.06098259528530498
0.6616104868913849
0.034831460674157336
0.3035580524344571
0.9148182926960896
0.030383490377661925
0.054798216926248554
0.8859935718649563
0.057286547843564344
0.05671988029147964
0.18890222173739138
0.11592305734336937
0.6951747209192393
0.9740671650784012
0.016282735383858986
0.009650099537739987
0.08155045918629111
0.011005079267354173
0.9074444615463542
0.09450283919294429
0.8844146429865888
0.02108251782046637
0.03375557623034903
0.013394880603067854
0.9528495431665832
0.16783844755459137
0.010863613465624098
0.8212979389797839
0.9387521550442905
0.03182034361809639
0.02942750133761362
0.10116019470775517
0.02776659468823572
0.8710732106040088
0.06607811663991439
0.8576049418746046
0.07631694148548084
0.025077060753703875
0.012647906930496177
0.9622750323157965
0.16787838730998003
0.6651244767569955
0.1669971359330248
0.03792986040177055
0.03787878787878791
0.9241913517194423
0.05795203548012538
0.010301808054617065
0.9317461564652582
0.08063135366506159
0.7609149277688602
0.15845371856607804
0.22383784974664017
0.07413527208636254
0.7020268781669988
0.6939103897905397
0.02369260646414203
0.2823970037453185
0.1844880600017242
0.09091257411611449
0.7245993658821613
