0.02613155124721542
0.05128393429781403
0.9225845144549703
0.4550928985826539
0.5328108771598528
0.012096224257493229
0.08963945670321738
0.27977076846712706
0.6305897748296558
0.1838528452337803
0.797521243606782
0.018625911159437847
0.12423682725360416
0.4311477091991172
0.4446154635472782
0.10496530072703238
0.42600242344128625
0.4690322758316813
0.061552158162952036
0.04159759317246881
0.8968502486645782
0.03501305186698453
0.031778458744751
0.9332084893882655
0.36848813460162244
0.5769566284821795
0.05455523691619784
0.324070264282323
0.6576884528142636
0.018241282903413005
0.035936329588014966
0.9387453183520599
0.025318352059925046
0.010669708221095118
0.9787172082413182
0.010613083537586653
0.3354635701655459
0.36069225735488625
0.30384417247956774
0.12279747168339812
0.7854286258399761
0.09177390247662576
0.007897572702130392
0.9835944505987244
0.008507976699146191
0.45218216812317946
0.5304307116104869
0.01738712026633376
0.01265098690944999
0.9783891518238856
0.008959861266664253
0.07235911882481191
0.9059245107880283
0.021716370387160153
0.029396707353218445
0.9586847376031759
0.011918555043605526
0.024125933953117
0.9581741097739508
0.017699956272932946
0.01433199376691544
0.9754777331255631
0.01019027310752071
0.12309727519499707
0.47823248462357837
0.3986702401814247
0.05617057302450558
0.9057872990457254
0.03804212792976836
0.3791531771726021
0.5575192026915509
0.0633276201358471
0.2821813923662416
0.4957202999972123
0.22209830763654584
0.05770661237912539
0.8269845619804513
0.1153088256404233
0.3750726030963969
0.6058002363355965
0.019127160568006576
0.6776036257199514
0.25971737009410506
0.06267900418594391
0.31360710144348014
0.6790622042731284
0.007330694283391314
0.7801224079656527
0.18507353612861985
0.034804055905727514
0.04672513017265006
0.9263116226667886
0.026963247160561477
0.045896349286575176
0.06770084107668187
0.8864028096367437
0.09315964933942467
0.38523274478330627
0.5216076058772692
0.10003624501631063
0.7976319922677326
0.10233176271596028
0.14696983923299223
0.8440476563070536
0.008982504459954284
0.14298198680221152
0.8234171571250223
0.03360085607276609
0.21242977528089899
0.19117509363295893
0.5963951310861426
0.019190181654039885
0.9736180751259634
0.007191743219997806
0.35481017731525627
0.6312865375844766
0.013903285100266711
0.6226785483662661
0.2917602996254683
0.08556115200826543
0.14319675256229114
0.5128170625042051
0.3439861849335037
0.1681213933227243
0.35403706739965607
0.47784153927761963
0.08046631851031291
0.9069051010180937
0.012628580471593591
0.10005350454788667
0.4730566383856915
0.42688985706642224
0.8712186689714777
0.11292374915970416
0.015857581868817795
0.7782567388248954
0.20294600303080254
0.018797258144300766
0.09286271338205136
0.8945341459422503
0.012603140675697816
0.24792574754827665
0.7447103577614791
0.007363894690244346
0.09111261299315715
0.8626763538058628
0.04621103320098
0.891930630617365
0.10328832079167105
0.004781048590965105
0.6940135971340172
0.2928065461651198
0.013179856700863036
0.6420690353274621
0.3529034652630158
0.005027499409521873
0.06363893872155608
0.3661442104931862
0.5702168507852576
0.8184572654967838
0.14153656244301357
0.04000617206020565
0.16473359913011976
0.48413525431919785
0.35113114655068267
0.09769586262785544
0.8679063451387528
0.03439779223339247
0.011749880318774468
0.9778378530596136
0.010412266621610208
0.05483501705953608
0.9148356838817939
0.030329299058669268
0.02466744156011884
0.038723147789401204
0.9366094106504798
0.07631809821551837
0.3104249889778087
0.6132569128066729
0.024555243445692876
0.6278089887640449
0.34763576779026234
0.2741284932296168
0.7048689138576781
0.02100259291270522
0.5632007222242559
0.39577157217972636
0.041027705596017906
0.0439487540942825
0.4907749077490773
0.4652763381566397
0.5157088671008372
0.45943366969631905
0.024857463202843672
0.047461681301734046
0.9067289837283221
0.04580933496994291
0.050033867240417446
0.9227627699418278
0.027203362817754404
0.6318209009571373
0.3499564346650023
0.01822266437786101
0.013515248796147676
0.968742643124665
0.017742108079186733
0.013357197308673883
0.974622429927193
0.012020372764133315
0.018884622070513137
0.52084419791716
0.46027118001232703
0.027038570208292267
0.9536598988106988
0.0193015309810106
0.019471231826358803
0.9708042112713469
0.009724556902297312
0.8348405955969671
0.13981651855041827
0.02534288585261456
0.2030105680001908
0.7834156349149555
0.013573797084854162
0.051327631505394364
0.881178377774051
0.06749399072055455
0.43391741533938555
0.3470635609454777
0.21901902371513682
0.018567812678042694
0.9645082051425735
0.016923982179382978
0.011224939413967804
0.976812073143863
0.011962987442167845
0.09309415861751749
0.27624679676719893
0.6306590446152831
0.03245050829320488
0.4663456393793469
0.5012038523274484
0.05019796682718035
0.7376136971642592
0.21218833600856082
0.012131845160326999
0.9763335697487809
0.011534585090895508
0.043600208259854605
0.2764649569204416
0.6799348348197041
0.04043858220702381
0.03628616403408782
0.9232752537588913
0.023995192576443655
0.37366538096036656
0.6023394264631894
0.02236413116697654
0.9593134481179101
0.01832242071511331
0.019584550149317755
0.9623158276823551
0.01809962216832485
0.014742528015279694
0.9735440261426215
0.011713445842099757
0.03922386620684533
0.8722790818407691
0.08849705195238616
0.08732505420855509
0.22186083185491798
0.6908141139365267
0.02045413712564093
0.4208576917229845
0.5586881711513743
0.01846683581007612
0.9731545245862013
0.008378639603721146
0.08011508792816925
0.32323833618572884
0.596646575886103
0.007197899177751962
0.9850876060097281
0.007714494812518852
0.05440499027783214
0.8404650980699209
0.10512991165224647
0.2537046083699721
0.5790587852141335
0.16723660641589302
0.13349016734685296
0.8593759837900026
0.007133848863144221
0.060234745937656785
0.9250936329588011
0.01467162110354181
0.027627931928590595
0.28669070823274595
0.685681359838664
0.009062903452595517
0.9862688703966456
0.0046682261507586505
0.029520683415393698
0.934456928838954
0.03602238774565504
0.01971757093516368
0.965723779128229
0.01455864993660644
0.005821738371077608
0.9872051127800089
0.006973148848912954
0.047983851354637896
0.42441266598569993
0.5276034826596617
0.48312779757011043
0.5099342285557686
0.006937973874120769
0.1192848561939086
0.851694815442961
0.02902032836313108
0.09879787362570976
0.28570134106560346
0.6155007853086866
0.00777451168923929
0.9826286823622055
0.009596805948554518
0.6331216414264772
0.339375551727389
0.027502806846133408
0.033320418442464216
0.9202505488828627
0.046429032674673895
0.018015674850880854
0.9656505756693027
0.016333749479816886
0.030188454907555957
0.9488139825218462
0.020997562570596227
0.3164268962861842
0.2427106304035841
0.44086247331023154
0.028367318629490917
0.9506750820733344
0.02095759929717482
0.03680026403776889
0.7962962962962964
0.16690343966593466
0.0077280920463253895
0.9826225863204135
0.00964932163326103
