0.038285476487723576
0.058064674059386395
0.9036498494528892
0.09178808388624018
0.04173195967948074
0.8664799564342798
0.014818433479889311
0.012873401002370265
0.9723081655177414
0.47624791045091913
0.04509194015954631
0.47866014938953433
0.7582937645934222
0.01963549746916766
0.22207073793741078
0.33211610486891363
0.48483146067415755
0.1830524344569289
0.13160529536099663
0.1467348982089221
0.7216598064300813
0.15505799789098568
0.503790771244682
0.3411512308643322
0.2797360442304263
0.06717317638665951
0.6530907793829138
0.13791149221368026
0.551288685196136
0.3107998225901836
0.3242601677480614
0.06718714283202337
0.608552689419915
0.7523942387451927
0.016388909835859562
0.23121685141894768
0.050561797752808856
0.8002881014116969
0.14915010083549426
0.5819882507272003
0.0481758208330957
0.3698359284397044
0.0144992027292617
0.020031890829532405
0.9654689064412064
0.13085205992509363
0.09406416321703132
0.7750837768578749
0.7054554968054636
0.13583663802599705
0.1587078651685393
0.06021948546849194
0.47593346744516934
0.4638470470863388
0.019612413943151923
0.043995835081666476
0.9363917509751802
0.044956430724221015
0.1400395969684358
0.8150039723073397
0.02546816479400748
0.04698074774952357
0.9275510874564681
0.5232051802716484
0.024118947700916014
0.4526758720274357
0.015368511493105355
0.022847047007073136
0.9617844414998217
0.024235693754899357
0.32392648723978745
0.6518378190053126
0.16054451166810702
0.08494990236563282
0.7545055859662599
0.03481876467974358
0.3187964197295754
0.6463848155906812
0.013932584269662917
0.010886392009987504
0.9751810237203485
0.0136008709558115
0.38927870065061204
0.5971204283935759
0.18169252719814508
0.2252987337257
0.5930087390761546
0.10429048631295819
0.054213121628851973
0.8414963920581905
0.13196321054378218
0.07846204902100215
0.7895747404352147
0.04117814688161537
0.04927943331704934
0.909542419801336
0.537247795094841
0.3831339857436267
0.07961821916153204
0.6247612669593466
0.038519731130788486
0.33671900190986503
0.06824261880441657
0.3066296998881267
0.6251276813074561
0.039787333043471644
0.0661800041190874
0.8940326628374411
0.10741380966100064
0.09647796024200518
0.7961082300969939
0.23934367754592495
0.2755484216158376
0.485107900838238
0.011015260387254195
0.012138206790904745
0.9768465328218405
0.07455858747993575
0.3749866238630286
0.550454788657036
0.08443133133942284
0.08439091423490425
0.8311777544256735
0.016840556447297997
0.3970304975922956
0.5861289459604067
0.3317133859492243
0.5327164573694645
0.135570156681311
0.557194861563233
0.18404564387972977
0.2587594945570373
0.8736490101658636
0.051391118245050875
0.07495987158908515
0.3077692394044227
0.06991601098082445
0.6223147496147526
0.7871449507990786
0.037778863377300055
0.17507618582362106
0.021022901700742874
0.4794130287959724
0.499564069503285
0.8415246248312073
0.024319090932253033
0.13415628423654108
0.012963634166968697
0.5766461278240911
0.4103902380089408
0.08497611518535934
0.4203727376707262
0.49465114714391456
0.031536377400589656
0.04430631922862369
0.924157303370786
0.012200318464195226
0.013209535984211377
0.9745901455515924
0.27094997232840407
0.5651955673964245
0.16385446027517164
0.04882483851707105
0.23913043478260862
0.7120447267003204
0.0403411398402599
0.08135914444294026
0.8782997157167998
0.6441089859050235
0.2902192869600022
0.06567172713497445
0.23258141064127866
0.35322259389503596
0.4141959954636858
0.07655170920742133
0.41523240458097904
0.5082158862115993
0.016696754955586045
0.37087633264175185
0.6124269124026619
0.16463630987581315
0.7136342729482876
0.12172941717589864
0.7991393736552721
0.048928201450314755
0.15193242489441403
0.0485488240563849
0.011192781357596968
0.9402583945860186
0.03613903673040276
0.024705959655693513
0.9391550036139021
0.016792116650303626
0.008116068506599752
0.9750918148430963
0.341165315507514
0.053572275162376316
0.6052624093301104
0.05240586671241103
0.6895817251336593
0.25801240815392973
0.09751546830198489
0.1781152680029083
0.7243692636951057
0.0901351284462703
0.5944414195911502
0.3154234519625798
0.047099662007855925
0.06293961816022636
0.8899607198319175
0.017068273092369465
0.4976196922521546
0.48531203465547584
0.05889106008793356
0.03606090213320307
0.9050480377788632
0.2332342121193977
0.49544641134638556
0.2713193765342167
0.05708732878228456
0.012426842333607815
0.9304858288841072
0.012532796571131
0.008467023172905515
0.9790001802559628
0.09895963379109447
0.8147593286170062
0.08628103759189894
0.016132661028837682
0.01562975609110525
0.9682375828800597
0.31376062314133957
0.5696616770565033
0.11657769980215762
0.01815665201107312
0.017293600390815834
0.9645497475981125
0.17607692578634074
0.09987906965822498
0.7240440045554342
0.04399620955733043
0.01557917061504445
0.9404246198276263
0.009654794714154495
0.0089304642781429
0.9814147410077024
0.28102892218060754
0.6154546400332919
0.10351643778610062
0.24063670411985014
0.04398668331252607
0.7153766125676233
0.1673909355465946
0.04065040650406504
0.7919586579493403
0.010229859734155808
0.008210325328633306
0.9815598149372093
0.01948222616466259
0.36408436822392953
0.616433405611407
0.05032049321288498
0.021724205904144304
0.9279553008829712
0.013147282710770824
0.010208478340127938
0.9766442389491008
0.03071161048689137
0.489664945844721
0.47962344366838755
0.03880653384949476
0.01589399804865763
0.9452994681018461
0.02205231013100838
0.44247595070477247
0.5354717391642189
0.027251846793717803
0.4466654251246714
0.5260827280816105
0.03827332622542989
0.5274816151343666
0.4342450586402034
0.023600369667785347
0.02724840702368788
0.9491512233085264
0.39824772605671477
0.0631487426431247
0.5386035313001605
0.79559868801273
0.07853910067325663
0.1258622113140138
0.8876404494382045
0.036485849641590365
0.07587370092020734
0.07788341496206644
0.07721117833477362
0.8449054067031565
0.007763851416732115
0.009915417278553775
0.9823207313047143
0.011354511896101106
0.00815886616549458
0.9804866219384055
0.013666691470099471
0.014150358409603882
0.972182950120294
0.701999703014404
0.022999884505601496
0.2750004124799949
0.5286879993164435
0.04208854900955554
0.4292234516740004
0.8109505974674512
0.06336467171138124
0.12568473082116746
0.787241754258789
0.026437850302829743
0.18632039543838078
0.06179775280898879
0.05483486550902284
0.8833673816819888
0.010155091370685994
0.007984985211438738
0.9818599234178752
0.014203399596657987
0.013900893114376225
0.9718957072889619
0.1290994951962221
0.0281061716332845
0.8427943331704966
0.4698926342072407
0.08566292134831462
0.44444444444444436
0.02744703449046907
0.38625225930273716
0.5863007062067938
0.8572260312660203
0.015363626093832822
0.12741034264014525
0.22846441947565574
0.23933792436873286
0.5321976561556121
0.01622971285892636
0.18904494382022471
0.7947253433208492
0.20548782107471994
0.7223151911174863
0.07219698780779335
0.026718274397805487
0.03653877469216998
0.936742950910025
0.025070170407640122
0.025730597773664567
0.9491992318186986
0.02787332161328945
0.5087518153328748
0.46337486305383574
0.8631173339312558
0.01540480164760789
0.12147786442113656
0.4273984442523768
0.10742066921842226
0.465180886529201
0.03426031993630518
0.2569239643504189
0.7088157157132761
0.19510925244789293
0.23822240137048412
0.566668346181623
0.027932960893854844
0.029983470382692105
0.9420835687234539
0.27825512227362864
0.4822648160387747
0.23948006168759664
0.8515532714152156
0.0870828504727835
0.061363878112001266
0.031929392992487204
0.025918046229195753
0.9421525607783153
0.028987928657950798
0.28616181446054867
0.6848502568815003
0.17841334695267264
0.17177391896493005
0.649812734082397
0.012709442144687551
0.3042381233983835
0.6830524344569285
0.054793892954907296
0.4785417310930144
0.46666437595207855
0.31766306268108263
0.1279591548300474
0.55437778248887
0.024914509037616103
0.40116521015397427
0.5739202808084101
0.011725657697853482
0.008714893308304104
0.9795594489938421
0.783454549548535
0.04202412315267238
0.1745213272987923
0.030444898422426578
0.02281239359891051
0.9467427079786643
0.15258101286435422
0.18319491939423518
0.6642240677414091
0.13749898957238713
0.7663891358823053
0.09611187454530745
0.16422794488256154
0.40188894316886503
0.43388311194857393
0.7019847518392981
0.13661070929746366
0.16140453886323805
0.6697006316475113
0.2279244765553355
0.10237489179715292
0.04517519124260705
0.378783277659682
0.5760415310977108
0.7746642915867363
0.14284735543984659
0.08248835297341733
