0.23995690318608587
0.28690164691396036
0.4731414498999541
0.05007060846073554
0.02139743353594889
0.9285319580033156
0.09224356650960497
0.12223631750634287
0.7855201159840526
0.8383118662647303
0.025499484529355753
0.13618864920591423
0.3557108236553045
0.02955339439146438
0.6147357819532313
0.27281164031686056
0.01778750013810169
0.7094008595450378
0.9039153360930413
0.014685590380445491
0.08139907352651286
0.17319633353045547
0.13941454760496752
0.6873891188645768
0.02321848519914893
0.012306046013911186
0.9644754687869431
0.19611079371125076
0.09202479950908818
0.7118644067796607
0.07569100077417198
0.021446655367940992
0.9028623438578871
0.23705812939305335
0.05451233902826947
0.7084295315786775
0.08106305474321492
0.895875019239648
0.023061926017136095
0.11432920005371773
0.4260486145306415
0.45962218541564076
0.04876495473775187
0.021031403053874985
0.9302036422083727
0.3181162086434772
0.025990811234068257
0.6558929801224528
0.8265773977218747
0.021764829361528164
0.15165777291659766
0.921359170601968
0.01289692232535415
0.06574390707268085
0.02146141580450174
0.009381837060110488
0.9691567471353885
0.037137064907397876
0.43134384771329415
0.5315190873793079
0.6861378096656287
0.06538513604981726
0.24847705428455374
0.03759150493701055
0.02574906367041198
0.9366594313925775
0.29941619218751125
0.008962784958108722
0.6916210228543799
0.02873220069116503
0.02363892959887097
0.9476288697099652
0.027273802483737404
0.026256652868125358
0.9464695446481369
0.4384339163674274
0.07127688327734642
0.49028920035522616
0.06495475788008348
0.3397384906035595
0.5953067515163571
0.09388687868977334
0.747127531263886
0.15898559004634036
0.06021655809615396
0.013385505472245261
0.9263979364316005
0.5941201546846931
0.024466368259188208
0.3814134770561189
0.28531300160513634
0.4994649545211342
0.21522204387372934
0.03309692671394795
0.03168911201423747
0.9352139612718123
0.4084634466656934
0.09707670606547011
0.494459847268836
0.1164249815935206
0.549409392106021
0.33416562630045793
0.1787827441174373
0.005768777315325103
0.8154484785672407
0.06679420121399977
0.6530576004132761
0.2801481983727236
0.15612428908309064
0.5003930272344754
0.34348268368243456
0.05850344137890464
0.42073063121360066
0.5207659274074949
0.1452009141115977
0.14541992001523524
0.709379165873167
0.048689138576779055
0.9173977733312799
0.03391308809193988
0.03373405620596636
0.9351771823681934
0.03108876142584012
0.7509166173861619
0.02684801892371375
0.22223536369012423
0.1384519350811485
0.01707686820046366
0.844471196718388
0.8562413421579195
0.016640158705727427
0.12711849913635345
0.026928581835634513
0.009684690475578302
0.9633867276887869
0.28136603439249336
0.028915468567516426
0.6897184970399907
0.017618063627362367
0.012258383916655922
0.970123552455981
0.5095727115299423
0.08054448068946077
0.4098828077805968
0.17852962814339227
0.011913121990369185
0.8095572498662384
0.03023293076168161
0.021230146808467992
0.9485369224298504
0.26000803493902513
0.019011702499902822
0.7209802625610718
0.02038938395970553
0.037630763270050376
0.9419798527702433
0.13952219919275666
0.007205798577021444
0.8532720022302217
0.013732833957553054
0.010442149625107342
0.9758250164173391
0.18178715454602612
0.014801641832601293
0.8034112036213724
0.08540025902201687
0.01096293184920721
0.9036368091287756
0.478066800061567
0.06133315091295699
0.4606000490254762
0.07068219520120399
0.7756058351717885
0.1537119696270074
0.7085350628787194
0.08605097286927915
0.20541396425200203
0.04374974516690843
0.0238873259125937
0.9323629289204981
0.89574377674345
0.009743756979237711
0.09451246627731166
0.13678280300884385
0.1737324143140402
0.6894847826771153
0.026335574955097942
0.012913690600504017
0.9607507344443984
0.8612359550561799
0.023527408920667358
0.11523663602315284
0.05033128284837404
0.6036636502144892
0.3460050669371374
0.03350541552788742
0.8915629112258322
0.07493167324627997
0.03715114171801388
0.02666022310821158
0.9361886351737745
0.13218439356819014
0.45882965841570184
0.4089859480161078
0.751222262494463
0.007377874431154604
0.24139986307438277
0.05014031605791902
0.031328360916375864
0.9185313230257046
0.8000131031545847
0.011508937443356144
0.18847795940205936
0.021984714229164773
0.014311379068846879
0.9637039067019865
0.6325932363551087
0.008525255033418184
0.3588815086114732
0.11038474633980262
0.12465100442628546
0.7649642492339129
0.6790776235587866
0.012031529215931034
0.30889084722528204
0.16130864696763994
0.47844757035710483
0.3602437826752552
0.07196361690743712
0.03855671482075973
0.8894796682718035
0.22339909508019437
0.029541099103827285
0.7470598058159786
0.29706768977802156
0.08051781962442417
0.6224144905975544
0.02882840111832045
0.8491849976262077
0.1219866012554728
0.01880903587496768
0.013297057922879474
0.967893906202153
0.038116560940890304
0.012507428445070948
0.9493760106140389
0.20973782771535607
0.42492688933353867
0.36533528295110534
0.3602126130216007
0.06268679302387173
0.5771005939545272
0.035565422254440045
0.8067763078410053
0.15765826990455473
0.013765200906274559
0.08303971886993104
0.9031950802237945
0.06033236705717005
0.031535740239412906
0.9081318927034178
0.13264950343602042
0.043099279054335235
0.8242512175096444
0.23569756554307125
0.3747425093632959
0.38955992509363313
0.7043085312125561
0.0177077142237191
0.2779837545637219
0.03562276477711135
0.015882402635803
0.9484948325870858
0.020908843783979704
0.01104717892956386
0.968043977286456
0.01815065108559706
0.010632750917585955
0.9712165979968165
0.08098918904560773
0.8917576433713159
0.0272531675830743
0.6456531106028973
0.03732060587981832
0.3170262835172849
0.7505178582637628
0.024009792228987588
0.22547234950724995
0.6509831460674157
0.17860486891385768
0.1704119850187266
0.32928930860963657
0.03655706440568921
0.6341536269846747
0.05644209329777452
0.06443550620090635
0.8791224005013182
0.0548765453841006
0.6547614854472662
0.29036196916863316
0.054353354603042484
0.24441670134554028
0.7012299440514175
0.2766359124265401
0.014417953168295736
0.7089461344051645
0.2963483146067416
0.09478209056860744
0.6088695948246513
0.03703163253725052
0.023152877085461345
0.9398154903772877
0.13903352516671239
0.016181863263255433
0.8447846115700322
0.20773390738212746
0.10581399418950614
0.6864520984283663
0.4825662084830511
0.014848191030247728
0.5025856004867012
0.26076158118002357
0.014107034641711121
0.7251313841782654
0.06037815633683702
0.014963150900084573
0.9246586927630782
0.8799554190479896
0.011767297798167542
0.10827728315384323
0.6108042912461116
0.09726189720476532
0.291933811549123
0.4057403345419818
0.021031976961069624
0.5732276884969485
0.8078719782090569
0.02767449778685735
0.16445352400408592
0.8822221502660579
0.009433453140346918
0.10834439659359528
0.030568931692527116
0.02167528684382611
0.9477557814636453
0.03371772126946582
0.0362507392075695
0.9300315395229641
0.2500308680083965
0.14285714285714274
0.6071119891344613
0.04207184964982112
0.1618212660183738
0.7961068843318044
0.07144295437155179
0.12810599653658733
0.800451049091861
0.42532872869951555
0.017737568299366045
0.5569337030011187
0.09051013103426818
0.062269808169151425
0.8472200607965803
0.4024691358024695
0.18155083922874177
0.4159800249687888
0.05633369247344937
0.9010055923246618
0.042660715201888126
0.3805659592176447
0.025355210748469144
0.5940788300338863
0.3064610301761582
0.02906537930248784
0.664473590521354
0.0400642054574639
0.046056714820759785
0.9138790797217752
0.06103240514574175
0.47979156489171154
0.4591760299625472
0.07329556274995243
0.05142671237224656
0.8752777248778006
0.05747545298107097
0.013189594088470497
0.9293349529304581
0.32519695208575444
0.19914761720263455
0.4756554307116101
0.3352505796326022
0.04373996789727128
0.6210094524701267
0.0879024170606414
0.7891774625979819
0.12292012034137653
0.24468381465317132
0.018551191176318847
0.7367649941705097
0.031311724897192646
0.31883776403415015
0.6498505110686573
0.1187578027465666
0.14076154806491883
0.7404806491885144
0.27547462223944225
0.24658831632872696
0.4779370614318309
0.0764705038242427
0.560520613600815
0.3630088825749422
0.07962334817327396
0.8251183661932027
0.09525828563352415
0.04748097136643725
0.09598339319252716
0.8565356354410356
0.0998321064187007
0.08254767747212541
0.8176202161091739
0.01826404815592858
0.9010220928813243
0.08071385896274602
0.03838951310861423
0.924128043071161
0.03748244382022472
0.0557611432807966
0.007410745101046901
0.936828111618156
0.010200732230778935
0.005571687076547574
0.9842275806926739
0.010840108401084014
0.008304079830525422
0.9808558117683903
0.02521584861028975
0.04484920165582495
0.9299349497338848
0.04213154609369863
0.04050200407385503
0.9173664498324459
0.8177659604883204
0.01509563427395144
0.16713840523772774
0.9109823350732827
0.012105930578902338
0.0769117343478134
0.10964437871128674
0.032545271259648414
0.857810350029065
0.12616881958776024
0.8448877678412211
0.02894341257102083
0.4167868957577344
0.009166557367492946
0.5740465468747727
0.019838105593814197
0.011803793645040488
0.9683581007611454
0.6304920963599117
0.01145094311868471
0.35805696052140146
0.022363574457547906
0.008976382827251068
0.9686600427152002
0.9717899417172378
0.008281760099341081
0.019928298183420436
0.13115243114248773
0.03569652978025253
0.8331510390772591
0.9714177916425117
0.007849524703457284
0.020732683654031952
0.8322875626246415
0.0336835449195
0.13402889245585886
0.5553712455530861
0.017380780987553825
0.42724797345935983
0.8821779634662467
0.04732351708378973
0.07049851944996563
0.8736248678698663
0.01023763849195475
0.11613749363817877
0.8467116104868925
0.06948314606741554
0.08380524344569268
0.05587102143825596
0.08771293947082287
0.8564160390909216
0.9178565855181026
0.009226747815230966
0.07291666666666664
0.5244353148872283
0.007927865498523335
0.4676368196142484
0.04486910065659818
0.1455817385375514
0.809549160805851
0.8320630680181238
0.03205782981063882
0.135879102171237
0.863206705903335
0.03051988585696454
0.10627340823970033
0.3541661544513557
0.37485145755988813
0.27098238798875607
0.029571421798700984
0.014993125681505758
0.9554354525197938
0.7163252525982391
0.005750448595204538
0.27792429880655606
0.743927233814874
0.03597289102907072
0.22009987515605484
0.07635283481854578
0.10282836110034872
0.8208188040811051
0.09494636229599875
0.08622705780670094
0.8188265798972997
0.8924969307038397
0.006806844141918021
0.10069622515424193
0.9098825854185331
0.04986098665012295
0.040256427931343514
0.7043169722057939
0.13837965700768762
0.15730337078651674
0.2922250800956634
0.4986237083164116
0.20915121158792468
0.8658048798225517
0.08842405730700702
0.04577106287044111
0.7289142761492277
0.02661477622245944
0.24447094762831395
0.466261435500706
0.1472339902990115
0.38650457420028234
0.024344569288389448
0.0720665102687574
0.9035889204428521
0.1541432584269663
0.48490168539325845
0.3609550561797753
0.020483778654697662
0.00932815214226184
0.9701880692030405
0.38833037650305474
0.41435048294894467
0.19731914054799904
0.030274656679151083
0.02314294631710365
0.9465823970037455
0.9500026049354839
0.00845735720611986
0.04154003785839573
0.05419088208704636
0.7650135606354134
0.18079555727754093
0.033434484266929125
0.9431367724650781
0.02342874326799533
0.9559950331627238
0.014819750244808558
0.029185216592466957
0.07795810792065477
0.8288944375086698
0.09314745457067555
0.08708166239146413
0.040391632645688104
0.8725267049628478
0.9494427808759826
0.01150151552613022
0.03905570359788649
0.47629370039861724
0.27066247576381625
0.2530438238375664
0.042586626856289805
0.1694822031900684
0.7879311699536419
0.27513684817055606
0.40651109190435053
0.31835205992509374
0.0814409915533511
0.1199514120862435
0.7986075963604051
0.10681933050814506
0.4417855708046605
0.45139509868719496
0.07587411708518711
0.030804615036573446
0.8933212678782411
0.5277417651013157
0.06615528666090467
0.4061029482377795
0.10879137564530808
0.8715963154165399
0.019612308938151617
0.7188514357053684
0.062457642232923
0.2186909220617087
0.3127012287272485
0.48616860503318177
0.2011301662395688
0.7714018191546286
0.07676686609270883
0.15183131475266298
0.029930535548512997
0.02127148756362234
0.9487979768878639
0.05258426966292132
0.03331290432414028
0.9141028260129384
0.08747130602875447
0.04725947404454123
0.8652692199267042
0.055165418227215976
0.9202039117769452
0.02463066999583856
0.23077025604115847
0.05116824609807136
0.7180614978607704
0.06741573033707861
0.9074961445252253
0.025088125137695524
0.9093512788159183
0.026537683510585025
0.06411103767349638
