0.04948910948692777
0.01089657345793488
0.9396143170551376
0.7047963605702295
0.2838108124007295
0.011392827029040915
0.7696344036958879
0.182436928458716
0.04792866784539634
0.7662987637134997
0.027631389966082217
0.20606984632041792
0.8834805201984602
0.02128335890100476
0.09523612090053477
0.3937934724451576
0.04765868061748209
0.5585478469373598
0.8815766006777231
0.05792210286592295
0.06050129645635249
0.9481967765012859
0.015780835753061467
0.03602238774565501
0.7951292768097842
0.022155276918344825
0.18271544627187025
0.8545450262643391
0.018302593456292895
0.12715238027936787
0.420612847801634
0.03524060271195657
0.5441465494864094
0.2038029386343993
0.7712762892538179
0.024920772111783278
0.4236550338566871
0.5623062231812879
0.014038742962025936
0.10412612725712973
0.5334358588077751
0.36243801393509495
0.20196976002219433
0.4201692329033154
0.3778610070744905
0.3211610486891387
0.47986891385767777
0.19897003745318345
0.8534288280000879
0.04972950478568456
0.09684166721422777
0.8488936526710033
0.08956731716932782
0.061539030159668835
0.9725321027287329
0.01827849117174963
0.009189406099518455
0.5440041585029392
0.08333000119956809
0.3726658402974931
0.9644503776220327
0.011038182469932385
0.024511439908035768
0.9383865640390462
0.04131646465540127
0.020296971305553153
0.4902114714685249
0.03743682841862519
0.47235170011284977
0.7583859591568939
0.0835725416222422
0.15804149922086433
0.9556366762113675
0.007725067957154907
0.03663825583147741
0.22354868913857678
0.20950374531835206
0.5669475655430711
0.15267680105750167
0.8200044062568843
0.027318792685613574
0.958115971107544
0.021518860353130012
0.02036516853932585
0.2508580302496443
0.13042059794594732
0.6187213718044079
0.6336350395339155
0.32274760715771966
0.04361735330836452
0.12990248039007846
0.8517242597696272
0.018373259840294018
0.07970505617977526
0.9023374799357942
0.01795746388443017
0.7757470543794501
0.21198823359213
0.012264712028419425
0.836085418089267
0.1242266227988495
0.03968795911188359
0.4502407704654897
0.4998885321919029
0.04987069734260747
0.9739657675462688
0.00978418670472982
0.01625004574900261
0.06332084893882642
0.9217578027465663
0.014921348314606748
0.9153372054683334
0.032667968650924514
0.051994825880741606
0.8433931270122874
0.10798344175044357
0.04862343123726923
0.9598379932061673
0.025729466074383783
0.014432540719449535
0.7487953490972107
0.23892895075185874
0.012275700150930723
0.17870518994114495
0.4593365436062069
0.36195826645264867
0.9333030681345285
0.05536910031292056
0.011327831552550667
0.08107299289931169
0.9028121627626484
0.016114844338039933
0.8950482251168355
0.0594610718902257
0.045490702992940245
0.39624355693996377
0.5785960618533761
0.025160381206659924
0.968803009690802
0.020935153927545722
0.010261836381652959
0.21886704119850187
0.2148876404494382
0.5662453183520599
0.5255930087390763
0.3345817727840203
0.13982521847690377
0.7262596231999113
0.262145281627958
0.011595095172130724
0.32900684489216053
0.6591668050404978
0.011826350067341949
0.9385747654142003
0.01372276589746691
0.04770246868833314
0.2709886977561234
0.02511517682542839
0.7038961254184486
0.9367808311899285
0.031541897928793826
0.03167727088127792
0.2765712470719027
0.6207964426092825
0.10263231031881558
0.8362043090735876
0.04139425021858563
0.12240144070782598
0.1577021119038463
0.04334885575540073
0.7989490323407528
0.5615261889405613
0.4108535026081435
0.027620308451293898
0.8225591298548044
0.04974945701434848
0.1276914131308467
0.15097263172807054
0.6126561656085925
0.23637120266333753
0.8949357781300981
0.016693090691849925
0.08837113117805195
0.16099618467569746
0.8058384962721838
0.03316531905211941
0.7478845887085586
0.036713367549821956
0.215402043741619
0.375707690967686
0.05010016549081092
0.5741921435415028
0.1854969561663554
0.02564384096426689
0.7888592028693776
0.4438862479592818
0.02573105733218095
0.5303826947085375
0.13350115634145837
0.02655492110271992
0.8399439225558216
0.9471518810442179
0.02705573257308957
0.025792386382693253
0.6771625288748339
0.2923591020206778
0.03047836910448757
0.5999643303014084
0.29727592062716607
0.10275974907142471
0.8810121659438117
0.04990657840227936
0.06908125565390895
0.09324444030024685
0.0563973456415993
0.8503582140581524
0.12986644983244633
0.03423763059333727
0.8358959195742165
0.47381072167253646
0.4979410065775986
0.028248271749864926
0.9725409028188456
0.011216242854326819
0.0162428543268283
0.6656598606580484
0.05845515686037626
0.27588498248157545
0.11233360147390813
0.02141664720485077
0.86624975132124
0.3693400490765854
0.031193766412673796
0.5994661845107407
0.4622980672655419
0.5155210122684989
0.0221809204659589
0.380884188881545
0.6043670901569124
0.014748720961543131
0.8930810171496154
0.07962415401800381
0.027294828832380526
0.21414043703648625
0.7715355805243452
0.014323982439169571
0.9623684679864436
0.017299803816657706
0.020331728196896687
0.974622239442076
0.013923866718326221
0.01145389383959706
0.9357028204540244
0.02990139876175188
0.034395780784223784
0.2684144818976283
0.6101301943998576
0.12145532370251443
0.7236565578293589
0.2552569476242471
0.021086494546393816
0.8850240391000607
0.04309108295481703
0.07188487794512168
0.3602334098950896
0.457425455749374
0.18234113435553623
0.8089457144087133
0.10762409057643467
0.08343019501485217
0.9552960277485668
0.02703824652681684
0.017665725724617644
0.5066110543638634
0.43547837929860417
0.057910566337532686
0.6134624951892839
0.20735358996742792
0.17918391484328797
0.9066913111856935
0.02577135723203137
0.06753733158227543
0.18724700185374304
0.7863655279385611
0.02638747020769493
0.8877727928428707
0.05710617911356408
0.05512102804356765
0.915943532123307
0.016387208297320648
0.06766925957937198
0.15162839928350413
0.02008630516202573
0.828285295554471
0.9192804361343687
0.043353144476740026
0.03736641938889134
0.9702641151010803
0.012509579164373077
0.01722630573454653
0.9605050138939226
0.016346502355926044
0.023148483750151026
0.915175475100569
0.046969066444721846
0.03785545845470937
0.9485660974323636
0.01583309671574796
0.03560080585189097
0.9186903467439901
0.04649933550803436
0.03481031774797635
0.9573769967028387
0.018326450910720528
0.02429655238643996
0.8828223979285149
0.08329403060988576
0.03388357146159893
0.7336125046643721
0.044985281313487335
0.22140221402214044
0.9723237876644696
0.012312400473280123
0.015363811862250555
0.94684884634947
0.013285861808541797
0.03986529184198765
0.16830524344569286
0.8077013108614234
0.02399344569288391
0.06102426314932421
0.007079013551900726
0.9318967232987748
0.9457560072381457
0.03056572542748527
0.023678267334371332
0.9727990908591019
0.009989552211448576
0.01721135692944993
0.9386909369551112
0.023425832531882046
0.037883230513006974
0.7345505617977531
0.09803921568627451
0.16741022251597268
0.9318221409284894
0.024540545248671667
0.043637313822837635
0.7501484424956605
0.089248195852745
0.160603361651594
0.5861900669488938
0.06365980201801573
0.3501501310330929
0.49079275905118597
0.2475031210986267
0.2617041198501872
0.9271103428406806
0.021091424181311828
0.05179823297800824
0.938450430937232
0.02205676639140831
0.03949280267135956
0.5196629213483143
0.4538329104748097
0.026504168176875717
0.5482153332430846
0.042010739587563774
0.4097739271693515
0.8293992973898914
0.028409255872020485
0.14219144673808884
0.16975157864263873
0.10662396641878806
0.7236244549385729
0.5060715121722846
0.026334269662921347
0.467594218164794
0.9410997080421121
0.02550945176796725
0.03339084018992011
0.5382886776145205
0.03198886007874764
0.4297224623067317
0.9087912369811707
0.06460674157303374
0.026602021445795522
0.8956314430145021
0.05658447569222163
0.047784081293275334
0.9037637062199368
0.055250704061783326
0.040985589718278564
0.936560463803806
0.019342260530501254
0.04409727566569186
0.7916493272298523
0.07754196143709242
0.130808711333056
0.06156838835176964
0.01134628226344977
0.9270853293847803
0.8143356987975563
0.12426079243051455
0.061403508771929814
0.21074367940548241
0.45081681074012925
0.338439509854388
0.6860678809872749
0.12229278619117406
0.19163933282155093
0.94907291811162
0.026855319739214865
0.024071762149165416
0.9566512210141628
0.016334029901975647
0.02701474908386081
0.15280898876404497
0.01242624801190294
0.834764763224051
0.4252376836646497
0.2626044367617402
0.31215787957360963
0.15888197604234378
0.7667378586683999
0.07438016528925619
0.577191775586639
0.3809065199113355
0.04190170450202555
0.934293160165761
0.027726748408595688
0.03798009142564188
0.09997526676559955
0.006517010968993167
0.8935077222654069
0.39168833717678236
0.5743094058191451
0.0340022570040724
0.8619772621501228
0.08400372315670497
0.05401901469317204
0.6393008739076157
0.037652933832709075
0.3230461922596755
0.2086488356945123
0.006267640992237962
0.78508352331325
0.341742177117313
0.042527485804035293
0.6157303370786518
0.10239066838094185
0.28818454543760624
0.6094247861814522
0.48226735811005483
0.13640161336790538
0.38133102852203987
0.8249881822479179
0.03845314715828524
0.13655867059379664
0.8514304926774726
0.024676878327977218
0.12389262899455014
0.24648947124251772
0.6084954230172998
0.14501510574018134
0.9755202058695779
0.016063072144502068
0.008416721985920203
0.8077868280694976
0.021409484562634865
0.17080368736786755
