0.018806279384811546
0.9644433819427852
0.016750338672404136
0.023511073585763476
0.01770907752592499
0.9587798488883122
0.2042069506140578
0.4007272885637138
0.3950657608222282
0.8074316072300924
0.16931281550236116
0.02325557726754602
0.21429179434797407
0.7540432414027918
0.03166496424923392
0.057539807084719764
0.7858263762475671
0.156633816667713
0.007758159443552681
0.985538909696215
0.006702930860234211
0.006109430107734109
0.9884685309743583
0.005422038917904928
0.007772122008241239
0.9850109075555352
0.0072169704362240045
0.8393889277250172
0.1433450978386273
0.0172659744363552
0.07976371578282489
0.8817956177106409
0.038440666506534285
0.8373955632382587
0.1257562662057045
0.036848170556035634
0.019832722050804413
0.9463041664240948
0.03386311152510149
0.03749871930603464
0.932345206789386
0.03015607390457977
0.20144666495125388
0.7598993624381738
0.03865397261057267
0.05314785090065988
0.9137455731356214
0.03310657596371884
0.034588343517970896
0.9193113870819358
0.046100269400091945
0.03050775138671605
0.9371118380505391
0.032380410562746
0.4785814606741573
0.18761704119850187
0.33380149812734083
0.007750291127687011
0.9832011456267913
0.009048563245522907
0.05405033006400869
0.9094234213921558
0.03652624854383533
0.08981846570414949
0.8634292885871548
0.04675224570869525
0.009269139832193032
0.976398217312158
0.01433264285564837
0.017115702146510394
0.9614057696696338
0.02147852818385618
0.09102996254681646
0.2475468164794007
0.6614232209737827
0.010611735330836456
0.9789614833310227
0.010426781338142146
0.029399341049252355
0.9408633944411596
0.029737264509588603
0.12334581772784037
0.826966292134832
0.04968789013732832
0.3758835290473375
0.18808256596547557
0.4360339049871865
0.04406707524685049
0.49956588355464776
0.4563670411985022
0.050485362684399585
0.9178068231037723
0.03170781421182705
0.09655738545995599
0.8868936660224946
0.016548948517549407
0.8330658105939003
0.1288486794104771
0.03808550999562235
0.07572770878507142
0.8939483540311464
0.03032393718378343
0.2698836980090673
0.6121663709836389
0.11794993100729358
0.010826310861423221
0.9746605805243448
0.014513108614232216
0.009142418131182153
0.9807164121770853
0.010141169691731464
0.02189570728896574
0.9606561509651398
0.017448141745894565
0.008041046664642167
0.9849491345277862
0.007009818807571619
0.028239700374531822
0.028064918851435684
0.9436953807740329
0.01848524666362746
0.9639770096448668
0.017537743691507325
0.009844537903040228
0.981942962358504
0.008212499738455455
0.007406472246770176
0.985558781859754
0.007034745893475843
0.049181285086292346
0.9163267519164515
0.03449196299725563
0.8383787781197076
0.12376249433431151
0.03785872754598162
0.01595463297996148
0.9738321448471893
0.010213222172848913
0.17554891248324928
0.5254269319314157
0.2990241555853348
0.013200928416943621
0.9716463575460259
0.015152714037031187
0.569494824382907
0.22746173582234808
0.2030434397947447
0.9051896207584832
0.08199892350131205
0.012811455740204952
0.09443964275424954
0.5399884759435324
0.3655718813022181
0.9221139017404719
0.06486560916501431
0.013020489094514177
0.4965251388232717
0.48954118138432995
0.013933679792398434
0.8054812436834903
0.12362523036680348
0.07089352594970566
0.028233938346297886
0.9081676750216076
0.06359838663209451
0.12174947192786262
0.8049594405097885
0.07329108756234799
0.22086008560727668
0.6266920813269131
0.15244783306581053
0.6406902946879104
0.34846514204511236
0.010844563266977362
0.14684515585216845
0.6599711497519059
0.19318369439592606
0.12870539732311326
0.11084980983073467
0.7604447928461521
0.008750743813224106
0.9592652875494408
0.03198396863733418
0.18242217594605523
0.4136860492612342
0.40389177479271077
0.009138137445495204
0.03251891880018018
0.9583429437543252
0.025219567244001734
0.02765647743813682
0.9471239553178616
0.7062657443320407
0.17232462979993868
0.12140962586802068
0.7347745273698484
0.24916135010074966
0.016064122529401606
0.14113936526710041
0.752808988764045
0.10605164596885468
0.11011885432227068
0.15653482280097863
0.7333463228767507
0.5723825821171808
0.35483124542597605
0.07278617245684274
0.019272026471764698
0.971482855168902
0.009245118359332428
0.0179913996393397
0.9617977528089884
0.02021084755167149
0.4670486891385768
0.2531535580524345
0.2797977528089888
0.4232612460231164
0.340099069711248
0.23663968426563575
0.8145081805637655
0.165373426757223
0.020118392679007707
0.36389284137186606
0.3670003107469375
0.2691068478811965
0.1717393093797587
0.8037309132814748
0.024529777338766042
0.6663709836388721
0.3218650558981726
0.01176396046295515
0.12247191011235949
0.7985486891385775
0.07897940074906366
0.3578492184453975
0.09988303264452547
0.5422677489100777
0.017461450778500174
0.9624466072927248
0.020091941928776377
0.023579221625142473
0.9557618194648012
0.020658958910058055
0.1125084697805675
0.8294800485476657
0.05801148167176715
0.4667327605199381
0.48250086551474525
0.05076637396531634
0.06885701815819649
0.9114724480578134
0.019670533783989537
0.09675568724472997
0.8352353292066377
0.06800898354863207
0.31466995369711914
0.27266549724237105
0.41266454906050987
0.0562662057044078
0.8967444540478264
0.046989340247767096
0.04308473104271835
0.9328963795255923
0.024018889431688655
0.055982888772546875
0.9318817428035738
0.012135368423878745
0.8457702947303715
0.11436312512095453
0.03986658014867435
0.1465309452293544
0.20356979518176557
0.6498992595888806
0.06407010999096979
0.3110982812985744
0.6248316087104565
0.4662481297855484
0.49514477660105033
0.03860709361340101
0.6030640432491061
0.3580592133136743
0.038876743437219224
0.3012796504369541
0.5150749063670409
0.18364544319600498
0.12251950255550725
0.7537297990771206
0.12375069836737236
0.10241743275451147
0.8361184882533196
0.06146407899216889
0.7651869271937207
0.18664653679025256
0.04816653601602655
0.7508442315957518
0.213585477169931
0.03557029123431775
0.5381106064228224
0.07018487528886765
0.39170451828830966
0.5974569603122146
0.32168822585213847
0.0808548138356464
0.0431848852901484
0.9441007445147007
0.012714370195150806
0.5931290206179145
0.36719051351923065
0.039680465862854196
0.4307116104868911
0.25096903979196306
0.3183193497211457
0.10015078554404394
0.45670995670995673
0.44313925774599955
0.04884433132617375
0.24355950090011802
0.7075961677737086
0.08556350017024178
0.06542390194075585
0.8490125978890024
0.02848663746587951
0.15080460864597225
0.8207087538881481
0.34212851912637227
0.5779152463914472
0.0799562344821782
0.8557167177391904
0.09316990125978888
0.051113381001021446
0.7712523211531799
0.14443080603027728
0.08431687281654242
0.800862760834671
0.1526969636169073
0.046440275548421575
0.11025966495855032
0.08636171313055306
0.8033786219108963
0.019771140345924355
0.2452148382361245
0.7350140214179516
0.07811399117439823
0.09654392405532676
0.8253420847702745
0.2428464419475653
0.6098876404494382
0.14726591760299565
0.49104507216446736
0.49396198676887504
0.014992941066657302
0.375146524859193
0.44827315092775266
0.17658032421305453
0.7307334086360303
0.06373976973227909
0.20552682163169064
0.08027465667915112
0.09370429819868033
0.8260210451221681
0.0679749860186078
0.2139746131814871
0.7180504007999047
0.018458110158001438
0.10472124897641387
0.8768206408655854
0.08952963207755013
0.8041602408753771
0.10631012704707347
0.03498113795368813
0.8531469478703163
0.11187191417599614
0.03995619725956802
0.0920317661890696
0.8680120365513629
