0.20587667477508806
0.024170817406077384
0.02567666705278189
0.06675933433723294
0.024170817406077388
0.024595544229506862
0.02409359434727203
0.024634155758909544
0.024711378817714902
0.024518321170701508
0.02447970964129883
0.023746090582647914
0.4261554500173752
0.03131395034557311
0.025097494111741697
0.012773212588741685
0.01590362792777686
0.017776287103806847
0.029487394488233006
0.015316675051707772
0.017063558611437227
0.016253004639722755
0.0179579629940187
0.015358600257141277
0.015931578064732544
0.016993683269048047
0.015638101626697983
0.7549890994465869
0.02072502655263012
0.017832187377718165
0.03193643081283531
0.03459358234639133
0.03684583459864357
0.04104666464217028
0.029734790970746033
0.029810709585990483
0.02849478692175319
0.02895029861321996
0.028950298613219964
0.030139690252049812
0.02803927523028644
0.027938050409960523
0.5631642878833891
0.036111954651280476
0.02424334446806355
0.011765839324638405
0.012500451605910606
0.014282789599816938
0.6752050290834207
0.013439791899996388
0.013776990979924608
0.013813119452774062
0.014415260666931606
0.013210978238616519
0.012837650685838826
0.01315076411720076
0.014547731734046257
0.12948444669243836
0.0321422980117297
0.015426857906716274
0.018512165137090076
0.017440032021042395
0.015510192412156546
0.18277725362380992
0.01998456128312891
0.01879806730136947
0.017940360808531324
0.01881236240958344
0.01932698630528634
0.01902678903279299
0.019284100980644443
0.01865511621922978
0.5682162563970609
0.026831918117620174
0.018883837950653282
0.013020913940219368
0.011648662312605116
0.011380402595928651
0.16989094210748956
0.011617709268373232
0.011380402595928667
0.011927239710692232
0.012525665232508965
0.011566120861320056
0.011431991002981813
0.011545485498498794
0.011514532454266896
0.6743327039547671
0.015043179496703512
0.011174048967715988
0.012994427697085928
0.009671599524983983
0.010139764318991476
0.7726203526080204
0.009785786060107767
0.009603087603909719
0.009808623367132523
0.009568831643372586
0.00966018087147161
0.00983146067415727
0.01019685758655336
0.009363295880149782
0.09173746231844347
0.012332145793368018
0.012686124052251732
0.029792305073203917
0.02519577800476675
0.03790006809669734
0.06713908750425607
0.023259278175008506
0.024919135171944155
0.025004256043581877
0.023961525366019736
0.024897854954034706
0.02479145386448753
0.025834184542049686
0.02594058563159686
0.5846527068437183
0.03481443649982976
0.021897344228804894
0.00901181215787957
0.009276865456640731
0.011316623451454911
0.018599827139152994
0.008666090463843267
0.008954191875540186
0.00871218668971478
0.008424085278017855
0.008297320656871214
0.008781331028522037
0.008677614520311148
0.008377989052146345
0.8642005185825415
0.008988764044943814
0.009714779602420044
0.02852777311942166
0.02733523394264637
0.021689306277600812
0.07032254458046851
0.028583673393333012
0.02757746846292886
0.02811783777740515
0.028136471202042285
0.02921720983099489
0.028695473941155684
0.02638492928615357
0.02757746846292884
0.5621890547263685
0.03946559338140764
0.026179961615145294
0.012922328764437111
0.011147714571445363
0.010696707649469566
0.03242347589073864
0.012863501774614181
0.012216404886561946
0.013353726689805277
0.012275231876384877
0.01266741180853774
0.012608584818714807
0.013216463713551757
0.012490930839068949
0.7981449889209172
0.02034433398043023
0.01262819381532246
0.02280237937871772
0.031086142322097308
0.02326503635161924
0.0917162370566205
0.026393478739810464
0.02692222956598362
0.02507160167437755
0.02894910773298076
0.024873320114562614
0.025710508922670128
0.02458691341705215
0.027627230667547843
0.5317250495703899
0.02956598369684945
0.05970478078871985
0.7745318352059922
0.013086582947785821
0.01392377175589333
0.04505397664683839
0.013328927076448522
0.013372989645296285
0.013262833223176876
0.013593302489535102
0.013284864507600759
0.013350958360872403
0.013505177351839577
0.013284864507600757
0.01912315487992945
0.013262833223176874
0.01403392817801274
0.036940516369746906
0.019716324176528355
0.029335953632104336
0.04397544893977579
0.020691815838566798
0.021318409022941822
0.027128636732601335
0.022813688212927737
0.019196536648580894
0.02307714216544907
0.02146793694194043
0.021560501844177654
0.39243246322325237
0.2805428575497358
0.01980176870167043
0.01236922481584364
0.015271501029617026
0.017081968572494714
0.027488701853310683
0.01507801594869878
0.01424879417333497
0.014069129455339462
0.014373177439639548
0.013336650220434771
0.013944746189034901
0.013930925826112177
0.01511947703746698
0.7726550299210856
0.01680556131404011
0.024227096203546333
0.013210921028049835
0.011138096381897914
0.012508117821843832
0.19939149697082925
0.010417500689458842
0.011146992625014453
0.010408604446342304
0.01079114290035318
0.010675491739838266
0.010488670634391092
0.010844520359052357
0.010639906767372127
0.6304233722099157
0.03409040362255019
0.013824761803090547
0.014558248470403741
0.013124090754325706
0.01179310985235399
0.6699580070366593
0.012546300595330217
0.012350264648528194
0.013175679161378856
0.012432806099813261
0.012546300595330224
0.013175679161378871
0.012422488418402626
0.012897101763291768
0.15131911556834945
0.01648765489419217
0.0212131529802623
0.00958151903616414
0.010393512174822128
0.009977365691259921
0.799457994579946
0.009581519036164152
0.009825116977761542
0.01055591080255372
0.009703318006962846
0.00946986997959867
0.009155222638368694
0.009530769464998024
0.008972524182170665
0.07006485795195033
0.011611501882809083
0.012118997594470327
0.007735657530890118
0.007665651580384325
0.009442052574468835
0.015751338863803414
0.007228114389723121
0.007840666456648805
0.008094438027232309
0.007604396373691748
0.007901921663341369
0.007936924638594273
0.007893170919528146
0.007683153068010776
0.8793184920718266
0.00838321257306871
0.009520809268787843
0.012236461891879432
0.0131908927548824
0.027796976099734742
0.017903806533572927
0.0112557019016212
0.011479499483290875
0.012170639073741307
0.011091144856275876
0.011045068883579187
0.01163089196500859
0.012137727664672224
0.011558486865056642
0.3405672610467145
0.35462701500102034
0.14130842597894996
0.026355213877390076
0.01937709442144687
0.02574413561994873
0.47892765621919964
0.020421841119653044
0.018706879558446646
0.020047309284447055
0.019436231027005705
0.01973191405479992
0.02010644589000589
0.019574216439976307
0.020086733688152947
0.24125763847821788
0.02722255075891976
0.02300413956238909
0.013756076181369032
0.013427364730257383
0.013317794246553502
0.019035381305283268
0.013865646665072902
0.014124631444736628
0.013915451430392852
0.013337716152681487
0.013666427603793111
0.013696310462985093
0.014224240975376508
0.014074826679416683
0.80006375009961
0.01627619730655828
0.013218184715913614
0.00751132907070583
0.006890558073126834
0.006911250439712803
0.2174491829963926
0.00669053186279582
0.00642842855270691
0.006745711507025065
0.006518095474579434
0.006759506418082375
0.006269787075547836
0.006621557307509269
0.006628454763037922
0.6925114325325393
0.007690662914450864
0.008373511011787765
0.010859713029945432
0.011176098370187947
0.018410206420057106
0.02016315222410342
0.012467292596583029
0.010714346792536716
0.012886289398525805
0.011885827646948144
0.011586544216989025
0.012227865852615727
0.011774665230106191
0.011338566517880037
0.8179929198091432
0.01213380534605714
0.01438270654832144
0.015806894688252884
0.011348539776181546
0.01318742353621097
0.013232457424211683
0.012647016880202332
0.01372783019221961
0.013570211584217087
0.012962254096207352
0.012459375680199324
0.01346513251221541
0.012932231504206887
0.012594477344201476
0.8171999429570751
0.012061576336192951
0.012804635488204838
0.03299594515120565
0.026681524127898034
0.028910143312594876
0.14848175318042528
0.026526758906738536
0.025845791933636734
0.027733927631782628
0.027424397189463642
0.026402946729810937
0.027579162410623154
0.026991054570217058
0.02730058501253604
0.4801745751694679
0.03110780945305974
0.03584362522054048
0.018372517546344336
0.02456488213262827
0.026744405627419438
0.022165045793598286
0.022141440846001267
0.02050483114594147
0.023148585276807295
0.022369622006105757
0.018356780914612993
0.01978094608629964
0.01937179366128469
0.020347464828628026
0.4333553646177572
0.20987158908507242
0.09890473043149858
0.03766418737141958
0.03415624835153247
0.04961228042411783
0.07047528617397265
0.030832937701113096
0.032995727172020935
0.03373424064989187
0.03107031703328589
0.03252096850767533
0.03389249353800712
0.031756079548451825
0.031756079548451784
0.09397584005908104
0.41781400010550196
0.03774331381547721
0.00875764031020703
0.00955821951185553
0.009405065229801042
0.03259401584450662
0.009258872506021741
0.009251910947746534
0.009474680812553076
0.010115144173871882
0.0091962184815449
0.009460757696002665
0.010142990406972691
0.009133564457068062
0.8416523954722019
0.011709341018893668
0.010289183130751984
0.013843806353169646
0.013746705507005122
0.016354556803994974
0.4341794978499098
0.013469274517963644
0.013538632265224011
0.01438479678180053
0.014162851990567353
0.014024136496046603
0.01391316410043
0.014259952836731852
0.013177971979470099
0.37561381606325467
0.020086003606602853
0.01524483284782909
0.08599827139152984
0.05509939498703542
0.06446269086718524
0.09248055315471047
0.05538749639873235
0.055819648516277735
0.05603572457505042
0.056323825986747345
0.057548256986459254
0.05524344569288389
0.05675597810429272
0.055387496398732354
0.10155574762316341
0.07598674733506204
0.07591472198213775
0.012349758879831552
0.019975031210986215
0.014051063621453537
0.019938312403613084
0.015544295121294422
0.016131796039264602
0.014663043744339146
0.015299503072140177
0.015703409953244683
0.014479449707473465
0.0158258059778218
0.015262784264767043
0.7662480722626133
0.021076595432180312
0.023451078308976466
0.021336410171881696
0.01580542659084456
0.020265011034495378
0.20416105784639618
0.01570469675741508
0.014047233134620835
0.014376894407662783
0.014028918619451842
0.01317729366409347
0.014422680695585279
0.012719430784868539
0.02184005933902912
0.5411572942135285
0.05368900121791521
0.023268591522210905
0.05216883151379917
0.03277817621590026
0.035354742741785454
0.0445188195606555
0.03203442505378908
0.034451616330650414
0.03508911732674573
0.034504741413658335
0.0344781788721544
0.03798443435067861
0.03429224108162659
0.03365474008553131
0.28477700746407386
0.24203787818418468
0.031875049804765264
0.004984928669431952
0.005784848147736132
0.005472296828398738
0.1257621749333842
0.0053928346285671966
0.005414024548522274
0.005292182508780578
0.0055676514681965855
0.005392834628567191
0.005572948948185361
0.005583543908162893
0.005466999348409965
0.8030873713374552
0.005938475067410438
0.00528688502879181
0.010560569779578801
0.007436912875299295
0.5870940013507705
0.04948732117639836
0.007306440719592294
0.0072757413888377
0.007375514213790115
0.007137594400442049
0.007252716890771763
0.007413888377233355
0.007114569902376102
0.0073908638791674135
0.27096764290538466
0.00881070792656719
0.007375514213790123
0.036124199589223235
0.03952720389835296
0.10418428577181764
0.09983488381458674
0.030365269219926796
0.02915710200958488
0.02764689299665749
0.029579960533204545
0.02899601304820594
0.0292577826104467
0.029720913374411097
0.02919737424992959
0.27433450122830316
0.16326366235753695
0.048809955297813304
0.01292411579122159
0.337955019280087
0.03411376173871333
0.034335159867899166
0.013283887751148521
0.013256212985000298
0.013994206748952983
0.012831866570727497
0.014003431671002394
0.011872474677588993
0.013219313296802674
0.012813416726628682
0.4024464493275027
0.03664139038025129
0.03630929318647258
0.005198029041770883
0.005848171513183277
0.0068684907984620566
0.04247701170878594
0.005107817885450503
0.004890066818470272
0.005026938917714988
0.005338011870543883
0.004961613597620918
0.005067378401582744
0.0050860427787524755
0.004694090858188065
0.5453046648500007
0.34727251234959605
0.006859158609877192
0.7601894690460451
0.013703458911654514
0.014232209737827675
0.03650583829037224
0.01354923992068734
0.01379158404935004
0.013879709187045565
0.014210178453403796
0.013659396342806749
0.014408460013218733
0.014055959462436624
0.014298303591099322
0.03284864507600785
0.01685393258426962
0.013813615333773923
0.7879297584606066
0.01345623360021526
0.0139272017762228
0.0232120029603713
0.013523514768216336
0.01338895243221419
0.013231963040211674
0.013433806544214902
0.013321671264213106
0.013613222992217778
0.013321671264213113
0.013680504160218845
0.02601538496041617
0.014286034672228538
0.013658077104218493
0.014314630983115762
0.01239954910730519
0.015417621177411727
0.5896391646364373
0.013575263929796496
0.013466176987503483
0.014035853241700305
0.013029829218331453
0.013066191532429132
0.013926766299407296
0.013272244645649262
0.013187399246088027
0.2244524441535459
0.017841775450589688
0.01837508939068885
0.009304248068293
0.011295002868036566
0.010122482032594386
0.0635270101562237
0.012425346695009614
0.012028882815399659
0.011472146303606963
0.011514323312076106
0.012130107635725598
0.01191078719168606
0.01250126531025407
0.011100988629078518
0.7732901440766604
0.026343759489826913
0.011033505415527877
0.014071916277492658
0.014734668084647297
0.01427228310291151
0.6354865060649493
0.016044758866232047
0.014503475593779399
0.014395585764707716
0.0147963194155454
0.014287695935636028
0.014518888426503932
0.014827145080994445
0.015104576070035947
0.16915583915167776
0.015597786717220768
0.018202555447665733
0.007466263699659594
0.0073443986773583
0.008181205163827214
0.01905968948792316
0.0071412903068561375
0.006345105494487642
0.006946306271174058
0.006897560262253536
0.007108792967575785
0.006930057601533884
0.0069381819363539664
0.006995052280094573
0.8834320440013972
0.00730377700325787
0.011910274846246958
0.008845075730808193
0.009877590119269164
0.00951640637881894
0.13948366428756492
0.010548920767279897
0.010678475804615312
0.009351518149482962
0.010313366153942795
0.0097637387228229
0.010372254807277074
0.009712701889933194
0.014294239119339833
0.6991535737560747
0.03648348369569485
0.01160499061707458
0.00991703918488987
0.011427248197817269
0.009937175305062244
0.012272965245056614
0.012031331802988229
0.011477588498248177
0.01206153598324678
0.01195078732229877
0.011719221940316566
0.012343441665659902
0.011799766421006027
0.01150779267850673
0.841166284080383
0.010329829648423357
0.010057992026096427
0.02015119137887458
0.012246961237103933
0.011864004350390232
0.16208267273270374
0.011856345212655961
0.011618911942893466
0.01083002075626326
0.010845339031731798
0.011312546433522514
0.014797454102617128
0.011343182984459611
0.15597833995848737
0.5080535833275889
0.0357145592549191
0.011304887295788237
0.011005840157430339
0.008141306417825189
0.007903256522567145
0.10370246937091351
0.008307941344505824
0.008490446264203654
0.008331746334031621
0.007895321526058539
0.008411096299117637
0.008633276201358479
0.008030216466704763
0.01641750777629661
0.778804037326224
0.008411096299117645
0.0075144416936456645
0.01033256168482863
0.014106111079743288
0.011885269041838396
0.019498240264995383
0.015000094103476191
0.015178890708222762
0.015527073570097676
0.015357687312969335
0.014416652551145248
0.015564714960570639
0.014341369770199308
0.013974366213087912
0.7860275158564356
0.025247962659740632
0.013541490222648825
0.012887245575618333
0.014957341661581167
0.013114597168874354
0.13329982888801137
0.013629129722032752
0.014861614674947048
0.014825717054959246
0.015531703581385873
0.015041102774886019
0.015842816287946777
0.01513682976152014
0.015184693254837192
0.6706632683586411
0.019444544160055498
0.015579567074702927
0.013323509547491858
0.013254436053294035
0.011942039663535329
0.011466200036839192
0.012548351445938462
0.013400257874378325
0.012770921593909254
0.01144317553877325
0.013661202185792348
0.012602075274759001
0.012632774605513585
0.012471603119052002
0.8071851783631118
0.0192715048811936
0.02202676981641801
0.005962173451410016
0.005868832184068956
0.005798826233563167
0.07924673597255782
0.005460464139451835
0.005606309869672238
0.005413793505781303
0.0056121436988810555
0.005472131797869465
0.005985508768245283
0.0053729567013196
0.011819337977061363
0.8403339283839129
0.006265532570268457
0.0057813247459367265
0.009097743842296587
0.006669839496209856
0.006697429318324477
0.009801284306219446
0.006862968251012207
0.006718121684910441
0.006662942040681198
0.0066215573075092665
0.006821583517840273
0.006897455528655488
0.006635352218566579
0.0064698132858788445
0.9003179726998727
0.007359585049075408
0.006366351452949012
0.00830594410048665
0.009630818619582666
0.012297553228532357
0.13283565611013443
0.008985366930792282
0.008348408027380743
0.00875606172556413
0.008654148301018285
0.00872209058404885
0.00924864327753574
0.008832496793973526
0.009163715423747535
0.7458279191826548
0.008399364739653676
0.01199181295489482
0.007524136868270654
0.007055134570159395
0.00750403676978017
0.058390786114851954
0.0068876337494053735
0.006626332469029096
0.006961334110537143
0.006740233027141833
0.006807233355443444
0.007148935029781647
0.007081934701480036
0.0070685346358197185
0.8435207332515927
0.011564256664857657
0.00911874468184894
0.01676318698543119
0.010059012137911305
0.01185742491489162
0.29231632265835134
0.009217552948682
0.008832571620276421
0.009184554549104374
0.011103961457869295
0.009597034543824634
0.010383496400424583
0.01055948786483856
0.011120460657658104
0.5473719524603058
0.030562017742139506
0.01107096305829167
0.009752419864779413
0.009120093389756312
0.6622890218395834
0.0416443731050473
0.009047132642638248
0.008276991423058837
0.008349952170176884
0.008698542406407576
0.009160627138155223
0.008366165669536454
0.008398592668255583
0.009006598894239335
0.1830585145191886
0.01566224038134151
0.00916873388783501
0.03340212489490171
0.02374582791918257
0.023669392850773196
0.1613034726999413
0.023745827919182578
0.024178959973502435
0.023363652577135637
0.025147137506687983
0.024790440520777533
0.028714107365792677
0.024408265178730598
0.1775331855588675
0.3420724094881397
0.040969196667430985
0.022955998878952236
0.009484022033926846
0.0110001179185688
0.010129766577385462
0.01436360471449668
0.010185918276816643
0.010236454806304708
0.010764280780957838
0.010208378956589114
0.010011848008579982
0.010629516702322993
0.010719359421412895
0.010764280780957838
0.83824379944859
0.022230457804805474
0.011028193768284402
0.008076133121439392
0.009851209561249418
0.00852222562987333
0.7663497551138002
0.009637456900958165
0.010362357227163312
0.010064962221540684
0.00988838393695225
0.009367942677112657
0.01051105472997461
0.00992555831265508
0.009674631276660994
0.10682986217600209
0.011040789583739918
0.009897677530877955
0.026793431287813342
0.02909824258138868
0.038841308504229906
0.07956837170320322
0.029098242581388673
0.03169115528666096
0.03053874963987324
0.03038160341531132
0.029045860506534692
0.029281579843377613
0.0304863675650193
0.03059113171472726
0.45396925172206054
0.09729970404127698
0.033314999607134486
0.009683180721606897
0.011249283591240493
0.009876444479987208
0.015960920735201983
0.011609154037879701
0.011522518559985078
0.011415890279499385
0.01090940594719236
0.011709118050835035
0.012422194676583096
0.010849427539419148
0.010389593079824604
0.8360923400908998
0.011629146840470778
0.014681381369373692
0.014812427089089412
0.014735678762202933
0.014551482777675415
0.6727144348253206
0.013937496162583607
0.013216061889850753
0.013661202185792304
0.013737950512678777
0.013246761220605337
0.013876097501074429
0.012433228955608722
0.01378399950881066
0.1400963958985694
0.019263830048504946
0.015932952661631933
0.005556053792508507
0.005974572832989546
0.008788899850101858
0.020187137799529378
0.006393091873470593
0.0066151632010727724
0.00641444488574003
0.006713387057512205
0.006239350185130619
0.006286326812123388
0.006350385848931705
0.007943320564232003
0.24508560422618816
0.6532740573712732
0.008178203699195842
0.7651554742618225
0.013652991899660329
0.015003048514937745
0.02051215050953747
0.013457015939378123
0.013718317219754398
0.013500566152774169
0.013936068286734625
0.013457015939378123
0.013631216792962307
0.013609441686264283
0.013500566152774167
0.04821008622942246
0.013892518073338581
0.014763522341259494
0.020349563046192204
0.01977884786873546
0.015498484037809842
0.021455323702514656
0.016408061351881536
0.015641162832174028
0.016247547708221823
0.017103620474406948
0.016586409844836766
0.016336721954699443
0.015944355270197923
0.016782593187087524
0.7597110754414118
0.017085785625111427
0.015070447654717278
0.01786129407206507
0.023440526927547434
0.05816866847475138
0.07215549528606482
0.02244608033062121
0.021761591114555032
0.023285548237117374
0.0227689526023505
0.0248095053596797
0.0208058891902363
0.022949761074518904
0.0247707606870722
0.3110422316931421
0.29139868268113145
0.042335012269146315
0.007092361541937591
0.00629581121757311
0.006165605876090454
0.6018703614347094
0.006280492942104562
0.00624985639116747
0.006157946738356178
0.0061043327742162645
0.0059358317440622406
0.0060507188100763455
0.005828603815782404
0.0062421972534331925
0.31561774775395773
0.006954497062720667
0.007153634643811785
0.015580524344569292
0.016539325842696635
0.018147315855181045
0.027595505617977543
0.017548064918851445
0.016958801498127358
0.01757802746566794
0.017877652933832727
0.017607990012484406
0.017568039950062436
0.017997503121098643
0.01777777777777778
0.7434806491885145
0.01716853932584272
0.020574282147315874
0.008603006459908769
0.01009296961903888
0.010001122574982915
0.6759942442519057
0.009378603720825813
0.00891936850054599
0.009031625998836612
0.008613211687026107
0.00891936850054599
0.008878547592076666
0.008858137137842012
0.008735674412434056
0.2022982171468227
0.011378828235822397
0.010297074161385467
0.009777854018354898
0.010368718491198959
0.010349658346913655
0.013599412947555987
0.010073286254776923
0.010483079356910716
0.010692740944048925
0.010626030439050397
0.011140654334753293
0.01044495906834012
0.010797571737618026
0.010006575749778398
0.8489864768276302
0.012417684001867872
0.010235297481201902
0.006638527237778175
0.0063148577505631204
0.008197425176201706
0.5109354048180513
0.006030821261782567
0.006532839241952854
0.0063280687500412896
0.006559261240909189
0.006275224752128629
0.006361096248736699
0.006334674249780372
0.006189353255520552
0.4025787870981378
0.0074443982059462736
0.007279260712469205
0.02596567723181846
0.04592207501816763
0.0436301637878026
0.05738163116999272
0.02501537257532565
0.02509922298619266
0.02465202079490192
0.02490357202750296
0.025322824081838034
0.02451227011012356
0.02495947230141429
0.025686175862261757
0.5755212700542232
0.025406674492705054
0.026021577505729795
0.010316649642492336
0.011247304505731475
0.01094086936783565
0.5351492452616046
0.010850073771422088
0.010543638633526262
0.011043014413800935
0.010884122120077172
0.010872772670525485
0.010373396890250828
0.010884122120077173
0.011008966065145832
0.3220519804789469
0.011054363863352632
0.012779480195210533
0.06978262643850149
0.013602851157602635
0.015869993017203068
0.06279982951093209
0.013267314162381773
0.013512165483218612
0.013185697055436159
0.01361191972504104
0.012886434329968893
0.01336706840420419
0.013475891213465012
0.013929319585385092
0.3039330376980345
0.4127649155262944
0.014010936692330724
0.027208636263494186
0.03012778144965854
0.02395902181097157
0.0387199823749725
0.031890284203569104
0.03128442388191234
0.030320555188367508
0.0318902842035691
0.030485789821546618
0.03172504957038998
0.032826613791584074
0.03222075346992731
0.5685999118748625
0.03155981493721086
0.027181097157964306
0.01060795218098589
0.01339991677070328
0.01703174062724623
0.09825596791888926
0.014103582642908483
0.013861461052472294
0.012771913895509402
0.012877842091325227
0.01322589187757727
0.013732833957553054
0.013937124049483602
0.01358907426323157
0.7219763174819351
0.019399992433700296
0.011228388756478644
0.02108698531979719
0.021881811722485146
0.016956296590676437
0.07511109505401209
0.022568252706624763
0.023158351096499163
0.021929983019617752
0.024194033984850122
0.02409769139058491
0.023074051326517103
0.02408564856630176
0.02260438117947422
0.5280296735190337
0.13124269903777835
0.019979045485747325
0.7121294165425748
0.015883759758133657
0.015770948964396927
0.020824872523803092
0.014349532963313953
0.014552592392040084
0.014372095122061303
0.014642841027029474
0.01416903569333516
0.014597716709534775
0.014530030233292742
0.01450746807454539
0.08950408375073324
0.01518433283696585
0.014981273408239707
0.011192150163173204
0.012506296953369677
0.011093589153908482
0.013995663315592351
0.01224346759533038
0.013152419125216272
0.013010053222944986
0.013053858115951543
0.013283833804235912
0.012418687167356564
0.012889589767176973
0.012714370195150787
0.8248351840900631
0.012210613925575476
0.011400223404954321
0.011223259061765984
0.011819970799212825
0.01209928267631559
0.022078334285532866
0.012251634609280738
0.012238938614866978
0.01228972259252203
0.011832666793626585
0.012657906430521134
0.012048498698660537
0.011769186821557776
0.011997714721005491
0.8221545102520166
0.01201041071541926
0.011527962927696289
0.01634428483383116
0.02122742141942826
0.028374342198833728
0.07437301474422801
0.02081259185511781
0.022092637367847147
0.018418432655383305
0.020528137296733504
0.021369648698620396
0.021061489593704078
0.02010145545915707
0.0189873417721519
0.24740435215474343
0.392156165552553
0.05674868439766746
0.02280932618011266
0.018861558187400863
0.025053143030671094
0.22564699530991658
0.01859162533319834
0.01919897425515402
0.020194351655025793
0.019013395417889774
0.019030266221277445
0.018557883726423013
0.017899922394304397
0.020109997638087497
0.4855248506933899
0.03608664844619903
0.033421061510949146
0.007937193892250052
0.007757130509939478
0.7211178334773823
0.02350187265917606
0.007116104868913838
0.0067559781042926936
0.007123307404206263
0.006900028810141152
0.007353788533563794
0.007015269374819918
0.007152117545375954
0.00694324402189569
0.16373523480265068
0.009939498703543624
0.009651397291846706
0.0072211893406622756
0.006363448566989087
0.006511644616890736
0.008626806420032485
0.006574515668364164
0.006376920935161962
0.006668822245574305
0.006614932772882798
0.006264651200387982
0.006161363044395926
0.005954786732411807
0.006219743306478393
0.5022498854848703
0.008505555106476591
0.40968573455842094
0.014107619025913343
0.015171198273962825
0.01374296328372496
0.0286178787671597
0.014669796628453786
0.014821736521032285
0.013712575305209257
0.013735366289096045
0.01463181165530917
0.0144874687573596
0.015216780241736371
0.014221573945347217
0.7850658279584593
0.014578632692906695
0.013218770654329148
0.017068999884597993
0.02046811233856834
0.018380385862210007
0.07225212182251159
0.01754109883653832
0.017006053357672617
0.017331277080120396
0.019377039205195137
0.017813867119881616
0.016817213776896482
0.019030833307105564
0.0181285997545085
0.6805778491171746
0.027067006577911994
0.02113954195910569
0.08072789447972642
0.03553981436248168
0.06503419638495359
0.10352548444878686
0.03450170981924771
0.03454241980133526
0.03032893665526785
0.03824702817130762
0.03596726917440155
0.03307686044618139
0.037310698583292654
0.034542419801335295
0.3606090213320304
0.04211447646963037
0.03393177007002118
0.012935137491437343
0.00848701593317143
0.009403328974174213
0.5735585862090437
0.00879838444225005
0.008602667093686348
0.008335779800190391
0.008362468529539981
0.00804220377734484
0.008113373722277092
0.008487015933171428
0.008326883557073861
0.3079701442081007
0.00988372610246693
0.010693284226071327
0.01194627405398423
0.014890869172155482
0.01483920960867879
0.024964484050109773
0.01406431615652847
0.016053209350380952
0.01441301820999611
0.014929613844763006
0.01384476301175254
0.014658401136510365
0.015200826553015617
0.014309699083042733
0.7840759395583121
0.01606612424125015
0.01574325196952084
0.00842696629213481
0.009824258138864854
0.00758426966292133
0.012604436761740102
0.008988764044943797
0.00896715643906653
0.009327283203687673
0.008916738692019567
0.009017574186113488
0.009031979256698333
0.008268510515701506
0.008124459809853046
0.8708369346009788
0.010090751944684503
0.009989916450590582
0.005876447850694202
0.007027057673900502
0.006336691779976721
0.007850827605297478
0.008374438452379767
0.007710753365950622
0.007423934685383259
0.00703706297671099
0.008581214710463211
0.008177667497106801
0.007327216758215187
0.007160461711373701
0.8898182703499521
0.014877885279197972
0.006420069303397473
0.7501986153671545
0.013778231755759872
0.01591192827147885
0.05497673362841908
0.014436499829758283
0.01400522074679381
0.01393712404948363
0.014096016343207382
0.014300306435137917
0.014277607536034525
0.014277607536034525
0.01420951083872434
0.021314266258086474
0.014618091022585425
0.015662240381341508
0.027556794882309544
0.019710763006096428
0.020694934251893195
0.41783537002105026
0.019519396374969286
0.02009349626835073
0.02025752480931685
0.019929467727384593
0.019738101096257458
0.01984745345690153
0.020202848628994814
0.02001148199786766
0.3014844582957436
0.028322261406818122
0.02479564777604638
0.016373512167382375
0.010922211110457457
0.014569484479479165
0.6042708394611449
0.01135360903582562
0.012030119418789322
0.011314391042610339
0.011196737062964483
0.011069278585014794
0.01156930799850971
0.011039865090103322
0.011539894503598243
0.23157244543796685
0.0163833166656862
0.014794987940467085
0.06395131086142328
0.055524344569288515
0.05383895131086157
0.20318352059925116
0.055898876404494494
0.055149812734082565
0.05402621722846459
0.055992509363296014
0.055898876404494535
0.05486891385767807
0.05505617977528107
0.05561797752809007
0.06994382022471912
0.05580524344569303
0.05524344569288408
0.019587814696869568
0.017324600933325343
0.024454725710508916
0.21418414148090292
0.01710428808908654
0.017564942217949516
0.016984117446774454
0.017785255062188324
0.01684391836407702
0.017604999098720205
0.018045624787197827
0.01888681928338242
0.5418093693044125
0.022552023873900928
0.01926735965070401
0.011939072441975404
0.01055372234520974
0.021469445720730115
0.027707001935313225
0.00890383303398631
0.009349372763599397
0.009321526530498572
0.00885510212605989
0.00925191094774653
0.009217103156370504
0.009502527045653894
0.009760104701836454
0.8271862773763274
0.017097587123901817
0.009885412750790138
0.02453565695941297
0.030847009750930875
0.22751444076828167
0.03644860833579021
0.023400050228759257
0.024022450071521387
0.024033369367008426
0.025005186665356366
0.023476485297168625
0.021314464790731697
0.024055207957982563
0.024928751596946963
0.23196951332700008
0.22815867920201796
0.03029012568109108
0.024888244533043426
0.03213724779509494
0.03656719423301531
0.027727437477346944
0.03245942571785279
0.03215738391526726
0.03427167653336566
0.03471467117715767
0.03638596915146397
0.03260037855905932
0.033748137408884146
0.03217752003543966
0.4764608755185054
0.09810317747976326
0.03560066046474176
0.01331668747399084
0.012470522957414333
0.012567623803578856
0.16934387571091686
0.01209599112220834
0.012498266056318472
0.012678596199195443
0.012442779858510182
0.012803440144264117
0.011998890276043823
0.012581495353030927
0.012401165210153966
0.66842835344708
0.013039256484949356
0.01133305590234429
0.021891385767790213
0.03138576779026213
0.03185393258426963
0.12033707865168543
0.03430711610486889
0.03059925093632956
0.03013108614232203
0.03211610486891382
0.03166666666666661
0.034026217228464384
0.031273408239700325
0.03331460674157298
0.4136329588014982
0.042640449438202215
0.08082397003745317
0.011544393038114092
0.013791584049350042
0.012704707351105201
0.02493941396783426
0.013277520746126129
0.01314533303958284
0.012645957259308185
0.013365645883821657
0.012836895057648495
0.012792832488800728
0.012748769919952965
0.013013145333039548
0.5308070793860618
0.01408533450833513
0.28830138797091903
0.013006250225802941
0.01377699097992461
0.013716776858508837
0.07960306851162736
0.013837205101340355
0.013367534954297476
0.01451160326119681
0.013560220142827883
0.013427749075713232
0.013415706251430069
0.013608391439960494
0.013704734034225688
0.7052639184941653
0.01451160326119681
0.050688247407782085
0.012628020284379022
0.015801597560571406
0.013597494282589224
0.09580391766928507
0.015602731099400075
0.014856981870007635
0.015544728381558445
0.015553014484107236
0.0159590335089987
0.01551158397136322
0.015030990023532526
0.014939842895495664
0.5253306154916972
0.1924530177985483
0.021386430678466097
0.009891941293478854
0.010967152303639593
0.009963622027489558
0.3240237980036909
0.010635628908840029
0.01041162661505654
0.010563948174829318
0.010259305055283774
0.010250344963532438
0.010348905972797163
0.011352436248947183
0.010680429367596715
0.5331881798469621
0.01602064405139508
0.011442037166460582
0.01094641672971128
0.009190506878870226
0.008985028066537752
0.14065024704157228
0.00965750417962583
0.00923720660894579
0.00933060606909691
0.009349285961127132
0.009881662883988509
0.009321266123081793
0.009564104719474711
0.00951740498939914
0.5099423725330868
0.010040441966245423
0.23438594524923667
0.006670621350640881
0.005821527438527917
0.005850605997161913
0.019104613022541697
0.006059971619326759
0.005757554609533097
0.005937841673063936
0.005815711726801112
0.006065787331053562
0.005885500267522727
0.005775001744713503
0.005879684555795924
0.5728592365133647
0.006967222648707737
0.3355491195012446
0.009393210563472964
0.009500903423436353
0.01061372964305797
0.748525206112168
0.008986370870277956
0.009476971676777825
0.00957269866341194
0.009297483576838846
0.009536801043424139
0.009022268490265757
0.009225688336863264
0.009357312943485173
0.12281772385157534
0.010936808222948128
0.013736822581996141
0.016249529358143572
0.014188613439549764
0.04120841012226776
0.47210827735172306
0.016388244852664314
0.014991181657848303
0.013891365951291021
0.014396686681330859
0.014208429938767001
0.014584943423894724
0.01496145690902244
0.01391118245050827
0.2858232764599806
0.03127043576481776
0.021817965638190346
0.009484342290767717
0.00806738724882869
0.012232807849503697
0.289543014198032
0.008102989134304545
0.007754090656641172
0.007996183477876976
0.00772560914826048
0.007440794064453642
0.00813147064268522
0.00793922046111561
0.007796812919212189
0.43166574101764393
0.00893607325443955
0.17718346363623422
0.013290243383062185
0.012776671301341587
0.014743276589881425
0.655393133165483
0.013866446206456018
0.013841393909786713
0.01356581864642444
0.013929076948129252
0.013453083311412616
0.014016759986471795
0.013640975536432327
0.014041812283141098
0.1472699259704632
0.02645522528277785
0.0197161574787369
0.00788434941498331
0.00886358359328468
0.009560152235581544
0.7518095641903147
0.008550632464136818
0.008560727661851278
0.008621298848137955
0.008267966928132309
0.008601108452709064
0.009115963536145865
0.008550632464136822
0.008338633312133437
0.130692429611234
0.010145673703019479
0.012437283584199007
0.012848983019013832
0.01360025631677218
0.013721785820821302
0.019676731519229274
0.014517251665506608
0.014296288930871799
0.014163711290090922
0.013865411598333937
0.01410847060643222
0.014837647630727074
0.01555577651829019
0.013909604145260898
0.7057328781501
0.019157469092837477
0.10000773369571214
0.01902325063967066
0.014842214558534466
0.01561167352690321
0.01987614491786251
0.01601957948603845
0.014814402788593419
0.01485148514851481
0.015463344087217657
0.014480661549300963
0.015463344087217671
0.016140097155782948
0.01509252048800382
0.7743816516483106
0.01778099158230426
0.016158638335743634
0.03146067415730337
0.03243771372740597
0.03797427129132063
0.07728382999511481
0.029864842859469137
0.03139553818596321
0.028659827389675947
0.030711610486891375
0.028692395375346028
0.02712913206318186
0.030516202572870858
0.029929978830809303
0.5064647451555119
0.045106660153069564
0.032372577756065765
0.015345190980909484
0.015678782089190126
0.11132845077256658
0.02835524420385453
0.015466496838466086
0.01460219260337533
0.015163232194574583
0.014420233817040433
0.014602192603375327
0.014678008764348195
0.014814477854099369
0.015784924714552163
0.6425419642450986
0.020409710533897413
0.04680889778465173
0.019029784198323473
0.024362404137684972
0.025111467808096956
0.027751025503834424
0.022329231317995305
0.02306046013911177
0.024166220795434214
0.023613340467272988
0.02366684501515956
0.02272159800249682
0.0235420010700909
0.022204387372926643
0.5161583734617442
0.0705546638130907
0.13172819689673634
0.012264081662627567
0.01449658515091426
0.015671586986854624
0.3007123448630392
0.014246897260776931
0.014570022765660533
0.014335022398472461
0.014217522214878424
0.014041271939487369
0.01408533450833513
0.014731585518102334
0.014496585150914258
0.5058676654182275
0.015612836895057606
0.020650657266651922
0.013385865071258276
0.014660246120920227
0.020555474488058705
0.039466900141057436
0.01723819251909135
0.01657668174522102
0.01614864536212848
0.01677124373753582
0.01617782966097569
0.015263388297096109
0.016498856948295098
0.015068826304781324
0.6897222627559707
0.020545746388442986
0.07191984045916634
0.07109038230513758
0.02254257649636078
0.03033943419781885
0.22811108755564966
0.021788801733682042
0.021341247968341567
0.021176359739005578
0.021176359739005588
0.021529691659011245
0.02094080512566849
0.02171813534968092
0.022165689115021408
0.4117494641132548
0.04108072456599068
0.023249240336372056
0.7595505617977532
0.014100022031284387
0.01436439744437097
0.034985679665124385
0.014320334875523205
0.014694866710729199
0.013989865609164978
0.01390174047146945
0.014760960564000841
0.01458471028860979
0.014540647719762025
0.014430491297642614
0.03209958140559586
0.01412205331570827
0.015554086803260588
0.011459556151825166
0.015307358339389211
0.01200924217862003
0.27687405668287796
0.01622039614660781
0.016229712858926378
0.01671418189949134
0.015847727653865527
0.01667691505021711
0.015940894777051115
0.015940894777051105
0.016546481077757316
0.49952484767175354
0.031071235582387714
0.023636499152179236
0.01785224914849471
0.02020122929961244
0.014863824400683817
0.11957613958162056
0.020109880071513403
0.02132351981625759
0.02048832687363794
0.01896148977541141
0.02128437014707229
0.02093202312440462
0.019927181615315374
0.020266478748254595
0.6049928878100984
0.037805530543266894
0.02141486904435658
0.024146951988406454
0.016656315284286582
0.022377806636177135
0.022133137598102842
0.017296218922326963
0.01725857753185402
0.017352681008036407
0.01641164624621232
0.01754088796040124
0.01708919127472568
0.018670129674590162
0.019084184969792747
0.7359644665273936
0.0185383848079348
0.019479419569758877
0.04521326758817663
0.03209118098779395
0.032710909923746305
0.03812680192924307
0.03335758359604445
0.031175059952038287
0.030609220488777435
0.031444507315495834
0.03222590466952273
0.033303694123352934
0.033734809904885026
0.032845633605475114
0.242475682375448
0.31668148627165654
0.034004257268342566
0.012383713906004606
0.012376162860939975
0.02179231605654221
0.04260299625468166
0.012051467923160586
0.01202126374290203
0.011470037453183538
0.011507792678506715
0.012157182554065499
0.012059018968225223
0.01141718013773109
0.012149631509000862
0.7529147033949496
0.01681617735894649
0.04628035520115989
0.015409038194642484
0.011958402250993372
0.009524895910568643
0.03770984239244093
0.012167531702123625
0.011967908135135636
0.012291108195973306
0.011673225726724834
0.011901366946139661
0.012329131732542445
0.012196049354550464
0.011235955056179777
0.8081427403562802
0.010304378410235947
0.011188425635468359
0.06289308176100641
0.0528584552328459
0.046003815984736275
0.11518620592184316
0.0508091300968131
0.05017313264080296
0.04854780580877694
0.04840647304077472
0.04904247049678486
0.050385131792806334
0.05102112924881652
0.05031446540880519
0.21164582008338637
0.059642428096954435
0.0530704543848493
0.016962492536503285
0.01613472290072192
0.02277044998100201
0.23926613472290084
0.017179612440970507
0.017030342506649292
0.016066872930575914
0.017098192476795317
0.016609672691744008
0.01662324268577322
0.017966672094664276
0.01644683276339359
0.5163247028171304
0.029948976822450186
0.02357107962872496
0.02891313394488782
0.030595813204508923
0.0749606470173153
0.03884636957426406
0.03142810617163336
0.05120411080352431
0.028551267437442407
0.03175378602833422
0.02896741392100462
0.028460800810581062
0.028334147532975168
0.0290397872224937
0.07883261864698107
0.46409379579872984
0.02601820188532458
0.010016549081090518
0.011468222860958695
0.012290838002884016
0.17757841457867576
0.010519795991444817
0.010471406865449208
0.010781097271821086
0.01029720601186503
0.01052947381664394
0.010790775097020212
0.010210105585072939
0.01062625206863516
0.6804962788762104
0.01272634013684447
0.011197243755383312
0.024733234400395744
0.011094622288177512
0.050284179815661696
0.020432680174041207
0.012295950816196742
0.011993094884763328
0.011528715789898763
0.012094046861907798
0.010781671159029655
0.011740714941902144
0.011114812683606418
0.010872527938459685
0.5619390855769912
0.22766689885621402
0.011427763812754288
0.05063982521847678
0.04697253433208477
0.06577715355805239
0.0561797752808988
0.04650436953807729
0.0471285892634206
0.046660424469413105
0.046348314606741485
0.047128589263420624
0.045802122347066064
0.047362671660424356
0.04525593008739068
0.3055555555555555
0.049781523096129765
0.05290262172284638
0.02695494268527977
0.020466840691559803
0.130688911587788
0.155733363598532
0.021318049407937044
0.020901902924374834
0.020258767449778708
0.02003177845874477
0.021034313169144656
0.020599250936329586
0.020731661181099398
0.019161653993114675
0.42847955207505656
0.02793856164642683
0.04570045019483222
0.050791773441093375
0.016413693409553873
0.05271042775478012
0.037978842236677794
0.016479400749063688
0.01651882515276958
0.01700505946514227
0.016899927721926562
0.016439976345357793
0.01734673763059335
0.016597673960181376
0.016137722583612613
0.311557921019778
0.38254813062619086
0.014573887903278829
0.29062718212404004
0.025741128673903414
0.1890909667999746
0.047943248904970454
0.026264838443471102
0.028423157493810726
0.02718529803846889
0.027804227766139788
0.02615374849235069
0.026899638164159224
0.02632831841553992
0.026137878499333463
0.11916777756617791
0.08211134387100877
0.03012124674665146
0.016807757426504547
0.018736852906469658
0.025601559694217835
0.025622081986557906
0.019054948437740492
0.01866502488327946
0.018193012159458212
0.018952336976040245
0.018808680929659847
0.01898312041455032
0.019167821045610794
0.01810066184392798
0.6906161818275108
0.04333282027602488
0.02935713919244781
0.019615631975182544
0.016059471115650873
0.026614459198728874
0.04954034729315629
0.017572731055877117
0.01698634282903947
0.015586577384330167
0.016210797109673512
0.01689176408277531
0.017856467294669557
0.01609730261415653
0.01681610108576399
0.6894979760148306
0.048046003102182856
0.016608027843982895
0.01277850791946642
0.006805743232820596
0.8105991892342156
0.014129784227705496
0.007058721902399599
0.007114253805477926
0.006793402809914308
0.006990849576414996
0.006410849699819218
0.006602126254866759
0.006892126193164649
0.006404679488366071
0.07964508943721497
0.014962762773880268
0.006811913444273743
0.6590281884486505
0.0193918785728366
0.052015572639463756
0.032722255075891986
0.017962743938497925
0.017642420658387527
0.01820914646165975
0.018603390498718685
0.018283067218608312
0.01887443327419672
0.01867731125566725
0.017371377882909496
0.04321900256258622
0.029026217228464404
0.01897299428346147
0.006162864980647115
0.006472887151929672
0.005073090075532688
0.025089875114301125
0.0064540979294276934
0.006792303934463207
0.005924868162288789
0.006106497313141196
0.0066138063206944665
0.006294389538160924
0.006601280172359814
0.006801698545714192
0.8930893239637743
0.006382072576503462
0.006140944221061477
0.004863996590694884
0.00724067563248346
0.005945795326957266
0.007392291364459625
0.007158721182766612
0.006757144379154057
0.0067571443791540585
0.0073513141396012
0.006921053278587757
0.0073799981970021
0.007252968799940983
0.007183307517681661
0.9005236889336904
0.007834845392930601
0.009437054884894954
0.005539685562538333
0.008747540151082308
0.007435620728326863
0.007829196555153496
0.00869252417528934
0.00838782030935905
0.00832010833915231
0.008341268329841922
0.008011172475084096
0.008320108339152315
0.008282020355911024
0.00810850843225627
0.8807042044901482
0.01033877145094054
0.012941450305761836
0.016317278752261053
0.01785593659228567
0.014095606944225497
0.013840414912221407
0.017840925296285424
0.017698317984283132
0.01787845353628603
0.015716826912251444
0.01710537179227366
0.01825373593629201
0.01718793392027499
0.01583691728025335
0.7620709583961932
0.023102384544369612
0.015198937200243153
0.015466104262875287
0.020059876610547527
0.019211422614935237
0.021417403003527163
0.021235591433038818
0.019284147243130555
0.018981127958983317
0.019029611044446892
0.020605311322012546
0.020181084324206407
0.02072651903567147
0.019272026471764663
0.7094651103596233
0.0326897203738046
0.022374943941432454
0.010554988083077994
0.01058117912050499
0.01152405646787672
0.6763180639585131
0.010581179120504982
0.010528797045651003
0.010829993976061408
0.010882376050915396
0.010699038788926455
0.011091904350331333
0.011327623687174267
0.010738325345066935
0.17910740944448808
0.011733584767292646
0.013501479793614646
0.009632743243607326
0.010360251124942705
0.010845256379166291
0.7472314283404735
0.010575809015708742
0.010238999811386805
0.01021205507504105
0.010090803761485157
0.010468030070325724
0.010804839274647655
0.01042761296580709
0.009821356398027607
0.11605097944116614
0.013027780023172428
0.010212055075041056
0.01605638355432822
0.014482366085545059
0.011538110195276549
0.050895573778555386
0.012845106843462567
0.013161315709959173
0.013575900668254757
0.013723464805953165
0.013582927531954671
0.01357590066825475
0.012788891933863178
0.013744545397052945
0.7547624568726241
0.029386343993085585
0.01588071196183008
0.7271831263552124
0.012747223864905646
0.01373283395755301
0.08618612699038458
0.013207175241474417
0.0130538581159515
0.012988150776441668
0.013207175241474424
0.013163370348467868
0.013010053222944951
0.013229077687977694
0.013010053222944951
0.02733425323608646
0.01517839542676914
0.012769126311408925
0.006940673600378705
0.006516018545591241
0.006655249711095326
0.349066455035295
0.00646032607938961
0.006766634643498597
0.006891942692452276
0.006878019575901867
0.006822327109700234
0.006627403477994517
0.006766634643498601
0.006745749968672985
0.560064324798463
0.008054522924411391
0.008743717193656624
0.007647660920743477
0.011555819201153818
0.010927722334659301
0.014132179496126732
0.012335124572545179
0.011259217903086967
0.012085048968292732
0.011113825109916943
0.010741619559401665
0.01152674064251982
0.012713145834787248
0.011003326587107714
0.8366773675762437
0.011067299416102523
0.015213901877311732
0.010022682913963169
0.00940022155404335
0.009199767895764087
0.48143693622408634
0.009674526560109711
0.010444690615603722
0.009663976367568697
0.010413040037980681
0.009938281373635057
0.009569024634699573
0.009737827715355795
0.00986443002584796
0.38630585008176416
0.01273408239700373
0.011594661602574233
0.006937686160016504
0.008839836031731975
0.00906101624937331
0.013514111297885498
0.008898817423102999
0.008367984900763795
0.008758736618596821
0.008242649444100376
0.008264767465864508
0.009053643575451931
0.00815417735704384
0.008530183727034108
0.876360258338494
0.008168922704886597
0.008847208705653354
0.007038940018444279
0.006709577851805843
0.007255378013663827
0.8773267084486094
0.006530781247059262
0.0064931398565862926
0.006540191594677504
0.006549601942295745
0.006399036380403885
0.006615474375623429
0.006370805337549159
0.006624884723241673
0.03439482054467088
0.0078011781755218034
0.007349481489846229
0.020129796432145772
0.018798815530174064
0.015136038629399207
0.057366308643121734
0.02123378834308353
0.01967581845007789
0.02052186832574983
0.019882172078290586
0.02017106715778831
0.02057345673280298
0.020490915281517922
0.021213152980262266
0.6749208117951736
0.02505133046501791
0.024834659155394623
0.0067346211666970785
0.006604273660244883
0.006482615987556162
0.8795589040381676
0.006091573468199553
0.006135022637016951
0.006300129478523077
0.006317509146050033
0.006395717649921367
0.006117642969489995
0.006343578647340472
0.006161092138307391
0.03749663268941665
0.006934487343257128
0.00632619897981351
0.020935908765728217
0.021840676682237083
0.02301897908513233
0.6033539536253821
0.02203004671127383
0.019631359676808475
0.020935908765728213
0.020999032108740455
0.021482977738501025
0.020767579851028888
0.021272566595126885
0.01973656524849554
0.1186718848630224
0.022661280141396286
0.022661280141396258
0.01486392661914121
0.009935361477004905
0.011069713771623585
0.434505823334409
0.009974477073371065
0.00983757248608951
0.009827793586997965
0.009925582577913369
0.009994034871554147
0.010072266064286472
0.01008204496337802
0.00979845688972334
0.4255972462620155
0.013504659645417107
0.01101104037707434
0.017818258738039248
0.023367800216506803
0.026067913447061625
0.6231537820249602
0.024885836226311808
0.023853074022919876
0.022135951323304353
0.02222305175009644
0.021837321288588625
0.023554443988204107
0.02420147573008825
0.02253412470292534
0.05453731008996235
0.03294884716363683
0.036880809287394095
0.008210890233362167
0.008085628750015684
0.007722370448310874
0.7597547380156073
0.007559530519960435
0.007628424335801003
0.008022998008342446
0.008217153307529495
0.008079365675848356
0.008091891824183003
0.007215061440757605
0.007402953665777332
0.1361153908784588
0.008430097829218518
0.009463505066827034
0.02465877384812616
0.029208455873111692
0.042379911017268734
0.5220320237287285
0.02940954679134308
0.028705728577533163
0.029711183168690203
0.028177864917175752
0.029761455898248045
0.028102455822838955
0.0320740014579092
0.029183319508332747
0.06208682100394642
0.046376593017117905
0.03813186536963027
0.021136945155189706
0.018318685801164407
0.017478152309613002
0.026526248130431054
0.016093744205881264
0.017379266016489304
0.017070246350477762
0.016748865897825736
0.01703316399055636
0.016996081630634985
0.016489289378376057
0.017861336695467318
0.5960247710164277
0.04888691116302635
0.13595629225843933
0.008032239112873594
0.008463685099507947
0.008270911360798978
0.8052893442021009
0.00828927076448555
0.007683410442828796
0.008243372255269126
0.008032239112873592
0.007830285672321344
0.008252551957112412
0.008482044503194515
0.0077017698465153646
0.08751009767202761
0.01001505471102296
0.007903723287067614
0.007122373184147405
0.0077962170717565124
0.006793286634384816
0.448466613385987
0.007474965916035894
0.00771002773729489
0.0074984720981618
0.007545484462413594
0.007616003008791294
0.007592496826665392
0.007553319856455564
0.007647344584959151
0.45340291163242585
0.008524908717659383
0.007255574882860833
0.015289711390174047
0.017008151575236826
0.03180436219431593
0.025706102665785442
0.0159858999779687
0.016109275170742447
0.016928838951310858
0.015104648601013423
0.0164705882352941
0.017854152897113885
0.015263273848865371
0.015633399427186598
0.6559770874641994
0.10309759858999783
0.02176690901079535
0.021193567920339027
0.023413846464374534
0.022808315952364856
0.5704545964251267
0.022494337168359836
0.02321200296037132
0.023884814640382078
0.022785888896364483
0.021328130256341202
0.022965305344367373
0.02301015945636808
0.02267375361636271
0.12612976294601785
0.028123528224449898
0.025521989728408283
0.016795411985018723
0.017068508114856433
0.01628823345817727
0.6695341760299625
0.015156835205992482
0.016034644194756545
0.015742041198501866
0.015215355805243422
0.014396067415730315
0.015137328339575509
0.015000780274656665
0.015859082397003735
0.11973314606741577
0.020638264669163554
0.017400124843945063
0.014350564912362663
0.009904459342661586
0.01548739750986942
0.23747342848466452
0.010340504722527191
0.010052403310830273
0.009538492684560099
0.01034829124716765
0.010441729542853134
0.0104650891167745
0.009974538064425702
0.010605246560302737
0.20446635053376616
0.02707374617486977
0.40947775779236456
0.010420797532496119
0.015983696849526288
0.014166115884556036
0.019971359330248902
0.0144525225820665
0.014474553866490379
0.017393699052654723
0.015168539325842657
0.01598369684952629
0.0151795549680546
0.015796430931923292
0.014827054417272488
0.7721744877726371
0.012458691341705191
0.031548799294998854
0.0054150578031331
0.00565856147308127
0.0049976229403648105
0.6324833895710863
0.005380271564569075
0.005142565601048246
0.005704943124499967
0.005397664683851086
0.005554202757389197
0.005415057803133099
0.005374473858141744
0.0055020233995431616
0.2946220475180019
0.0067137440428566685
0.006638373859301287
0.019878997407087245
0.015573481865616658
0.020151093184800996
0.5616857133711074
0.01565351003553247
0.016837926950286457
0.016325746662825272
0.015173341016037609
0.016261724126892627
0.01653381990460638
0.016069656519094682
0.016213707224943134
0.2183168475303307
0.016405774832741082
0.01891865936809752
0.021474635994947117
0.023602154112093574
0.022715688229949214
0.03867207410854773
0.022715688229949214
0.023003789641646143
0.02180706070075125
0.022361101877091477
0.023845932229683287
0.02280433481816367
0.022028677171287335
0.022006515524233727
0.36794982603107124
0.024665913170666826
0.3203466081599181
0.005630351927931493
0.005993334323285323
0.010864723060931543
0.03308502037651174
0.006084079922123775
0.006051081522546156
0.006612054315365703
0.00588196472471085
0.006145951921331816
0.005943836723918887
0.006112953521754192
0.0065295583164216514
0.5160207229949348
0.009911894273127757
0.36913247207510497
0.006661633432517633
0.006232328166866493
0.006136104572841239
0.7792260662314405
0.006195319092241398
0.00612870275791622
0.006202720907166415
0.006402569910141944
0.006180515462391358
0.006224926351941476
0.005988068274340847
0.006498793504167202
0.13845834998741677
0.007039125993693631
0.006424775354917005
0.023092791764305304
0.02119008992769733
0.019307416531474702
0.6629413767549922
0.02046906607382483
0.022311682589276776
0.020168639468044633
0.02072943579883436
0.021590658735404274
0.02100983396422921
0.021009833964229202
0.020829578000761087
0.03735304131867247
0.046506038574776136
0.021490516533477524
0.05452486717184923
0.05077954881978929
0.05165055308771021
0.26417559446041255
0.05086664924658139
0.051563452660918115
0.051127950526957656
0.051737653514502296
0.05121505095374975
0.051911854368086485
0.05147635223412603
0.05086664924658139
0.06488981796010805
0.05330546119675995
0.049908544551868377
0.04749903741818051
0.03703314781756444
0.0926528754944169
0.15954356120270238
0.03874829360495642
0.03857327872869189
0.037138156743323124
0.03608806748573627
0.03640309426301233
0.0366481150897826
0.038153243025657126
0.03790822219888689
0.17655500717560993
0.13938184745703386
0.04767405229444502
0.03955777754870633
0.014053533999931273
0.016261210184517073
0.7229667044634575
0.013770058069614817
0.013082843693090042
0.014087894718757512
0.013520942858124597
0.013838779507267291
0.013709926811668884
0.013297598185754055
0.014706387657629787
0.05842181218431094
0.021063120640483813
0.017661409476686263
0.01793324846405053
0.020054980535414508
0.01774875002306235
0.5214294939207766
0.01806239737274225
0.01808084721684107
0.017840999243556442
0.01719525470009783
0.018025497684544617
0.018080847216841077
0.018007047840445784
0.01800704784044579
0.23899928045607938
0.022158262762679688
0.018376044722422144
0.04538444591319662
0.04216787838730987
0.06745979290592624
0.19453624146287743
0.03859881031064101
0.03701255783212151
0.03868693544833653
0.038554747741793245
0.03978849966953062
0.040934126459572485
0.03948006168759629
0.03895131086142312
0.25578321216126915
0.04415069398545923
0.03851068517294548
0.010197779091924559
0.008706222485051584
0.009580130100532228
0.015355805243445672
0.008377685787502469
0.00784545633747291
0.00856823707208096
0.008489388264669172
0.008522241934424081
0.00843025165911033
0.009139890925816407
0.007858597805374871
0.587548459162889
0.018936855246731048
0.2824429988829752
0.04909042268592848
0.061530230069555984
0.06781701444622794
0.058386837881220066
0.057450508293205006
0.056046013911182586
0.05457463884430191
0.05484216158373477
0.05564472980203329
0.057517388978063265
0.05664794007490652
0.05604601391118257
0.14399411449973243
0.11898073836276081
0.0514312466559659
0.009518957726016294
0.011122746441004173
0.00922650213681262
0.014556741101331165
0.010896329210652951
0.011028405928357831
0.010868027056859042
0.010801988698006599
0.011500108491589557
0.010783120595477333
0.011028405928357823
0.011849168388381038
0.8478381871527115
0.009651034443721174
0.009330276700723604
0.08675202508492277
0.057660482536364514
0.06123160003484026
0.11610486891385746
0.05635397613448315
0.055831373573730594
0.05757338210957243
0.058270185523909154
0.058531486804285424
0.05748628168278033
0.057486281682780326
0.05879278808466171
0.08326800801323918
0.06819963417820751
0.06645762564236565
0.016470888661899948
0.015846668936556604
0.014896152536601997
0.019350811485643004
0.015293383270911386
0.015449438202247215
0.013974009760526639
0.015931789808194322
0.017549086369311125
0.015137328339575568
0.017066734763364018
0.015108954715696319
0.7747276132107588
0.01661275678129614
0.016584383157416897
0.00548122596381946
0.00535284694430026
0.006859904999525569
0.8566173802865636
0.005626350072841146
0.005631931769341985
0.005497971053321961
0.005643095162343653
0.00549797105332196
0.005570533107832807
0.005408663909308612
0.005821709450370354
0.06706966515402693
0.007819956797669093
0.0061007942754120826
0.021124072616236108
0.012440659366874239
0.6216512798492331
0.044323576421193285
0.012488370428683917
0.012726925737732327
0.012070898637849234
0.012524153725041185
0.011987404279682281
0.012500298194136346
0.012202104057825836
0.011868126625158066
0.16472244089792215
0.02164889429614261
0.015720794866289786
0.7837253123037198
0.013911182450508241
0.015818735896899024
0.021634447623700134
0.01386465675669382
0.01405075953195148
0.01435317654174513
0.014376439388652346
0.014376439388652336
0.014213599460301894
0.014213599460301905
0.014283388001023512
0.01993625979947421
0.014841696326796435
0.016400307069579134
0.00890342767742856
0.008211254918693435
0.011548855070402543
0.842876783767127
0.007974209453373186
0.008135400369790956
0.008249182193144676
0.008069027639501286
0.008069027639501285
0.008087991276726905
0.008173327644242194
0.008173327644242194
0.042431138292324616
0.011368700516759152
0.009728345896743026
0.2380677998655526
0.042927110342840566
0.13646403534043997
0.04014213002977037
0.046048208969557164
0.04609622587150665
0.042350907519446736
0.04715259771439534
0.04782483434168815
0.04470373571497155
0.047920868145587124
0.04470373571497155
0.07428214731585517
0.05920484010371634
0.0421108230096993
0.01352786628654479
0.02221476885236733
0.016792442282967158
0.032142657499021725
0.018603611157694662
0.018380010062049288
0.01810050869249259
0.018055788473363497
0.01868187154117054
0.018167589021186186
0.019319134663759844
0.017396165241209665
0.693867739951926
0.048241936385488314
0.026507909888758428
0.008718893530892394
0.007905822110352826
0.009549264343358344
0.8383977303197799
0.007499286400083036
0.0077241784951258986
0.007905822110352822
0.007343591872745672
0.007871223326500077
0.00742143913641435
0.007585783359714907
0.0076463312314572094
0.05188952608315821
0.010734272690314952
0.011806834989750128
0.053865503940969325
0.018927832746380435
0.03676002012409857
0.3253395941640115
0.019140253787243534
0.019073173458549926
0.018447090390742896
0.018245849404662062
0.018838392308122284
0.017608586282072767
0.018659511431605998
0.020057018279389542
0.25226675610710503
0.13850969869752353
0.024260718877522458
0.023436273520374903
0.025746260288411864
0.02684518603242943
0.029693422144475016
0.02397452286438351
0.024804323936396803
0.023368992352373826
0.023458700576375276
0.024938886272398948
0.023279284128372386
0.02484917804839751
0.02321200296037134
0.3472605351095563
0.08511067752136152
0.2700217542443202
0.06174714039882585
0.06579613321186356
0.072072072072072
0.0674157303370786
0.06660593177447105
0.0669096062354489
0.06529000911023386
0.06518878428990792
0.0657961332118635
0.06599858285251545
0.06559368357121169
0.06620103249316729
0.0723757465330498
0.06893410264196778
0.06407531126632256
0.01360694090370227
0.023542001070090905
0.024528163325255134
0.031169021915882382
0.022492892288001286
0.02240896358543412
0.021716551789254974
0.022713205132240108
0.019513423346866794
0.022597803166210243
0.023982626758568538
0.021087086520001203
0.47222484499417733
0.025598254282986538
0.2328182209213276
0.014738636505033183
0.014483556683713464
0.03234536563514879
0.05531499247203455
0.013550337825226785
0.013425908644095211
0.013089949855040006
0.014278248534846398
0.01301529234636109
0.015547426182388299
0.014477335224656884
0.014035611631639855
0.32872323217240906
0.42425373598616345
0.018720370301243062
0.01603973294251749
0.01389955102705467
0.01330634843092095
0.03701118942936237
0.013934445297415467
0.014923116290971676
0.014678856398446027
0.01414381091958031
0.01372507967525063
0.014864959173703663
0.01527205899457974
0.013922813873961869
0.768278781957336
0.01938958289715493
0.016609672691744
0.024522917781344758
0.017099161762083114
0.026585072231139675
0.38907838416265406
0.018202693062243626
0.017500445871232395
0.01678705189941146
0.017968610665239883
0.01773452826823614
0.017756821829855572
0.017377831282325683
0.016653290529695042
0.35968432316746923
0.025860531478509016
0.017188336008560727
0.7469950352756729
0.013783642539848467
0.015242574688615994
0.07048602038149981
0.013457015939378123
0.013718317219754398
0.013173939552303827
0.013152164445605803
0.013740092326452421
0.013522341259472192
0.013870742966640558
0.013478791046076147
0.016353105130215144
0.013522341259472192
0.015503875968992269
0.02064726783827902
0.0262652453663689
0.0326674989596337
0.4592816671468354
0.02546496366721079
0.02700150452959435
0.026233234098402572
0.027945836934600905
0.027609718620954512
0.025593008739076092
0.025913121418739332
0.02464867633406953
0.1675469765357407
0.02893818624155695
0.05424309356893613
0.052619410921533265
0.041845840847089324
0.0754149905211079
0.1793128959171405
0.03814676099320299
0.03749942201877286
0.03939520044388961
0.03837795348407089
0.038701622971285946
0.038146760993202994
0.038747861469459514
0.0370370370370371
0.1714061127294586
0.13423036019790083
0.03911776945484814
0.023600018049726994
0.01986598077704073
0.019832137538919725
0.570721086593565
0.02019313207887731
0.02044131582509814
0.02062181309507693
0.02050900230134018
0.020768467126934715
0.020114164523261577
0.019561391633951528
0.018658905284057583
0.1257727539370967
0.041999458508190056
0.0373403727268625
0.012397294080074344
0.013384432250384715
0.013805417646546487
0.020555700722933574
0.015111924048427858
0.014313503469500355
0.014749005603460812
0.014516737798681902
0.014690938652266084
0.014923206457044995
0.013819934384345171
0.014734488865662131
0.7885927474377938
0.018654008071306242
0.015750660511569863
0.01476832888655071
0.01815038893690584
0.014242230656495478
0.031778838325003514
0.01728608470181507
0.015519897786629641
0.01717334936680325
0.016158731351696702
0.015845577643330496
0.017223453960141858
0.016258940538373897
0.016860195658437035
0.744804779978204
0.022146230255658757
0.021782971953953935
0.019225967540574238
0.021651507044765414
0.021794185839129607
0.036846798644551364
0.024540752630640206
0.02224005707151769
0.02188336008560722
0.02182985553772065
0.02439807383627602
0.021847690387016176
0.02398787230247898
0.023738184412341653
0.6563046192259675
0.03757802746566782
0.02213304797574455
0.7802077759942909
0.013799714642411235
0.014958979846620256
0.03187979311574821
0.014022650258605279
0.013933476012127662
0.013755127519172426
0.013955769573747062
0.013688246834314211
0.014044943820224682
0.01377742108079183
0.013621366149456
0.021245764223292322
0.013064027108970894
0.01404494382022468
0.0150549518020507
0.0159882114569902
0.017437219868606826
0.09617486338797814
0.016258365567630596
0.017191625222570114
0.01574261681095349
0.016233806103026917
0.015926812795481023
0.016086449315404892
0.016430281819856295
0.0164671210167618
0.6733468410388652
0.036286608951924794
0.015374224841898414
0.7585908239700371
0.014372659176029999
0.016104868913857703
0.04234550561797753
0.013857677902621756
0.014302434456928881
0.014325842696629258
0.014302434456928881
0.014513108614232252
0.01460674157303374
0.014419475655430754
0.014513108614232242
0.02176966292134833
0.017111423220973795
0.01486423220973785
0.013809752027974508
0.014502014661767577
0.021602144239132353
0.7409872730177325
0.014076006887125694
0.014058256563182275
0.014448763689937345
0.014271260450503219
0.01455526563359782
0.014377762394163702
0.013792001704031092
0.014022755915295466
0.06418517137937764
0.016862807746241364
0.014448763689937342
