0.011321075927817512
0.012134453145689108
0.01109408693678359
0.011169749933794881
0.011141376309915654
0.011283244429311855
0.011065713312904337
0.6385956947754702
0.21231036961373986
0.010914387318881709
0.011368365300949566
0.011548064918851445
0.012862709491922987
0.012049332274051387
0.01114137630991564
0.020607152451840277
0.019832803931794107
0.018489546294979363
0.019137470566854713
0.020686167606947033
0.018505349326000738
0.019532546342388463
0.04650832029583278
0.6300984528832626
0.08699568577253121
0.019374516032174997
0.019105864504812022
0.02049653123469081
0.02104963732043809
0.019579955435452517
0.012939073072239958
0.0120065966924061
0.012661642083198478
0.012684761332285266
0.013077788566760689
0.013062375734036161
0.013393751637613477
0.2945623526147869
0.42459271589525477
0.12129899354202313
0.013154852730383321
0.01298531157041353
0.015166227400934028
0.013000724403138054
0.01541283272452644
0.011947654505502328
0.013113062353767996
0.012979618707020016
0.01252591030807689
0.012908448762087753
0.012436947876911566
0.012241230528347866
0.7653971727739374
0.06423087530136021
0.015114717054987662
0.01259708025300914
0.013024099922602674
0.011662974725773292
0.013202024784933312
0.016618182141681547
0.010217310779108507
0.01042309750174916
0.010052681400995984
0.010073260073260048
0.010453965510145262
0.01018644277071241
0.010114417417788178
0.359293328394452
0.5038276330411161
0.011338848417500075
0.010505412190805422
0.010844960283162503
0.011215376383915681
0.01045396551014526
0.010999300325142994
0.01826853124242177
0.019400210168943475
0.01887478781020125
0.018349365451459047
0.01861881281491659
0.018443672028669165
0.01907687333279442
0.12449815428556026
0.6221270174871335
0.021461482499393718
0.01894214965106565
0.019871743054994208
0.021097728558726044
0.020356748309217784
0.020612723304502454
0.05282732249024391
0.04711767633115951
0.051936827217726154
0.051072522982635406
0.06257038841308508
0.052486839003692984
0.05426782954872847
0.08614232209737828
0.21075927817500853
0.08973049422487626
0.05324637908907576
0.05057489327152251
0.04923915036274587
0.04876771168906005
0.03926036510306177
0.01579299639708917
0.0161774967602284
0.0159069224306119
0.016234459776989764
0.016433830335654553
0.015493940559091979
0.017245553324504056
0.3698751085857508
0.41705472721835346
0.019951296620669016
0.01680408994460345
0.015650588855185745
0.015323051508807892
0.017330997849646097
0.014724939832813515
0.014660950128129306
0.013268775872264927
0.014020303567908524
0.014365267100335104
0.014229745712596097
0.014956633155923523
0.013244135619948742
0.7056845062093433
0.09280751034890601
0.030406071358170694
0.014685590380445498
0.013687660161640055
0.015474078454563382
0.014784151389710226
0.013724620540114337
0.00835716280099749
0.008241625988080465
0.008713401307491602
0.008491955749400669
0.008597864494574604
0.008077948836448025
0.008568980291345339
0.8553093979569237
0.029615936377728365
0.010119099197981976
0.00885782232363789
0.00868451710426237
0.008588236426831517
0.008511211884886839
0.011264839259409047
0.008974818710654222
0.009622280659813515
0.009273647302573901
0.009622280659813524
0.009114272053550074
0.00976173400270937
0.009263686349509916
0.21015618774404324
0.6632998645310386
0.013427364730257373
0.009183998724997996
0.0098214997210933
0.009602358753685545
0.009363295880149808
0.009512710176109643
0.009720508324132411
0.010001948431512649
0.009143195283352477
0.009222575826459712
0.00942463539073269
0.009677209846073918
0.009020516262186726
0.02519249781703506
0.8451357768107787
0.009280307130537705
0.009179277348401217
0.009085463979274478
0.009799888867239656
0.009034949088206233
0.017081249594076767
0.01034183064158113
0.010291809695309883
0.010842040104293642
0.010291809695309882
0.00992290521655941
0.011042123889378646
0.010735745593467235
0.21287038947559284
0.6444010929576756
0.013355592654424008
0.011023366034526926
0.00977909499602956
0.013180519342474623
0.010348083259865038
0.011573596443510687
0.02725121205854646
0.029250247007191952
0.027228234645343612
0.027986489281036753
0.02819328599986214
0.027871602215022655
0.028514969784701628
0.03501757772110015
0.192435835573631
0.034856735828680416
0.03035316284092738
0.02890558580914962
0.02830817306587625
0.027572895843385934
0.42625399232554373
0.052885700103786154
0.1064633064091573
0.02662334732187182
0.028037242603372346
0.025194410601206415
0.02304348480062579
0.022246288524886117
0.2063986282207481
0.2265541567017132
0.06362528766752405
0.02218612276822653
0.028744190244122635
0.020591730216747203
0.06169998345441702
0.08570612036159604
0.02855557537205473
0.029110437350137706
0.02762419990884406
0.026772090442502398
0.030497592295345082
0.028397043378316746
0.029447317836830918
0.27287319422150863
0.34845332223609393
0.024552642530170598
0.02891227235796521
0.03079483978360378
0.037690981511206194
0.027525117412757844
0.028793373362661714
0.0083014788215761
0.007818834704042606
0.008253214409822752
0.008455924939186819
0.008175991351017391
0.008330437468628112
0.00828217305687476
0.8799760608517693
0.010724352291594241
0.01021274952700874
0.008156685586316052
0.008050503880458682
0.007683694351133228
0.008253214409822752
0.00932468435074711
0.010242631493242157
0.01042989741084514
0.009778537697443426
0.010087933561309232
0.010332193453834886
0.010674157303370794
0.010144927536231887
0.7126282364435759
0.14961732616837642
0.011292949031102433
0.010731151278293443
0.010576453346360535
0.009908809640123764
0.010315909460999842
0.013238886174890094
0.028033820000448455
0.027674987104442727
0.028549642288456707
0.028616923456457798
0.027697414160443076
0.028280517616452425
0.029289735136468556
0.3981475251743705
0.2224315414115588
0.0367130906725873
0.028415079952454552
0.027787122384444522
0.02908789163246534
0.03002982798448037
0.02924488102446783
0.013654806491885161
0.013097467451400056
0.014022650258605324
0.013242375601926178
0.014357053682896394
0.01426787943641877
0.013197788478687359
0.050361155698234385
0.7617375601926165
0.02039860888175495
0.013911182450508304
0.01401150347779562
0.01377742108079188
0.01349875156054932
0.016463795255930107
0.005785179240235404
0.005805243445692867
0.005711610486891372
0.005745050829320477
0.00591894060995183
0.005671482075976443
0.00575842696629212
0.9177835741037998
0.007998929909042258
0.005457463884430161
0.005798555377207048
0.005718298555377191
0.005678170144462264
0.005691546281433908
0.005477528089887626
0.007866960557676097
0.0077683995484113585
0.007866960557676097
0.007642958263892607
0.007849040374173418
0.007642958263892612
0.007463756428865816
0.377694747594214
0.02338583947099618
0.5047488486282101
0.007795279823665383
0.0077415192731573445
0.00861064817303729
0.007866960557676102
0.008055122484454233
0.008334518560659964
0.008372445835111203
0.008400891290949635
0.008144882188403764
0.008675864030721122
0.008514673114303354
0.008268145830370294
0.8821504764613862
0.009965391362063281
0.008021618546437237
0.008581045844593025
0.008344000379272775
0.008163845825629385
0.007850945811406655
0.008211254918693435
0.008274734532836179
0.008024490544947993
0.008458246790620846
0.008249710134047362
0.00843322239183203
0.008166295471417968
0.007991124679896235
0.43147068391681936
0.0294787417732289
0.4398621989773368
0.0082163442689956
0.008149612538892088
0.007899368551003889
0.00843322239183203
0.008892003036293714
0.020807324178110678
0.02034737280154191
0.019777909192456762
0.020894933964123792
0.02117966576866635
0.0211139584291565
0.020281665462032077
0.6753838403749687
0.051295529710668655
0.024202203386118216
0.019624592066933857
0.019471274941410946
0.0209606413036336
0.019909323871476436
0.024749764548700072
0.01223176911213923
0.011808768451200697
0.011570830579422767
0.012822207534699266
0.01249614452522581
0.01219651905706102
0.012681207314386433
0.07390174047146955
0.7535580524344566
0.020374531835206
0.012081956378056839
0.012275831680986992
0.018647279136373658
0.011976206212822199
0.011376955276492604
0.007473534793836473
0.007980891465576704
0.007382324605658453
0.007365222695375065
0.008140509294888252
0.007154299135213402
0.007410827789464078
0.6185532924027616
0.10175066554934191
0.1881837201215376
0.007359522058613945
0.007724362811326022
0.008089203564038094
0.007587547529058995
0.007844076183309673
0.05307798241888357
0.02611426438601227
0.043244912931001106
0.032626742345264234
0.1593497818448592
0.06327142618119096
0.03987283936316709
0.07543405794303493
0.2558142528025536
0.0319059937964142
0.05629560986910684
0.03462167136440267
0.057106451986563105
0.03088922352214364
0.040374789245401915
0.009815317060570837
0.010263939585499978
0.009223951004982424
0.010345507317305274
0.010161979920743344
0.009815317060570828
0.010100804121889377
0.7051870280117188
0.11717884404929407
0.05853164488128498
0.010066817566970495
0.010202763786646005
0.008972450498582765
0.009754141261716857
0.010379493872224147
0.011271681463353618
0.011664671942266103
0.013081819426829322
0.011087095026288662
0.012099343229548106
0.011879030385309285
0.011926665594874439
0.1300203045080772
0.7132241296154056
0.011134730235853813
0.012510196912047524
0.0126173761335691
0.012998457810090312
0.013147317839981404
0.011337179876505699
0.011449973247726031
0.010906010344212564
0.011084358837167798
0.01161048689138574
0.011057606563224512
0.011530230069555883
0.01151239522026036
0.41615837346174395
0.4036561441055822
0.04500624219725346
0.011494560370964838
0.010772248974496136
0.011949349028000683
0.010629570180131952
0.011182450508293177
0.006322506223945216
0.006169189098422295
0.006249498068934297
0.006154587467420108
0.006110782574413562
0.0062056931759277515
0.006183790729424478
0.9111052704587081
0.008892393280329411
0.006271400515437571
0.005658132013345886
0.006161888282921198
0.0064539209029648575
0.00604507523490373
0.006015871972899368
0.006836805037346589
0.0068154844395170305
0.006467248008300828
0.0066875608525396495
0.0069434080264944
0.006929194294608023
0.006708881450369206
0.9007312965055548
0.010155711432815254
0.008080506577404443
0.006858125635176152
0.006822591305460213
0.0065383166677327005
0.006779950109801086
0.006644919656880516
0.012001302719426794
0.012212994626282345
0.011871030776746437
0.011659338869890873
0.012017586712261823
0.012115290669272086
0.012229278619117389
0.09516365412799217
0.743608532812245
0.017700700211691914
0.011805894805406272
0.011822178798241316
0.011805894805406267
0.012050154697931916
0.011936166748086603
0.019709405795946468
0.020001593752490162
0.02042659441655369
0.019682843254442518
0.02005471883549811
0.019682843254442507
0.019523468005418692
0.04287194198740925
0.6954073365739635
0.022950035859430958
0.019603155629930598
0.019257842590378972
0.020612532207081515
0.019762530878954427
0.02045315695805766
0.012500821341743856
0.013814968131940327
0.014028516985347251
0.013905315723766338
0.013847821801695245
0.013527498521584861
0.01395459622839871
0.43042414087653574
0.37725047637821135
0.01343715092975885
0.0131250410670872
0.013946382810959985
0.02961758328405284
0.01303469347526117
0.013584992443655956
0.015693053366549692
0.01615062619689185
0.01608283762943375
0.015557476231633493
0.015455793380446347
0.016184520480620898
0.015269374819936581
0.5219380751436269
0.26734116291287513
0.01716745470876332
0.016201467622485425
0.015964207636382084
0.01728608470181499
0.016252309048079002
0.017455556120460236
0.007393839211919505
0.007862934751044305
0.007341717485350086
0.007594880157258707
0.0072449199931497255
0.0074310690166119525
0.007468298821304392
0.8941928950640727
0.008741558141786003
0.008466057587061915
0.007557650352566266
0.0073640553681655506
0.007140676540010885
0.006909851750917728
0.007289595758780664
0.009541644373105044
0.009006598894239333
0.008839397182093802
0.008772516497235589
0.009151507044765465
0.008560727661851245
0.008928571428571423
0.08682227572677013
0.7945536828963792
0.010723203138933482
0.00929641519529159
0.00867219546994827
0.00862760834670946
0.00868334225075797
0.009820313893347596
0.024602480432393572
0.025992957904415807
0.02697974836843158
0.025028594496400394
0.026665769584426582
0.02534257328040542
0.026037812016416532
0.04850972212877598
0.2059700823072956
0.027742268272443773
0.02612752024041796
0.024692188656394984
0.02534257328040542
0.025432281504406844
0.43553342752696894
0.010278714881831953
0.01084562411130006
0.011914387412756366
0.011328890995436831
0.011124431929071275
0.010566816293528852
0.010799156141671535
0.7998159868402708
0.05174673097833662
0.013568647131532222
0.010873504893077195
0.010371650821089023
0.013159728998801115
0.010353063633237597
0.013252664938058184
0.015811421290397275
0.015463917525773158
0.01585003281979995
0.014923356114135639
0.015734198231591914
0.01590795011390397
0.015869338584501288
0.7735047685238824
0.020502722112822835
0.01751032858411517
0.016023784702112007
0.015927255878605308
0.016101007760917368
0.015097107996447699
0.01577280976099459
0.006022524109671272
0.006303096738832561
0.0059507497161649
0.006348771352882072
0.006061673778856572
0.005937699826436466
0.0061138733377702975
0.9091140429863369
0.01006798992548514
0.0067794177139203155
0.006185647731276672
0.006231322345326181
0.006694593430685509
0.005892025212386955
0.006296571793968344
0.016166016968585193
0.01586983107849884
0.01680616066651381
0.017885806007796407
0.01622334326989224
0.015105480394404968
0.016013146831766426
0.15932890009936568
0.4175934418711306
0.21238439195903075
0.016701062447450902
0.017064129022395493
0.025385997095467412
0.01615646258503402
0.021315829702667603
0.004486864047677631
0.004278411110199842
0.004575712840700951
0.004346756335602394
0.0043638426419530365
0.004042620082561036
0.0046201372372126105
0.9303664670986086
0.010456819486590668
0.005761502501435249
0.004367259903223163
0.0045278711829191565
0.004462943218786736
0.004579130101971076
0.00476366221055797
0.018368892816563558
0.018768673988974447
0.017779741615115904
0.018474098388250617
0.018032234987164893
0.01759037158607916
0.01735891932836761
0.3086731473298822
0.12115473635483741
0.02040988090729283
0.017443083785717267
0.017295795985355356
0.018221605016201632
0.01855826284560029
0.3518705550645961
0.008279709710043444
0.008668689360850855
0.008301937118661009
0.008890963447026525
0.008668689360850862
0.008635348247924505
0.008746485291012336
0.0830971671167717
0.048244590404427704
0.010413540937329824
0.008490870091910324
0.00841307416174884
0.009035441603040706
0.008968759377188005
0.7631447337712125
0.030048317465763183
0.030134088115046993
0.029104840323641232
0.030076907682191147
0.0297624153014838
0.030562941361466076
0.03021985876433079
0.027989821882951627
0.5839551705406407
0.0287903479429339
0.031106155473596915
0.02964805443577203
0.029562283786488217
0.02987677616719556
0.029162020756497084
0.008862161734451661
0.008712700673453958
0.008677533364983918
0.008545655958221241
0.008809410771746597
0.00868632519210143
0.008756659809041523
0.35329078089008464
0.10783175959627928
0.011156828612122187
0.008800618944629076
0.008950080005626781
0.42952471382602725
0.009240210300504656
0.010154560320725864
0.013943837808373348
0.013750417611788097
0.013205324330502375
0.01410209069648856
0.013697666649083026
0.013345993564382558
0.013600956550790395
0.7312602204990238
0.08522797207715706
0.017460568655377963
0.014093298869371034
0.013099822405092243
0.013574581069437862
0.015552742170877964
0.014084507042253523
0.014699545921580287
0.014185807563554358
0.013953796692187815
0.014484107255311353
0.014136090948261529
0.014102946538066296
0.014318385204335244
0.7776838686155589
0.027543004872228292
0.016108183354877174
0.013854363461602154
0.014401246229823285
0.017649398428954934
0.015064134433727705
0.01781512047993104
0.01089547156962887
0.010754581851056075
0.010648914562126488
0.01042583917438625
0.010566728892959043
0.010331912695337715
0.010249727026170257
0.8364974815962807
0.02012374813614642
0.014265084005494711
0.01046106160402944
0.01055498808307796
0.011928662839162645
0.011118546957369116
0.011177251006774448
0.01053139021767342
0.01095783735676935
0.009516260614825505
0.010582378462565331
0.010925390291838147
0.011643861015314984
0.011208143286238703
0.16459468980605918
0.6097591500723109
0.09733192420365633
0.009683131234471733
0.01031353135313529
0.01080487262209364
0.010522119627693071
0.011625319835354296
0.010496333364806569
0.01041765020614985
0.010724514524911062
0.01038617694268716
0.010590753155194635
0.011235955056179747
0.010598621471060308
0.6533928178012774
0.05633714159821235
0.15913668838321848
0.010630094734522996
0.010543543260000603
0.014627199194284419
0.01087401252635883
0.0100084977811349
0.00924720110643368
0.00949958104929486
0.009136153931574752
0.009681294608154912
0.009156344327003655
0.009206820315575891
0.008803012406998004
0.1726379761147622
0.7035040431266846
0.013113661831066978
0.009085677943002525
0.009378438676721484
0.008792917209283555
0.009095773140716978
0.00966110421272601
0.012201243291246736
0.01221411380104763
0.012561617565671741
0.012008185644233338
0.011969574114830657
0.012690322663680675
0.012445782977463706
0.257242879390453
0.5314490906984825
0.06303975700477481
0.012265595840251201
0.013050696938105686
0.012252725330450309
0.012497265016667277
0.012111149722640484
0.01582368543879421
0.014696674749268567
0.015789533599717655
0.01575538176064111
0.015584622565258456
0.01593752490238265
0.01476497842742162
0.3597668567785708
0.4275468733991327
0.017656500802568212
0.015857837277870733
0.01515203260362235
0.014594219232038946
0.017633732909850517
0.02343954555286136
0.012883239495488388
0.01297338939017693
0.012243994787696983
0.012047304108376544
0.013096321064752201
0.012629180701366155
0.013014366615035354
0.24074119604323918
0.3757857382866603
0.026938427621927743
0.013145493734582306
0.012612789811422796
0.012604594366451104
0.21554020275530858
0.013743761217515282
0.012035165248460315
0.012144860765047834
0.011753091062949519
0.011659066334445916
0.011384827542977103
0.011337815178725301
0.011901963549746888
0.05540407127074399
0.7790262172284648
0.025135944086628073
0.012481782708852387
0.011518029241690528
0.012567972043314026
0.011079247175340416
0.010569946562612597
0.009675405742821448
0.00900528750826171
0.00972130425203787
0.009638686935448313
0.00992325769259012
0.009831460674157277
0.009803921568627427
0.8520323859881035
0.022233237864434194
0.010868766982448383
0.009739663655724437
0.009271498861716947
0.009739663655724436
0.009060365719321412
0.009455092898582628
0.011455312096322105
0.011699042140924711
0.012714583993435538
0.01165029613200418
0.011430939091861846
0.011739663815025135
0.011162836042798992
0.2115983003891558
0.21029840681794176
0.013348282109402284
0.01161779879272384
0.011268452395460116
0.012040264203368335
0.01114658737315882
0.43682923460641715
0.007471053340187492
0.007500428386086
0.007808866368020347
0.007941054074563636
0.0077745954811387534
0.008259283738464155
0.007691366184426311
0.8771388705294842
0.0182663827078896
0.010824704413600617
0.007201782086117824
0.007466157499204408
0.007999804166360655
0.007921470710631298
0.008734180313823385
0.014029073827207535
0.013838633911001093
0.014933663429188107
0.014267123722465578
0.014140163778327955
0.015457373198755803
0.014933663429188107
0.1431632070081888
0.09521995810321839
0.5871103916714274
0.01466387354789565
0.014600393575826844
0.013949723862121505
0.01526693328254936
0.0144258236526376
0.04085353834023263
0.0349152375320324
0.037551744529864026
0.03700965897890795
0.040089690518430914
0.03678789670806232
0.04058249556475457
0.17041198501872654
0.279494382022472
0.03294401734673765
0.03614725014784152
0.04018825152769563
0.03513699980287801
0.03944904395821017
0.09843780800315394
0.016967772047858123
0.0165294901130426
0.015852145304691322
0.015635850323873268
0.017263754653188062
0.016717325227963525
0.014491763714809393
0.16615438908051858
0.6165260749291344
0.018037863005589513
0.017155607162779044
0.016398574729915887
0.016916544289243315
0.018811971357990964
0.01654087405940143
0.005972764686645814
0.006318296528022023
0.0058370200346765985
0.005670424325441637
0.006077658281349306
0.005775317920145126
0.006059147646989869
0.9124015079996795
0.008588934342779941
0.008175530175419122
0.005948083840833226
0.0061208497615213246
0.005534679673472413
0.005472977558940954
0.0060468072240835715
0.012818483937331872
0.013398744527087622
0.013310826255912511
0.013011904133917113
0.013310826255912503
0.01322290798473739
0.01311740605932726
0.06551669567969612
0.03370786516853936
0.7416082010163355
0.012906402208506985
0.013064655096622194
0.013011904133917123
0.013064655096622186
0.014928522445534637
0.043114711262085124
0.03976134483058964
0.042853409981708855
0.04198240571378794
0.04085010016549077
0.04259210870133258
0.04241790784774839
0.13038933890776047
0.28460064454315803
0.0644543158261474
0.04324536190227326
0.04263565891472863
0.04533577214528347
0.04320181168887722
0.05256510756902699
0.019455494296725356
0.016097890059785513
0.018245826257550727
0.019339180062189362
0.01962608850737821
0.018873923124045257
0.018804134583323646
0.14748644939167657
0.6000496274067352
0.017338575228169742
0.019160831569234114
0.017710780778685035
0.016857809725420867
0.01719124386442414
0.03376214514465614
0.005456438238144809
0.005312847758193626
0.005456438238144804
0.005187206088236343
0.0054444723648155394
0.005414557681492376
0.005528233478120395
0.2331011953907457
0.05688576180732551
0.6446255279941604
0.005641909274748412
0.005300881884864361
0.005773533881370321
0.005288916011535095
0.005582079908102081
0.016318887105403985
0.01635232744783309
0.0170545746388443
0.01630216693418942
0.016569689673622275
0.015934323167469254
0.01610152487961479
0.1703283841626539
0.11826177100053502
0.5056346976993048
0.015716960941680066
0.016419208132691286
0.019127875869448918
0.016670010700909597
0.023207597645799872
0.01376909568433645
0.013349495702985341
0.014002206785087073
0.013831258644536618
0.014235317885837689
0.014344103066187976
0.01411099196543736
0.12476106112173033
0.6906460285638792
0.019239436181950936
0.013815717904486576
0.013675851244036209
0.013629229023886082
0.013131925342284764
0.013458280883335632
0.004095540640206338
0.004000774609296139
0.004107901426846799
0.003922489627239876
0.0039842935604421795
0.004177945884476086
0.003992534084869157
0.9382867125663874
0.007041528122849743
0.004165585097835623
0.004083179853565873
0.004066698804711927
0.003835964120756639
0.003980173298228695
0.006258678302287159
0.007533197139938722
0.007677902621722859
0.007499148791283638
0.007788559754851903
0.0076438542730677735
0.007848144364998309
0.007941777323799804
0.31567075246850523
0.027383384405856352
0.5615764385427306
0.008026898195437527
0.007873680626489623
0.008137555328566567
0.00790772897514471
0.009490977187606406
0.005396414935139849
0.005165747030150745
0.005159676822124715
0.00520823848633295
0.005068623701734282
0.00506862370173428
0.005098974741864426
0.9271999951438342
0.005529959511712492
0.005092904533838396
0.005238589526463098
0.005244659734489122
0.005426765975269996
0.005177887446202805
0.00492293870910958
0.021232080588919
0.022032803822807676
0.021903654914115948
0.022291101640191123
0.020276378664600248
0.021361229497610698
0.020922123208058863
0.687459640966034
0.03032416376081621
0.020922123208058852
0.02110293168022726
0.021387059279349075
0.02161952731499416
0.022291101640191106
0.024874079814025552
0.007030022955177022
0.00728675848737468
0.007490636704119874
0.007150839676211213
0.0074755346139906
0.007218799081792947
0.007226350126857586
0.8940588377431443
0.007400024163344227
0.011470037453183536
0.006984716684789201
0.007475534613990601
0.007679412830735805
0.0074302283436027804
0.006622266521686629
0.014350482948945432
0.013969380379788456
0.014219068269925783
0.014350482948945432
0.013378014324200044
0.014271634141533643
0.014797292857612231
0.3633484460214206
0.2883238057691042
0.17681845062093446
0.014048229187200242
0.013785399829160948
0.013653985150141304
0.015007556344043663
0.015677771207043854
0.008106707346886883
0.007813340374140679
0.007920908264147628
0.008057812851429182
0.007881792667781464
0.008106707346886882
0.008116486245978424
0.8857140063171679
0.009241059641505546
0.007940466062330698
0.00839029542054156
0.008380516521450018
0.007960023860513784
0.008175159640527667
0.008194717438710747
0.011643212974073659
0.0121450129086215
0.012741354859823268
0.011126868113886757
0.012872259190574878
0.011985018726591749
0.011388676775389971
0.7778771681029781
0.04911094142031202
0.020115632158830596
0.012668630231627937
0.012115923057343376
0.017570270171993765
0.012210465073997307
0.014428566233955128
