0.006166357473718583
0.005717152624639745
0.005956339622201198
0.005810493891980798
0.006148855986092136
0.09033101146930834
0.005787158575145538
0.006656399127259138
0.005728820283057378
0.005740487941475009
0.005833829208816066
0.005979674939036467
0.005693817307804481
0.10183532266909347
0.7366142788803722
0.011697201158650234
0.01185402483349017
0.011300529510525665
0.011318979354624477
0.018366819800372705
0.8337300049814583
0.010885408018302263
0.011254404900278603
0.011282079666426843
0.01249976937694879
0.011383553808970338
0.011475803029464429
0.012029298352428948
0.011189830445932752
0.009732292762126185
0.019590895995390326
0.0212347687562492
0.020675513074719896
0.021302557323707304
0.021150033046926583
0.6972393105902684
0.020268781669971314
0.023217584354398572
0.01945531886047413
0.022183808700662572
0.019675631704712947
0.02145508160048802
0.01960784313725485
0.03245377667056443
0.020489094514210125
0.013877281497301929
0.013144726117146966
0.013464574240876609
0.013454256559465977
0.014424118612065518
0.6346199482052395
0.01307250234727254
0.02200761444888103
0.014455071656297403
0.013206632205610773
0.013474891922287246
0.013743151638963698
0.013567751054982936
0.18039434178351446
0.013093137710093808
0.01203580270424678
0.011731098838316467
0.011502570938868752
0.011654922871833916
0.012442074525487177
0.7480606868532975
0.012708690408176194
0.0132800101567955
0.011705706849488953
0.011667618866247672
0.011794578810385294
0.011858058782454108
0.012099282676315588
0.0950168221925982
0.012442074525487182
0.04418772309261311
0.01877934272300469
0.01812874751630885
0.020731128343092296
0.02445886304091718
0.3205500167044715
0.019553023509345725
0.029821877582599236
0.018322167712894105
0.01932443600429043
0.01944752158393559
0.01986952928557614
0.01842766963830425
0.36394647535650876
0.04445147790613843
0.011273786554685434
0.010428883088059141
0.010908082069130765
0.01049193558556854
0.01204302702430044
0.8044994262222692
0.010781977074111911
0.01131161805319109
0.010580209082081753
0.010517156584572323
0.010542377583576087
0.01079458757361379
0.010756756075108141
0.0530649819039332
0.012005195525794777
0.009897422036886856
0.010257796311311865
0.010309278350515438
0.009742975919276137
0.009936033566289531
0.3718933806968095
0.01011622070350204
0.47918195039705525
0.010064738664298467
0.009331119605647555
0.009742975919276137
0.009936033566289533
0.009910292546687748
0.02859827277758465
0.011081508938569027
0.012501496417149791
0.012894840353667501
0.012116703435773766
0.01217656012176559
0.01031245190087731
0.431327279257093
0.011766114274964505
0.012792228891967215
0.012706719340550331
0.012869187488242432
0.012330477314316001
0.01242453782087458
0.01297179894994271
0.4103945410702374
0.010415063362577581
0.019624592066933903
0.019964079987734636
0.019613640843682223
0.02223098320082353
0.013940907199334145
0.6809799154565572
0.018693738090544722
0.016437786100707445
0.02145344634995731
0.02043498258755505
0.019296055369384762
0.018617079527783263
0.018847055216067613
0.057910068554657544
0.03195566944827741
0.012667651673939675
0.01163683010915255
0.01138485150442682
0.01097252287851195
0.01975741332508677
0.307574247786597
0.011568108671500077
0.01102979074322234
0.011190140764411462
0.011625376536210461
0.011476480087963429
0.011659737255036707
0.0111099657538169
0.5361073886999052
0.010239494210218884
0.016343207354443348
0.0159784036188531
0.016367527603482694
0.015929763120774387
0.4300063232647504
0.354929714480276
0.015516318887105442
0.017388978063135403
0.016172965611167895
0.016245926358285943
0.015686560630380895
0.016100004864049843
0.01580816187557764
0.0212558976603921
0.016270246607325296
0.008559086418051035
0.008294846166218584
0.008398244525631284
0.008719928310470785
0.3230394522184694
0.5604305967234207
0.008398244525631282
0.00875439443027502
0.008317823579421403
0.008478665471841158
0.00853610900484821
0.008329312286022813
0.008811837963282075
0.01384389145470003
0.009087566921715931
0.024462223268035363
0.02002078553640408
0.017667705943486857
0.01934427515344039
0.04205149322509164
0.23031746965507768
0.019383493146655675
0.015824460262368358
0.01945212463478244
0.019216816675490696
0.020442378963468438
0.022128752671725788
0.020952212875267162
0.4918230484146128
0.01691275957409258
0.025628077262971838
0.02193886854914501
0.02161623812930463
0.022542047160150895
0.030916410666442212
0.25030509615789237
0.021167361023439777
0.019484071876446536
0.022471910112359536
0.021756512224887392
0.023383691733647523
0.027002763399682966
0.024954761604174543
0.4456928838951322
0.02113930620432323
0.05181023720349552
0.051810237203495514
0.052668539325842596
0.052122347066167175
0.05430711610486883
0.23478464419475648
0.05204431960049926
0.051576154806491754
0.05040574282147304
0.05188826466916346
0.053370786516853785
0.051498127340823825
0.050717852684144686
0.08036828963795255
0.06062734082396993
0.017672581404392016
0.017150692781563996
0.016127381756411013
0.018624260657784296
0.014531016557172347
0.6823335584617589
0.017652115183888973
0.019105216839606202
0.01749861853011601
0.01645484128445997
0.01690509813552728
0.01906428439860008
0.01706882789955175
0.09627310124639288
0.013538404862773952
0.015723485886544222
0.014022106513199935
0.10088380378185793
0.014513108614232188
0.015700648579519465
0.5913149721384858
0.016191650680551728
0.021067415730337064
0.014627295149355951
0.014604457842331203
0.015095459943363455
0.11286197131634237
0.015175390517950093
0.02473280350781033
0.013485429798118186
0.00821533015237802
0.008170437637884156
0.008221743368734288
0.008709147811810576
0.010203427222820778
0.8819455133138369
0.008657842080960444
0.0077022728438766635
0.008343594479503356
0.008407726643066033
0.00846544559027243
0.007945975065414805
0.007830537171001996
0.009594171668975419
0.007586834949463849
0.01507951126665435
0.015423343771105758
0.01457604224227909
0.014711119297599277
0.016061889850801224
0.4642107202062994
0.015337385644992901
0.02074046785780064
0.014907595014428652
0.014809357156013971
0.014502363848468078
0.014244489470129513
0.01654079941057282
0.333284214404126
0.0155707005587278
0.010147865626682233
0.00976989771959363
0.009323208374852532
0.009449197677215406
0.009128497634837193
0.8308994490831415
0.009872979876072335
0.028679746646966545
0.009437744104273322
0.009643908417230753
0.009792804865477785
0.009540826260752037
0.009598094125462442
0.02335383522889967
0.011361944358542653
0.0073568753344034335
0.006983751513615506
0.006737348990453668
0.00670214863000198
0.008807130185013098
0.8086790008729696
0.00708935259497058
0.08142547379685171
0.006864070288079753
0.006786629495086037
0.006765509278815025
0.006434625890569126
0.0070119118019768565
0.025548421615837365
0.006807749711357045
0.010653177304303206
0.009829518081651023
0.010886288405053821
0.011585621707305673
0.009231199589724442
0.4338896918271244
0.010311281023202298
0.010140332882651846
0.011709947627706004
0.01017141436275193
0.01045891805367769
0.010101481032526744
0.010800814334778596
0.4046964116431221
0.035533902124419064
0.027184978508408116
0.026531433024156063
0.02524947842043085
0.023313978332453553
0.01929215996782546
0.6182665962848454
0.02801447854611267
0.023062614684664303
0.027184978508408123
0.024495387477063073
0.027298092149913297
0.024269160194052758
0.026229796646808946
0.05767538898524497
0.02193147826961266
0.005873952523374567
0.006030231994179945
0.006019454099641638
0.005944008837873532
0.005658394632608528
0.8792714143292109
0.00592245304879692
0.017691913884622636
0.005960175679680983
0.005733839894376641
0.005658394632608529
0.006224234095869373
0.005674561474415983
0.02958532050763882
0.00875165036510118
0.06226591760299637
0.05805243445692896
0.059456928838951456
0.059082397003745415
0.057303370786516976
0.08286516853932586
0.058614232209737965
0.056179775280899014
0.05842696629213498
0.058146067415730474
0.05692883895131103
0.06029962546816493
0.05936329588014993
0.1352996254681648
0.07771535580524344
0.015917602996254707
0.015777153558052454
0.01573033707865172
0.015355805243445719
0.4732443820224721
0.3133426966292136
0.015636704119850214
0.018773408239700376
0.015332397003745345
0.01542602996254685
0.01584737827715359
0.015917602996254693
0.015355805243445719
0.022144194756554336
0.016198501872659195
0.013395553944666001
0.01366739156699292
0.013471064395312364
0.01341065603479526
0.013576779026217279
0.8050924247915915
0.01381841246828566
0.013667391566992931
0.013395553944665997
0.013999637549836949
0.013712697837380734
0.013501268575570902
0.012549836897426659
0.02019149450283923
0.012549836897426654
0.05115791755482498
0.030239531774991894
0.028421065308236085
0.032057998241747654
0.03496031889398702
0.24906969182412672
0.050868889772029344
0.03357539410142466
0.02942061972373762
0.028095909052590996
0.0303358743692571
0.033105723954381806
0.031455857027590114
0.2859448197791344
0.051290388621939624
0.022538790797217753
0.023631175316568595
0.024032459425717873
0.02329677189227752
0.11142322097378274
0.5578740859639733
0.024745853397538802
0.03832263242375609
0.024745853397538806
0.0256821829855538
0.023385946138755137
0.023207597645799896
0.02351970750847156
0.03286070982700201
0.020733012306046014
0.011521614930489431
0.011283565035231384
0.010505935377388436
0.011648574874627053
0.5365009839395669
0.3103694534374402
0.011410524979369015
0.013330794134450583
0.011124865105059353
0.011124865105059346
0.011505744937472225
0.01112486510505935
0.01145813495842062
0.015933472989271898
0.011156605091093752
0.012293101365229013
0.012398815996133912
0.012504530627038829
0.011749426120575147
0.014180862631388229
0.8193034916032379
0.011794732390962964
0.011991059562643526
0.012051467923160622
0.01140207804760184
0.012066570013289892
0.011084934154887083
0.011689017760058042
0.023725383593089292
0.011764528210704416
0.01097607582358787
0.010983719330428802
0.010028280975311481
0.010930214782542235
0.0213330275930597
0.8425208285561415
0.01026522968738057
0.009378582893831694
0.010257586180539633
0.010372238783153714
0.010219368646334945
0.010517465413131553
0.011847435603454866
0.011052510891997247
0.009317434839104188
0.015495526964351594
0.016407599309153753
0.01508800527837616
0.016087403698744486
0.0127884186218005
0.7553608507500335
0.016417302206438885
0.025353670606043027
0.015670179115483924
0.016950961557121
0.015670179115483927
0.014525237235838656
0.016271758747161944
0.035532009858143726
0.012380896935825069
0.022530430711610518
0.020755305867665438
0.020677278401997512
0.021516073657927598
0.032654494382022475
0.6629798689138576
0.021262484394506866
0.024051966292134835
0.022686485642946324
0.021594101123595524
0.02104790886392013
0.021164950062421976
0.020599250936329593
0.046874999999999986
0.01960440074906368
0.009146090897350098
0.008905404294788253
0.00908738684794477
0.009005201178777306
0.007860472215373419
0.8616756483862257
0.008870181865145056
0.016443004238432358
0.009263498996160748
0.009046294013361024
0.009486574383901
0.009656816127176452
0.009099127657825834
0.01563875876157936
0.006815540135958569
0.009330442210394889
0.009565111280072829
0.009302281922033542
0.009414923075478946
0.011085766851585892
0.8581660142866527
0.009349215735969132
0.009161480480226776
0.009133320191865428
0.009067612852355597
0.009264734870885078
0.008485633559554302
0.009274121633672182
0.02085738691297534
0.008541954136277024
0.012190329539895307
0.010802877559367744
0.01065049844011905
0.010594358764606375
0.01298430495071743
0.8064785185541627
0.0120138905597126
0.01115575551973313
0.011067536029641783
0.01242290819559067
0.011781311904017227
0.01079485760572307
0.011075555983286455
0.04540095758246515
0.010586338810961701
0.014735368667952912
0.013474318717764411
0.012446563008360757
0.01268616249889657
0.01920579074137127
0.7707474243054766
0.01282487799341732
0.020744271680601282
0.0122889317645872
0.01158904904223256
0.012440257758609814
0.013928296699832272
0.011450333547711815
0.05130581722342022
0.010132536349764814
0.011433945453645504
0.011780428649210514
0.012168159844247566
0.012316652642346838
0.014222310217954422
0.8324671253444218
0.011648435050900036
0.012448646240657323
0.011862924648154558
0.011780428649210513
0.010963718259664404
0.011978419046676238
0.011508191852695132
0.01112871025755251
0.012291903842663624
0.008325248036055204
0.00824178690286167
0.008408709169248739
0.008481737660793088
0.050389659165597345
0.8363431504491257
0.008606929360583389
0.008471305019143886
0.008940773893357522
0.00813746048636976
0.008502602944091468
0.008784284268619644
0.00867995785212773
0.011340281472671673
0.008346113319353584
0.07677902621722851
0.05978104292711034
0.05927686545664075
0.06093344857389797
0.05502736963411117
0.09845865744742147
0.05855661192739842
0.049985594929415136
0.05776433304523192
0.057908383751080386
0.054451166810717364
0.0616537021031403
0.06295015845577641
0.13382310573321807
0.05265053298761161
0.00898980876414941
0.009021150340317273
0.008874889651533904
0.008707734578638614
0.010081540333996726
0.8774544371836459
0.008436107585183773
0.008457001969295696
0.008425660393127825
0.008206269359952771
0.008561473889855247
0.009130845856904803
0.009407696446387614
0.00946515600269537
0.00678022764431489
0.00921331173561653
0.008579093067304325
0.008921913969094704
0.008913343446549944
0.012015872607752899
0.8604547519262256
0.008476246796767204
0.008759074040744264
0.009170459122892737
0.008724791950565237
0.00887049083382615
0.008476246796767208
0.009033330762176573
0.022240506003651045
0.00815056694006634
0.018341044282881653
0.012219494539388759
0.012125074749000694
0.011951971799955908
0.009945551254209525
0.7914345513486297
0.012353255909105182
0.011951971799955908
0.012463412331224596
0.012069996537940988
0.011708054008120073
0.012093601485538005
0.01327384886538882
0.046611903188241585
0.011456267900418565
0.016406483046634147
0.017168804481124234
0.01665506612309831
0.016953365814855303
0.021958171754333598
0.7495442643598157
0.016853932584269628
0.016903649199562453
0.016489344072122207
0.017831692685028655
0.016804215968976802
0.01675449935368397
0.016887076994464848
0.026200656259321855
0.016588777302707865
0.008215794087178244
0.0073392302175471925
0.007849231014423445
0.008223762849629434
0.011610486891385744
0.8851382580285284
0.007673918240497229
0.007570324328631742
0.007817355964618671
0.007434855366961494
0.0076101681408877
0.007865168539325822
0.007825324727069862
0.010303609849390378
0.007522511753924593
0.0632958801498128
0.05926966292134844
0.05908239700374547
0.05833333333333348
0.05664794007490647
0.08951310861423216
0.05842696629213498
0.05646067415730353
0.05842696629213494
0.05767790262172302
0.05870786516853947
0.05833333333333347
0.056273408239700506
0.1356741573033709
0.07387640449438197
0.05584685809404896
0.051768622555139275
0.05484810653349965
0.053599667082813
0.0605909280066582
0.23687057844361248
0.05326674989596324
0.055597170203911625
0.05351643778610057
0.054598418643362324
0.05334997919267568
0.052517686225551245
0.05243445692883881
0.058010819808572464
0.05318352059925079
0.01494942094883169
0.007854285615694775
0.008849674972195453
0.008905416776159494
0.08650862538057054
0.7894446258265048
0.008491334803855211
0.0071084071912235845
0.008316146277111093
0.007904718676424144
0.009184125795979691
0.010490076631708601
0.008743500107502052
0.017431258411040065
0.005818382585198691
0.007072554655517817
0.007150945039630699
0.006950614058008885
0.007299015765177255
0.42364776587405273
0.47727549864994356
0.007072554655517818
0.007499346746799068
0.007542896960195103
0.007220625381064371
0.007063844612838605
0.00709868478355544
0.00726417559446042
0.012533751415381947
0.007307725807856464
0.007651420572768882
0.008322929671244273
0.008493171414519732
0.008531002913025382
0.008067567056331095
0.5174497786857332
0.00839859266825559
0.34040782355389143
0.008199977301100883
0.008020277683199028
0.00849317141451973
0.007935156811561291
0.008322929671244273
0.042201036583059036
0.00950516399954603
0.014469832876970977
0.01226670443458279
0.012549963805746987
0.012786013281717148
0.011652975797060367
0.2301088974915807
0.012085733169672333
0.013391873603373902
0.012062128222075317
0.01181821043023948
0.011275296635508107
0.013871840871179897
0.012282441066314136
0.5932238063764834
0.026154281937494032
0.011885968985049669
0.010765468783854888
0.010573559909617097
0.011842634723125021
0.010164979725756026
0.8330826136750551
0.011112142879252166
0.015841768037886547
0.01133500479772185
0.011013093137710088
0.011291670535797197
0.010257838858451723
0.010548797474231583
0.02104807007769214
0.00923638839879902
0.017982407983505935
0.016079249472361494
0.016152447876636285
0.015152069684880873
0.04189388671326953
0.6627505520379662
0.01612804840854468
0.016128048408544683
0.016555039100147592
0.016640437238468187
0.017055228196025306
0.016469640961827018
0.016298844685185852
0.10031841305859517
0.014395686174041411
0.009651397291846758
0.009313191286811245
0.009313191286811236
0.009331980509313213
0.009325717435145892
0.6037039820625555
0.00997081407438029
0.07121115328247722
0.009807974146029868
0.009551188105169563
0.009739080330189297
0.010164969373567348
0.010628436861949355
0.2110029686971553
0.007283955256598165
0.025316786073157696
0.019431285805634958
0.019248587349436914
0.01960093437210456
0.018295945399261396
0.09140142765793631
0.019261637239165342
0.024781740594292
0.019783632828302616
0.021571467721097783
0.019196387790523187
0.01753905179501235
0.02140181915462816
0.6467786347205368
0.01639066149891036
0.01594134092947196
0.017439468270295938
0.017207364034393637
0.016954159413409293
0.01569868650102863
0.7616606003059554
0.01737616711504986
0.01390515376905627
0.01630004747586643
0.01615234478029224
0.01565648573086458
0.017798174816690417
0.016616553252096853
0.022566861845228735
0.01872659176029964
0.011203528057460641
0.010676589328274718
0.01061173533083645
0.010765763574752346
0.017956450540720193
0.7525009322762134
0.011665612789208291
0.01460836292296965
0.011025179564505404
0.010368532840442946
0.010709016326993859
0.010854937821229954
0.01055498808307796
0.06732655609060108
0.03917181445271334
0.42107600398830347
0.011671652045681175
0.011671652045681179
0.01195653084650899
0.017679243227844418
0.30822210491918645
0.012191136917778974
0.010037788335051015
0.011478939915709412
0.01157110658656547
0.012786030884213546
0.011646515680902263
0.011001348984909816
0.12200353584864561
0.015006409773018646
0.009042268592830414
0.008967362225789205
0.00910647405029429
0.009341894060995198
0.009352594970572514
0.7023756019261633
0.009363295880149827
0.03268057784911714
0.009085072231139657
0.009598715890850741
0.009406099518459072
0.009010165864098467
0.009630818619582674
0.15336543606206537
0.009673622257891935
0.011078588738866305
0.011298901583105122
0.010700909577314044
0.011031378843672272
0.4917382683410441
0.3443647121770055
0.010999905580209584
0.011330374846567811
0.011487741163881252
0.01090548578982152
0.010984168948478241
0.01117300852925437
0.011235955056179747
0.030843798193434593
0.010826802631164797
0.02162619306512026
0.020720067657363825
0.02116306230115585
0.020458298095123065
0.019572308807539004
0.5487495469372959
0.022330957271153043
0.02088115661874274
0.022874632515806913
0.0213040151423624
0.02130401514236241
0.02065965929684672
0.02053884257581253
0.17238532479561838
0.025431919777697293
0.017109670180996205
0.01863584616146116
0.0170766717814186
0.0188668349585045
0.01677968618522002
0.2801481628141037
0.019617548548895372
0.02670395485818937
0.017002425382368947
0.01988978534541076
0.018710092560510795
0.01838010856473462
0.01847085416357309
0.47647214110115677
0.01613621739345641
0.0142344727700646
0.012559828914762873
0.012944544395034901
0.01251456827002499
0.015524401145094294
0.16096948301028496
0.013895017934530464
0.016225941138531513
0.012627719881869707
0.013250053747015614
0.012854023105559123
0.014042115029928583
0.012672980526607591
0.6598888851171671
0.015795965013521606
0.009322837194247929
0.009467332501040366
0.009629167244647888
0.009577148934202617
0.008779534840708366
0.39622925047394475
0.009935497295047854
0.014281916123364309
0.009947056919591248
0.010374763027696857
0.00970430480417996
0.011779257409719336
0.009929717482776159
0.46966176538586024
0.01138045036297221
0.056074138096609966
0.011360799001248412
0.0110534908287717
0.010755786036684886
0.011485642946317074
0.16123115336598517
0.011341592240468617
0.010112359550561773
0.010899836742533343
0.011495246326706973
0.011159128013060566
0.011216748295399955
0.011821761259963476
0.646979736867378
0.013012580428310733
0.011016869581546724
0.011308983547724093
0.011350714114320863
0.011277685622776524
0.012727822812014199
0.8320970652979038
0.010996004298248341
0.010943841090002376
0.010975139014949942
0.01088124524010723
0.010672592407123382
0.011455040530812784
0.012352247712643285
0.01906043629307373
0.01288431243675209
0.014290795723223119
0.01516958550415337
0.014008327579352666
0.014039712928671608
0.023361161676396208
0.7838595610235811
0.013422467725399163
0.013077228882890845
0.013799091917226416
0.013422467725399168
0.014269872157010487
0.013317849894336032
0.01385140083275798
0.027054171112924578
0.013056305316678217
0.018748753407353217
0.018637945172085158
0.021681478034114143
0.022523620622151293
0.013466894192909744
0.6431383847114186
0.018202099446697532
0.01643655489809334
0.018881723289674874
0.019406215603276943
0.01979773803455739
0.025205179915638
0.020447813014796586
0.11009906256232962
0.013326537094903553
0.009375325810616843
0.00989662279752026
0.010161281267794305
0.009896622797520259
0.009126707247632137
0.8118759473570238
0.00927106641323616
0.01032970029433233
0.009046507711185457
0.009912662704809599
0.009736223724626902
0.008813929055490086
0.009784343446494908
0.06233909968000383
0.010433959691713015
0.024068970390785167
0.08742845028619896
0.10881209808494104
0.022754575648364136
0.01831672673309312
0.12305844109956897
0.023475372765175664
0.021185781923539048
0.02317857395237091
0.02252844321956052
0.17713235813723416
0.021524980566744456
0.02262737615716212
0.2514168609992226
0.05249099003603993
0.013827989403489513
0.013885082671051393
0.013645290947291474
0.013005846350598305
0.015883347035717525
0.13083493194482504
0.012857403854937404
0.015403763588197637
0.013565360372704826
0.013850826710514264
0.013291312688407754
0.0136338722937791
0.012880241161962147
0.6825500137023837
0.020884717274138983
0.014898044111527257
0.014082397003745317
0.014332084893882662
0.014615064502704951
0.02192259675405742
0.7727507282563463
0.014781523096129836
0.020258010819808558
0.015830212234706605
0.014481897627965042
0.014465251768622553
0.014315439034540156
0.014099042863087805
0.024302954640033295
0.014864752392842285
0.00841769570215448
0.007907813253235437
0.008019060332999593
0.008260095672488593
0.00832498980235102
0.8791578596061854
0.007833648533392667
0.008732895761486247
0.0078800014832944
0.007991248563058556
0.008167389772685133
0.008491860421997252
0.0073793896243557
0.013933696740460518
0.009502354729854999
0.02234706616729083
0.02161583734617437
0.021383984305332563
0.02275726770108787
0.0237738541109327
0.5663278045300526
0.02088460852505791
0.024023542001070035
0.021794185839129603
0.02218655252363112
0.021829855537720648
0.028517924023541925
0.022311396468699785
0.11328696272516497
0.04695915819511313
0.10635228939755291
0.008433112875863576
0.00861341266524064
0.008482285545693694
0.009400175382522363
0.12534933084191807
0.00901498946885319
0.008154467746826296
0.008523262770552107
0.008924839574164659
0.008482285545693687
0.00823642219654315
0.008375744761061782
0.6624542079512211
0.011203173276293006
0.01669481775231939
0.014181619381002491
0.014475369839987576
0.013692035282693991
0.011880574118952597
0.3410116439418048
0.014369293285354074
0.014532487984790234
0.01433665434546684
0.014646724274395543
0.013169812244498277
0.3042601976287809
0.013226930389300931
0.17664194266970223
0.022879896860949933
0.01246668614586374
0.009916682161482511
0.009589077482933542
0.00983699453697061
0.11407726157905451
0.7446365801613232
0.010031786507999728
0.009394285511904424
0.009597931663434872
0.009597931663434868
0.010058349049503692
0.009314597887392506
0.010084911591007665
0.02194951346278144
0.00944741059491236
0.010010214504596522
0.009261150834184535
0.009454091476563386
0.009431392577459995
0.3316309159005789
0.5436840313244807
0.009397344228804899
0.008387243218703896
0.009919418908182945
0.008897968448530243
0.009022812393598914
0.009079559641357388
0.00920440358642606
0.01324480762683009
0.009374645329701512
0.014920669551410259
0.015441862720143515
0.015029756493703257
0.013793437814382513
0.016302437487121683
0.7851956898537025
0.014193423269456874
0.015150964207362155
0.014738857980921921
0.014435838696774665
0.014254027126286319
0.013599505472528277
0.014508563324970006
0.019320509557228253
0.01911445644400812
0.008145492980400243
0.0079961397945819
0.007892741435169206
0.0079961397945819
0.5117069920268373
0.3752096688954757
0.008019117207784716
0.010374302061073955
0.00786976402196638
0.007961673674777667
0.008111026860596008
0.00797316238137908
0.008156981687001654
0.014464281611176204
0.008122515567197421
0.0107077691347354
0.01077179167066805
0.010803802938634373
0.010659752232785914
0.011235955056179747
0.3195844937417969
0.01086782547456702
0.5301226031563113
0.010643746598802751
0.010499695892954292
0.010355645187105836
0.011043887448381803
0.010915842376516506
0.01999103684496938
0.011796152245590417
0.0069457235832258634
0.006907349419782629
0.006961073248603161
0.00723736722539447
0.0066464051083686155
0.8994520169460305
0.006991772579357747
0.0070608460735555765
0.006692454104500504
0.0068459507582734475
0.006938048750537216
0.0073294652176582355
0.007298765886903641
0.009785411678025416
0.006907349419782626
0.015371120671651126
0.015649583002659312
0.015928045333667477
0.016317892597078918
0.017250741405956293
0.7673029530930202
0.016679893627389537
0.01617866143157482
0.015607813653008083
0.016833047909444027
0.015566044303356862
0.015398966904751945
0.014354733163471307
0.02585522743410883
0.01570527546886094
0.04918851435705355
0.05101955888472729
0.048439450686641565
0.04852267998335401
0.06350395339159368
0.29846025801082
0.049271743653766
0.04868913857677891
0.04810653349979181
0.04794007490636691
0.04735746982937982
0.04893882646691622
0.04852267998335401
0.051768622555139275
0.050270495214315314
0.010821021827671685
0.010362411417215368
0.009892881711271994
0.010220460575883647
0.1083412498225615
0.6538255751738903
0.010318734235267144
0.1032419388301066
0.01037333071270241
0.010406088599163584
0.009881962415784935
0.010100348325526046
0.010165864098448375
0.021456415632063394
0.01059171662244351
0.01114041122066802
0.01017223368748247
0.010274147112028315
0.010178603276516584
0.010962062727712794
0.8346773166195346
0.010356951769471828
0.0105989961527682
0.010860149303166937
0.00994292848225431
0.011242324645213872
0.010885627659303409
0.010076689851970737
0.02223623531809726
0.016395322173813336
0.029487530830364508
0.024554672513017285
0.024024846990042953
0.023348862702110184
0.025322006029049073
0.48842605279985385
0.02325751347401116
0.06041837946469337
0.02336713254772999
0.022417100575500153
0.023147894400292336
0.021174751073353447
0.0238238786882251
0.165488261624189
0.021741116287567384
0.025981037216992225
0.025711104362789703
0.02635219489152069
0.02415899045112524
0.030536154131659717
0.6044134021662108
0.02668961095927384
0.026014778823767546
0.025373688295036563
0.025711104362789703
0.025778587576340332
0.026453419711846633
0.026723352566049147
0.05331173870499707
0.026790835779599786
0.006828673460499962
0.006558662137444483
0.006680602734953405
0.006741573033707871
0.00713352495427228
0.43849838864210455
0.006828673460499965
0.4636617019423397
0.006724152948349454
0.006680602734953413
0.006314780942426627
0.006680602734953402
0.006785123247103914
0.016575211218534978
0.007307725807856471
0.027393642562181818
0.031138960914241752
0.030082589071353045
0.031835205992509316
0.03339575530586764
0.5659992317295688
0.031763180639585074
0.029146259483338065
0.029386343993085488
0.031979256698357765
0.02953039469893395
0.026937481993661697
0.032819552482473785
0.039950062421972535
0.028642082012868456
0.017814611168663258
0.018053674042199
0.01809794494470561
0.01769065264164474
0.03160057020922428
0.5583180598719689
0.01594637908288396
0.013741688138054351
0.017832319529665897
0.017221381075074562
0.016601588439981912
0.015955233263385278
0.017097422548056036
0.20753313677052604
0.016495338273966025
0.01257687150321358
0.01108182672893451
0.012253202015998532
0.012114486521477787
0.009471185709221501
0.7917957491407348
0.011775404201538203
0.011366964134338254
0.012052835190579684
0.011767697785175946
0.01203742235785515
0.011328432052526946
0.011937238945145742
0.056526564017200694
0.011914119696058946
0.0133110638728616
0.012788068967844231
0.013192968249148
0.01302426021527143
0.49763808752572797
0.32160812497891145
0.01231568647298982
0.013783446367716017
0.01265310254074296
0.012551877720417019
0.012653102540742967
0.012180720045888566
0.012956777001720803
0.026520902925397286
0.012821810574619546
0.012870719418316684
0.013663702131293542
0.01378569947175152
0.013834498407934711
0.019543973941368042
0.7640815430223621
0.014468884578316198
0.013248911173736416
0.013273310641828013
0.013529505056789766
0.012821920482133493
0.014420085642133006
0.012980517024728865
0.05393502421647197
0.013541704790835564
0.010098408507989666
0.010291576789757792
0.009926703368640207
0.010345234645804498
0.010581329212410008
0.8140540656557529
0.010152066364036367
0.013425195582885317
0.010516939785153955
0.009894508655012187
0.01025938207612977
0.010162797935245707
0.009915971797430865
0.04420334181127461
0.016172477812476566
0.10420342340669231
0.009781161977280463
0.009874021109976174
0.0099591419816139
0.009518061101309313
0.14501501222645238
0.010438914167208345
0.009680564583526799
0.010508558516730122
0.010222242857585051
0.009966880242671875
0.010137121985947316
0.01028414894604886
0.6285789457393134
0.011831801157643857
0.016542925583303617
0.01472982093937354
0.015788568176704963
0.015391537962705678
0.01537830362223904
0.7686504943026173
0.01450483715144061
0.016291473114437398
0.015629756091105246
0.015153319834306112
0.015973848943237966
0.014107806937441323
0.01508714813197289
0.030200764944879065
0.016569394264236897
0.00920682031557589
0.009025106756715829
0.00872225082528242
0.009075582745288076
0.009004916361286941
0.865905488758998
0.008954440372714713
0.009842817771586061
0.008520346870993484
0.008762631616140201
0.009115963536145865
0.009327962688149252
0.008702060429853534
0.016162411540830025
0.009671199410440456
0.01237973491219804
0.012861916616205745
0.012895557200206294
0.012783421920204497
0.011235955056179739
0.8183184193410932
0.012334880800197314
0.011628428536186014
0.012233959048195712
0.012660073112202515
0.013041333064208616
0.011785417928188525
0.012828276032205203
0.019197559936307108
0.013815066496221003
0.02095594792224002
0.016675584091314394
0.018726591760299578
0.018611939157685525
0.016369843817676845
0.7368850161787567
0.017631022446431718
0.017363499706998867
0.016624627379041468
0.018599199979617294
0.018064154500751585
0.016318887105403933
0.01820428545950211
0.032472164895920884
0.016497235598359167
0.009332188584866914
0.009668147373922124
0.009730361964487896
0.009780133636940523
0.010116092425995728
0.39369392910025247
0.009643261537695813
0.4463399156370148
0.00955616111090372
0.009245088158074828
0.009605932783356334
0.00941928901165901
0.009780133636940528
0.04369952841340355
0.010389836624485166
0.01356300947345231
0.013025996915620184
0.012888301387970917
0.012268671513549238
0.017129323639568195
0.804885437320996
0.012723066754791805
0.011759198061246971
0.012502753910552996
0.012943379599030625
0.012750605860321652
0.011704119850187274
0.012860762282441077
0.02446849526327386
0.014526878166997145
0.009393745622849484
0.009766754970920489
0.010177826497366087
0.010185438933041009
0.009896166377394109
0.8511997198623674
0.010109314576291824
0.009690630614171305
0.010253950854115281
0.009325233701775223
0.009850491763344587
0.009584056514722446
0.010109314576291833
0.018802716117048795
0.01165463901830029
0.01420427263123894
0.011733584767292653
0.01258042831076541
0.013025675947024275
0.012440742777821446
0.6232506569585222
0.01213518067450654
0.010441493587561036
0.01153278681368571
0.011401831626550752
0.011026426756763859
0.21654749744637383
0.012519315890102434
0.015863038334948457
0.011297067476842778
0.023690725576080728
0.026534628324763495
0.02501110899511202
0.023982733447597254
0.01992001523519328
0.6039992382403351
0.023728813559322
0.017330032374785732
0.024389005268837666
0.024782581095664294
0.02835015552593156
0.02239573414587693
0.025176156922490926
0.06094077318605973
0.04976829810194883
0.009089761393763414
0.008845684467449396
0.008130286579977275
0.009072928502293477
0.007852543870723386
0.8731894121112684
0.008769936455834704
0.008685771998485033
0.00882043513024449
0.008677355552750078
0.008273366157471691
0.009157092959643153
0.008610023986870342
0.012506838362159666
0.01031856247106847
0.009245795696555752
0.008636263494161687
0.008548138356466162
0.00865829477858557
0.008511419549093024
0.853168833076301
0.009091576705588578
0.008834545053976626
0.008070793860615386
0.008511419549093024
0.00862891973268706
0.009502827348167707
0.008614232209737803
0.02856723213630014
0.013409708452669424
0.013646136773477568
0.012761825495907859
0.01262311000138712
0.012796504369538043
0.471459287002358
0.3511235955056181
0.012432376196421105
0.014703842419198202
0.0131086142322097
0.013282008600360636
0.012050908586489073
0.012363018449160736
0.012640449438202214
0.02255860729643502
0.012449715633236207
0.004422289040108315
0.004286015719786885
0.004206889275729279
0.004114575090995412
0.004053032301172829
0.08970301207997036
0.0041673260537004805
0.0051564066044205385
0.004167326053700484
0.004180513794376745
0.004140950572347946
0.004756378470573756
0.0041629301401417225
0.05056179775280897
0.8079205570501662
0.012600229095074422
0.013320977643924441
0.013732833957553021
0.013359589173327122
0.012857639291092285
0.8098639587114038
0.013539776310539625
0.013012085408703003
0.012754675212685142
0.013295236624322656
0.013642740388946771
0.012728934193083352
0.014196172310385176
0.01352690580073873
0.01756824587821919
0.006332351436685307
0.006755684123260373
0.006632212089675981
0.006749804502613496
0.006879156156844765
0.8363642777767981
0.006837998812316633
0.06360573615790305
0.007049665155604162
0.00677920260584787
0.006685128675497857
0.00644994384962282
0.006696887916791607
0.018850063793884004
0.007331886946654201
0.0116305909859197
0.0110274681499021
0.011228509095241295
0.011273184860872233
0.009523384040327336
0.8245135926016939
0.010826427204562904
0.01163059098591971
0.010200966485729821
0.01079664336080894
0.012129470368798457
0.011518901571842361
0.010848765087378361
0.032754782168412745
0.010096723032590984
0.023243749367344885
0.02641967810507134
0.02476212167223404
0.02641967810507138
0.017524547018929065
0.6061721834193735
0.025432736106893415
0.02981070958599048
0.026520902925397303
0.025496001619597138
0.02664743395080473
0.030481324020649885
0.026153962951715737
0.06360714647231498
0.021307824678611198
0.01555453642131007
0.015210578613467833
0.014771076970113857
0.015248796147672527
0.015650080256821814
0.7654398838186948
0.015497210120003036
0.018325307651150338
0.015019490942444369
0.015974929297561703
0.014599098066192737
0.01553542765420773
0.015783841626538238
0.028357410379882323
0.01903233203393716
0.021652621722846453
0.023663602315287725
0.02207822608103506
0.025695863125638426
0.01664113040517535
0.6275961865849505
0.024653132448076258
0.025514981273408236
0.02429136874361596
0.02414240721824992
0.022801753489955747
0.03346314266258089
0.023812563840653736
0.06639427987742601
0.017598740211099754
0.023137523718693813
0.02129963540269624
0.020345920384665064
0.021657278534457935
0.016640340158356443
0.5189898568434019
0.019958473658589916
0.018180192531219275
0.02202485619765744
0.023117654655818165
0.02047506929335678
0.019143842080688287
0.02434953655410843
0.21414875967375008
0.01653106031254036
0.06897627965043691
0.057974406991260836
0.058832709113607884
0.05797440699126081
0.055633583021223385
0.15995630461922597
0.05859862671660415
0.05524344569288378
0.057506242197253324
0.0579744069912608
0.056725967540574185
0.06125156054931329
0.05368289637952549
0.08177278401997504
0.057896379525592914
0.01096843231674693
0.011024166220795446
0.010745496700552885
0.011525771357232038
0.012484394506866421
0.810861423220975
0.01124710183698948
0.012618155876582854
0.010444533618690924
0.010656322454075258
0.011325129302657388
0.010556001426787944
0.010934991974317822
0.03624933119315142
0.01835874799357947
0.007968399409621818
0.0077721754412906595
0.007575951472959503
0.00829259553121243
0.00912868026584085
0.8353766220470422
0.007738049533754807
0.010920290411473159
0.008079308609113349
0.007968399409621818
0.007866021687014255
0.00779776987194255
0.007763643964406698
0.05715236364567073
0.008599728699035115
0.015118968935888974
0.016165454946023363
0.015848755232430074
0.015063890724829263
0.015476977307777048
0.7715080414188146
0.015242894910773302
0.013053536021150034
0.015174047146948675
0.016275611368142772
0.015366820885657656
0.014981273408239711
0.0165510024234413
0.027126018946904605
0.017046706322978646
0.017918391484328774
0.018430908732505392
0.018095801301005306
0.01787896708062289
0.019515079834417484
0.35744135619948764
0.018056376897299397
0.01969248965109401
0.018292923319534776
0.017721269465799296
0.01868716735659371
0.0178789670806229
0.018016952493593523
0.404454957618766
0.017918391484328788
0.011448455388211504
0.012019550030546888
0.01212580019656278
0.01271017610965013
0.014689085451695987
0.7352909926421757
0.011594549366483345
0.02531410205328443
0.011461736658963492
0.011926581135282988
0.011886737323027034
0.012232050362578652
0.011567986824979375
0.07181183095598578
0.03392036550057104
0.038263858488577586
0.03690192454237399
0.035134653112181224
0.03365922467046063
0.030448951797266383
0.18031032637774222
0.03711270003404834
0.022763753100831757
0.03550756359745126
0.034242910647405034
0.03844220698153286
0.06777242732298917
0.03806929649626279
0.0989023460933573
0.27246785673751955
0.0139245585874799
0.01245318352059922
0.013028357410379847
0.012907972177635065
0.012747458533975353
0.36736222578919187
0.01282771535580521
0.013162118780096271
0.0126672017121455
0.012800963081861924
0.012921348314606708
0.012760834670946996
0.013041733547351492
0.4560861423220972
0.021308186195826667
0.0064487060347497936
0.006505026611472509
0.006849990143899077
0.006842950071808737
0.006688068485821304
0.8871124440314263
0.006540226971924198
0.006983751513615506
0.006561347188195215
0.006779589422995696
0.006645828053279277
0.006448706034749799
0.006300864520852695
0.019810762862211707
0.013481738052997664
0.06988546925039343
0.012574861133727805
0.011606868226311347
0.014203260417232123
0.0118782681068954
0.5301434800702016
0.012683421085961426
0.014402286996327096
0.013217174184443396
0.013171940871012722
0.013533807378458123
0.01160686822631135
0.012891494327742534
0.14562412925871648
0.11257667046626493
0.014933864315175694
0.014673114303323426
0.014779784762717534
0.01449533020433324
0.017529512160432394
0.7833641492438249
0.015609443891338394
0.013333807424264014
0.01619020528137301
0.014839046129047597
0.014910159768643672
0.01662873939221546
0.01537239842601815
0.01801545536433891
0.015324989332954108
0.009957065862793478
0.01020300609229085
0.011615405695975745
0.011889453380272806
0.009809501725095059
0.607226426629003
0.011214874465080018
0.013709411078553325
0.010645698505386117
0.010231113547090546
0.010926773053383097
0.23835824356514956
0.011502975876776934
0.02176922374236706
0.010940826780782951
0.013204297547773336
0.01359614350674797
0.01378751013787513
0.013878637105078528
0.014115567219807387
0.7954746348086793
0.014051778342764996
0.01271221192487495
0.013514129236264915
0.0132863118182564
0.013650819687070026
0.013732833957553084
0.014042665646044658
0.030737126037708354
0.010215333023501673
0.01257526193523922
0.011591523254160187
0.012693784667899348
0.01175745507988436
0.012041909638268658
0.7925852178447821
0.011923386905608537
0.016676148485279513
0.012195989190726822
0.012053761911534672
0.012255250557056882
0.013689375622244383
0.01175745507988436
0.0388280472194567
0.017375432607974237
0.02828607098270012
0.028892455858747907
0.029712858926341998
0.02953451043338676
0.030533261993936068
0.518637417513822
0.027893704298198603
0.04530051721062945
0.029356161940431526
0.029320492241840475
0.030782949884073398
0.029284822543249434
0.03006955591225247
0.08257535223827338
0.029819868022115135
0.0053632510930843175
0.005659965401991906
0.00511132384967222
0.005335259177149642
0.006522116412779995
0.08055513567681649
0.005111323849672219
0.005559194504627065
0.005329660793962701
0.005318464027588834
0.005329660793962712
0.005228889896597862
0.005363251093084319
0.1850041707954742
0.6692083326335349
0.020599250936329565
0.01610912495743956
0.01593888321416411
0.015130234933605715
0.01759874021109976
0.73950885257065
0.016641130405175352
0.01734337759618659
0.015981443649982975
0.016130405175348996
0.015640960163432062
0.016194245829077285
0.0165347293156282
0.03347378277153558
0.027174838270343865
0.01297464926832327
0.015049681049373214
0.016052993119331435
0.01492996767738956
0.1910568410491452
0.28889116914359353
0.014730445390750144
0.0174154453052406
0.0161328020339872
0.01374993586783643
0.01498697404500081
0.013949458154475852
0.01512378932726786
0.34004868343794
0.014907165130345058
0.01955663528697236
0.020406923777710282
0.019273205790059693
0.020548638526166608
0.025488409758072685
0.6176333637007801
0.01878732665249518
0.018665856868104052
0.019151736005668572
0.01998177953234131
0.01957688025103754
0.01890879643688629
0.019010021257212243
0.10470695414515642
0.03830347201133719
0.008512087163772579
0.008433514051491599
0.008154142985603675
0.008555738892817561
0.008398592668255603
0.868084474826049
0.008320019555974634
0.00899225618326744
0.008381131976637613
0.008424783705682599
0.00825017678950265
0.012318517936495497
0.008075569873322695
0.013994744331823005
0.013104249059305264
0.010496373204380637
0.010477409567155014
0.010259327739060386
0.010960982316408328
0.009064618593846331
0.8329208742236761
0.011235955056179813
0.01614753709761537
0.010467927748542208
0.010230882283221958
0.010335182287962867
0.010543782297444688
0.011216991418954193
0.015901009813682317
0.019741146351870353
0.008068320768704942
0.008174229513878875
0.007914271684815592
0.007914271684815587
0.00826088212356663
0.11883924015289368
0.00811646110742037
0.008896334594610226
0.008039436565475684
0.007895015549329415
0.008068320768704937
0.008068320768704939
0.007837247142870915
0.774780239353764
0.009127408220444258
0.04913857677902605
0.04883895131086122
0.048389513108614064
0.04868913857677881
0.09490636704119837
0.18426966292134828
0.048314606741572834
0.04891385767790245
0.0486891385767789
0.04764044943820205
0.048314606741572896
0.04966292134831446
0.05033707865168523
0.1274906367041198
0.056404494382022365
0.018519953506392833
0.018881570450729652
0.01839080459770112
0.01808084721684098
0.40650910499806264
0.3200309957380859
0.018287485470747756
0.019630634121141657
0.018158336562056007
0.019062378922898065
0.018597442851607866
0.01888157045072966
0.018390804597701114
0.04651943691075811
0.022058633604545987
0.024643916294223293
0.02585522743410885
0.02322375840608159
0.02563245756930228
0.023571836319841822
0.615123289197054
0.02632861339682274
0.032552246494855414
0.026857691825738262
0.02666276819403255
0.03287247817551475
0.024059145399106124
0.026398228979574764
0.04359327791932944
0.022625064394414026
0.012397395242010202
0.012214696785812164
0.012553993918751382
0.012606193477665128
0.015685967453575027
0.8014459277819102
0.012658393036578845
0.0167038588523927
0.01209724777825627
0.01214944733717
0.012332145793368048
0.01188844954260136
0.011966748880971958
0.025382035521799864
0.01791749859713686
0.003357604236939852
0.0032005800203162207
0.003014477245058586
0.0030416172331169896
0.0027236916587185275
0.07436938299175719
0.0031210986267166062
0.007519715262753852
0.0030997743503849992
0.003249044284706228
0.0033013856902474373
0.0034584099068710687
0.0032858771256426373
0.8765518257457681
0.0067055156210016975
0.011102722387529384
0.01085106068007872
0.011147133277079503
0.011087918757679347
0.33248952643188096
0.5056919956773405
0.011606045802430718
0.011295169575579894
0.011413598614380207
0.011680063951680914
0.010688220751728287
0.01119154416662962
0.011087918757679345
0.024914509037616023
0.013752572130686404
0.014112194011629114
0.014857119208723893
0.014619156992985282
0.01509508142446252
0.016957394417199505
0.7720942744221652
0.013760423779667678
0.012787882550127255
0.014670887909450208
0.014205309661265956
0.014722618825915119
0.016015891737538035
0.014484656610176514
0.03385271173464109
0.01776439671405221
0.02236428602178315
0.019436910758104102
0.019975031210986274
0.019931981574755703
0.021158896207327083
0.5030565241723707
0.019221662576951244
0.018253045761763325
0.018748116578414936
0.020297903482715575
0.01904946403202894
0.019523010030565266
0.01926471221318183
0.2389685307159155
0.020749924663136625
0.002694884083068207
0.0025505752218329208
0.002418012430698184
0.002518693031560012
0.0024851328312727383
0.17252963365685364
0.0024515726309854613
0.002975111755466956
0.0026411877626085667
0.002688172043010751
0.002590847462177654
0.0025639993019478317
0.0024952008913589176
0.7929067160672815
0.0034902608298766316
0.017280046648276433
0.01549709569624791
0.0166969431922671
0.01674179730426782
0.013624436520217947
0.29653053443674404
0.017638879544282175
0.0193657628563098
0.017717374240283423
0.016831505528269262
0.015384960416246115
0.016977281392271594
0.015407387472246487
0.48699230751979167
0.017313687232276987
0.03312526009155224
0.026933000416146474
0.029912609238451942
0.02999583853516439
0.0613899292550978
0.15863503953391592
0.03027881814398668
0.029712858926342074
0.026982937994173957
0.02873075322513526
0.029330004161464838
0.032359550561797755
0.03112775697045361
0.39340823970037436
0.05807740324594253
0.02671836261011766
0.024436883473123432
0.026204040723743237
0.024291818325684472
0.025307274357757058
0.3921242812681334
0.023091733924144136
0.06611014401012817
0.023302737774964426
0.023817059661338857
0.0235928680698423
0.026612860684707515
0.025861159466160282
0.24579311072427074
0.02273566492588493
0.01463930955870379
0.013531998045920857
0.013971665852467008
0.014281061716332836
0.015127829343755077
0.6763719263963506
0.014215925744992657
0.019654779351897116
0.013727405959941357
0.015225533300765348
0.014167073766487528
0.014215925744992666
0.014916137436899521
0.126770884220811
0.019182543559680843
0.009218099641849302
0.00917342387621836
0.008890477360555779
0.00936701886061907
0.010759413556116497
0.7709324576883267
0.009151085993402893
0.010580710493592764
0.008540517196446799
0.00912130214964894
0.009210653680910806
0.008987274852756133
0.008436273743307953
0.10617195702191344
0.011459333884334452
0.01609959381758717
0.015287228991929091
0.014728068787255352
0.015002373793321712
0.021079284696945758
0.4031439573772224
0.014886321675370559
0.015181727066518953
0.015656485730864582
0.01502347417840374
0.01455926570659913
0.017038560953737406
0.3134989713562269
0.09399166534789274
0.014823020520124476
0.010760977053111864
0.011609708238921731
0.012489585523293377
0.011843303978135437
0.010192560754358513
0.8393717831920081
0.012551877720417047
0.01129046072866296
0.011446191221472118
0.011189235908337022
0.011360539450427096
0.01646849961456703
0.01294120395243991
0.007280400538827506
0.009203672125020431
0.00905704330712613
0.009388398550069772
0.0088160576758944
0.009338193210229826
0.010673655249972356
0.6408611219889347
0.008956632627446247
0.009127330782902059
0.009197618258677981
0.009217700394613962
0.008876304083702331
0.008314004277494949
0.008966673695414238
0.24001164763884297
0.00919761825867798
