0.014906116518231849
0.017849761376874287
0.017160823218468606
0.017386293888492287
0.017599238410181305
0.016847669510102383
0.01800007515689005
0.017849761376874267
0.694587451304598
0.019064797765335206
0.017862287525208922
0.019453108363709306
0.017661869151854546
0.07572056668295074
0.018050179750228657
0.015049725701880477
0.015871153225569853
0.0152257458855282
0.015225745885528188
0.01584181652829523
0.015382208270992829
0.015783143133746003
0.014844368820958128
0.6316288712216774
0.016878379831998507
0.030275471587408672
0.015968942216485253
0.014101172490001056
0.1518858606898036
0.016037394510126052
0.01850365614410554
0.020510076689851917
0.019142738243861795
0.02000475595981209
0.019960168836573283
0.020792461803697704
0.018696867011473706
0.01862255513940902
0.7120712204981869
0.01698769395398604
0.01732952856548358
0.01856310564175728
0.020257416324832002
0.038508412103917734
0.020049343083050897
0.01610634927684265
0.015366167784340677
0.015677044011191507
0.01640242187384344
0.015055291557489851
0.015691847641041545
0.015351364154490637
0.015366167784340677
0.6291838758863669
0.01939275510355138
0.015158916966440124
0.022797589969060422
0.01570665127089158
0.15699249455966607
0.0157510621604417
0.04550915129672823
0.014274609568228446
0.013228747085011698
0.014557275104232957
0.014811674086637033
0.013737545049819843
0.014232209737827762
0.013440746237015086
0.5444562221751109
0.0983817398063742
0.016267401597060322
0.018203660518691323
0.013553812451416899
0.1511836619320189
0.014161543353826632
0.019987540624319778
0.0094270938881508
0.009322014816149133
0.009847410176157529
0.009322014816149122
0.009704802864155248
0.009239452688147801
0.009569701200153092
0.2546966592360753
0.6015851928576256
0.010305254704164851
0.009194418800147082
0.009824893232157168
0.018621512688297915
0.009352037408149596
0.04770599250936332
0.037523408239700386
0.07956460674157298
0.03703183520599256
0.05175561797752808
0.057350187265917583
0.04080056179775283
0.03899812734082402
0.15784176029962554
0.19873595505617964
0.032186329588015004
0.10758426966292135
0.04040262172284646
0.033567415730337086
0.03895131086142325
0.0115608501421416
0.01182257118361084
0.011380352872162816
0.010974234014710529
0.011272054510175534
0.011100582103695689
0.011903794955101306
0.011876720364604494
0.8281485492531925
0.014502955642795912
0.011633049050133133
0.010098822255313396
0.011696223094625703
0.02024276882812145
0.011786471729615104
0.01536872013431491
0.014737325469599825
0.015268270983110234
0.015009973165726786
0.014062881168654175
0.014651226197138685
0.014464677773472859
0.01440727825849876
0.6649733809749309
0.015139122074418507
0.02192661472010561
0.01433552886478113
0.015827916254107687
0.13527630691520653
0.01455077704593401
0.018329464768673503
0.012379406911379055
0.012447877082349054
0.01242048901396105
0.012434183048155068
0.011961738868461948
0.012845004073975166
0.012386253928476051
0.44908215735814655
0.028175475354161962
0.01192065676587994
0.014775862895329648
0.013016179501400197
0.3655759368431139
0.012249313586536015
0.6319553828742116
0.009742494778722839
0.009544144585623068
0.009380797367776235
0.00981250072922862
0.009660821169799412
0.009124108882588326
0.009497473951952553
0.15535487183077243
0.08807915339470516
0.010500892575868908
0.009322459075688074
0.00924078546676464
0.01954332784953383
0.00924078546676464
0.029638149163938837
0.014140788581202608
0.014052316494146077
0.012924297384175273
0.014973900734318299
0.01273260786221945
0.01394172638532541
0.014126043233359854
0.7584122209442912
0.016669615736235214
0.02076882243652132
0.01360258338494203
0.01377215488513372
0.036531599280427096
0.013713173493762696
0.027694140494316715
0.01624603232886994
0.014222418055861526
0.014989433143211484
0.01591148319502581
0.015079190227901378
0.013471722438455173
0.0156014132660971
0.6959356360105426
0.08815777663541477
0.013145333039582858
0.013520680848286035
0.014785439768916293
0.025956116945321572
0.015283183602196578
0.06711205587610079
0.06549245875088573
0.06488510982893007
0.06569490839153758
0.06559368357121168
0.0662010324931673
0.06731450551675269
0.06569490839153758
0.07176839761109419
0.06680838141512303
0.06974390120457535
0.06356918716469283
0.06599858285251542
0.0679218544387083
0.06620103249316726
0.7720572776752551
0.007661940246209905
0.007257040964906135
0.007366052309872536
0.007148029619939736
0.00710131047209698
0.00722589486634431
0.007148029619939736
0.11379227109564187
0.024846800127698996
0.009079087730773122
0.0071713891938611045
0.007257040964906133
0.0077787381158167645
0.007109096996737448
0.009312068121535013
0.008611955420466047
0.008532267795954148
0.008065525995241503
0.008179365458829947
0.007598784194528863
0.007968762451191323
0.008037066129344385
0.3572282367405483
0.5252097492116617
0.0090047015698462
0.008947781838051979
0.0077353915508350055
0.017383286089955947
0.008185057432009379
0.009584561085386807
0.009789636153655204
0.010167406016254921
0.00983280985223803
0.010221373139483446
0.00974646245507239
0.010469621906334674
0.010448035057043264
0.08913210072423886
0.010512795604917503
0.009822016427592329
0.01017819944090062
0.00969249533184386
0.7808179257196511
0.009584561085386797
0.024818845894329214
0.024662383508864568
0.027420033052678927
0.02647147984079952
0.025689167913476325
0.023146654149675837
0.02534690644527238
0.02425166974701988
0.5970506840339912
0.08125287255160815
0.029688737641916253
0.02721467617175657
0.024916634885244617
0.012986377993565472
0.0250828761698008
0.008386507606232945
0.006045683636195494
0.00669013270448976
0.006915545383085956
0.007484856891848146
0.006560086928376567
0.007169857123040644
0.0071149489064595214
0.5842523234845334
0.31923348129652757
0.006979123318074625
0.009828570768021459
0.006658343736995415
0.009944167013455407
0.006736371202663336
0.03329779381612401
0.031274775144208455
0.03015391344760656
0.030181251537767614
0.03015391344760656
0.03206757975887807
0.03056398480002189
0.028732332759233477
0.4735503977692119
0.10675524207878827
0.0313567894146915
0.03217693211952216
0.031083408513081265
0.04934525274064347
0.029306432652614935
0.005707674790675874
0.008186248128256097
0.008903826228944018
0.008834265086530393
0.008361981540669465
0.008892842890668183
0.008072753632739129
0.007695659018602109
0.7981628536177278
0.006370336199984618
0.008036142505153011
0.007860409092739641
0.008640226110323966
0.09758696058079919
0.008687820576185919
0.027920416221804124
0.02144660802955576
0.02390394359991181
0.02075177521311026
0.02159065873540422
0.021522870167946122
0.020582303794465007
0.020700933787516685
0.5660769061297822
0.1295100581286967
0.020616198078194058
0.018557120341654333
0.02070093378751668
0.04541834019692568
0.02070093378751668
0.013397119147284349
0.011739527271582763
0.012201135135702191
0.012358501453015633
0.011823455974149927
0.011624125305552901
0.012463412331224591
0.012746671702388787
0.5090275810698811
0.013407610235105246
0.012064750994030541
0.013596449815881375
0.012673234087642513
0.3283185933549454
0.012557832121612659
0.03317886540129921
0.026682748259590744
0.028290907552000612
0.02763494784062291
0.02642882837131548
0.027550307877864486
0.02729638798958922
0.02782538775682933
0.4231363338200131
0.20906070801328838
0.03595082418163732
0.024926469032353585
0.02695782813855559
0.02757146786855409
0.027507987896485273
0.007602285760685307
0.008502244822697907
0.0076564186365958445
0.0072605719815000795
0.008089481643880105
0.008055648596436019
0.007504169923097476
0.008536077870141993
0.5381822856930187
0.04663208929217881
0.007311321552666207
0.008668026755173914
0.008485328298975863
0.31962418250899116
0.007889866663960013
0.03706815079281738
0.029297490286674336
0.030557597395778593
0.02782736532605267
0.030102558717490943
0.028982463509398256
0.030592600371031488
0.02957751408869751
0.32629773530750106
0.2706430046553954
0.03321782351499873
0.027932374251811363
0.030277573593755425
0.03643809723826523
0.03118765095033075
0.005754434863397506
0.006677699387393673
0.00652091861916791
0.006364137850942141
0.006857706936097321
0.006439624887495286
0.006282844119269523
0.006486078448451069
0.6513195714659005
0.006613825741079478
0.007130621606712548
0.006346717765583719
0.006224777168074797
0.2648201376186745
0.006160903521760601
0.02349037387476182
0.015687627307970298
0.015178395426769162
0.013757474209869251
0.0150716210000657
0.014365267100335104
0.014398120770090016
0.014899139233852415
0.36535744792693364
0.42580820027597094
0.016558249556475457
0.014841645311781325
0.015244102766278977
0.020714238780471808
0.014628096458374398
0.052508621648681586
0.02870174657915232
0.0289984054585234
0.030778358734749895
0.030222123335929114
0.029851299736715266
0.0307783587347499
0.02966588793710834
0.44951236696703384
0.12170430526198665
0.03255831201097637
0.028961323098602016
0.029702970297029726
0.04664960878110269
0.02940631141765864
0.00437822503183149
0.0049143342194026916
0.0052531254421039385
0.005227064578819229
0.004724462215471224
0.005238233520226959
0.0052791863053886535
0.005156327949903578
0.8149120259715116
0.004832428649079316
0.005346199953835052
0.0054802272507278454
0.005323862071019578
0.11867744841810567
0.0052568484225731845
0.009414368403132454
0.008758937691521968
0.00872488934286688
0.009278175008512097
0.00866530473272047
0.008112019067075262
0.008614232209737838
0.008316309159005796
0.3018300987402111
0.01078481443649984
0.008912155260469871
0.008478038815117467
0.008563159686755204
0.5829673135852913
0.008580183861082747
0.006792448745426607
0.007642181377324592
0.0076205321382953484
0.007290381243099309
0.007745015262713524
0.0077558398822281495
0.007468987465090616
0.007680067545625781
0.8856811933060554
0.011046524214673862
0.007301205862613938
0.006765387196640048
0.007891147626160949
0.014001645342166236
0.007317442791885872
0.02055052002840316
0.021344137671776425
0.021051752224217873
0.02174790805173828
0.020007518482937223
0.02028598081394538
0.019798671734681087
0.018434206312741022
0.33006140094398734
0.04488812775851748
0.02248583322890995
0.33131448143352404
0.020091057182239656
0.0678473469501413
0.020091057182239656
0.013958455545026591
0.014439781598303366
0.013146217830122032
0.014093828497510686
0.013567378126739213
0.014289367206654373
0.01311613495179223
0.013898289788366979
0.7397831024472421
0.014259284328324568
0.016184588541431687
0.013792999714212705
0.013762916835882903
0.07765895040837499
0.014048704180015989
0.008301788539726402
0.008236696108474023
0.008356866750786108
0.008411944961845812
0.008236696108474028
0.00807646858539125
0.007781049089707373
0.007520679364697862
0.8342045704900958
0.008361873860882447
0.00785615574115243
0.008977748402731868
0.008046425924813227
0.05936930441226538
0.008261731658955713
0.014822254305023756
0.0076119933881530905
0.008373611198292653
0.008875776787395656
0.008528445588266076
0.0083150252128973
0.008256439227501949
0.008214592095076698
0.16343816040005854
0.7189002573598644
0.009331910530830887
0.007971878727010249
0.008591216286903954
0.010072604774757823
0.00869583411796708
0.003461246330736391
0.0030583072933980464
0.003044204427091205
0.0031368804056790237
0.0028850435073425576
0.002864896555475639
0.002985778266677143
0.0028044556998748876
0.08204644678283396
0.8746738712166546
0.0036083190793648892
0.003201350651653157
0.002995851742610599
0.006378524961066018
0.0028548230795421795
0.016658098944946225
0.014895596191035676
0.014907835793493389
0.01525054466230933
0.01565445154341383
0.01586252478519494
0.015385180289344163
0.015899243592568075
0.47506792979364004
0.020819563780568356
0.0172333602604587
0.015813566375364085
0.015409659494259589
0.3154023157327847
0.015740128760617814
0.019535491877756352
0.022660284112315212
0.021153292112669798
0.02171841411253684
0.020754382465704824
0.019059016466103744
0.020122775524677
0.022106242935974983
0.6895264056024637
0.04864481528267184
0.017374731290029474
0.018870642466148085
0.019313875407220238
0.01847173281918312
0.020687897524544016
0.02086601902769638
0.00913350554402202
0.008953899304289954
0.008520731314347895
0.008473188486183534
0.008478471022646237
0.008800705746871421
0.008842966038573092
0.29256799945061607
0.5574396602272548
0.007918522157599193
0.014273413522236877
0.008166801371346465
0.028710585674817657
0.008853531111498503
0.01843543627003353
0.013247574807109537
0.013128465742909753
0.012969653657310034
0.013088762721509821
0.013565198978308966
0.01262556080517732
0.012731435528910462
0.47098370852688604
0.024748216672622197
0.3298924048120065
0.013062294040576532
0.012228530591178033
0.02621722846441956
0.013075528381043179
0.019658036150464086
0.01080605764533463
0.010721380882592411
0.010942843185149003
0.011099169516365415
0.010766976062530529
0.010473864191499756
0.009653150952613581
0.41626445204364126
0.05199804592085979
0.3733333333333336
0.016811594202898548
0.01031753786028334
0.026347500407099815
0.010806057645334639
0.021024251600393066
0.012125800196562767
0.01306877041995375
0.01280314500491404
0.012431269423858436
0.012829707546418009
0.012391425611602487
0.011979706218290934
0.3665232289425452
0.041118814248147194
0.4138443966318691
0.012245331633330641
0.013015645336945813
0.03145004914070174
0.013148458044465672
0.02223521713100261
0.018754437993400427
0.021051752224217866
0.019520209403672915
0.019826517967781895
0.019645517452626587
0.018601283711345916
0.0190607465575094
0.35590270526154566
0.06986619884995056
0.33153725129833067
0.019951826016735574
0.02062013561115522
0.023571836319841825
0.0198543642008827
0.011560549313358289
0.01136079900124842
0.011323345817727823
0.011111111111111096
0.011023720349563036
0.010811485642946315
0.011036204744069905
0.01104868913857676
0.047003745318352046
0.01322097378277152
0.011510611735330826
0.011023720349563046
0.0108114856429463
0.8062047440699123
0.010948813982521843
0.028062429294759828
0.01527782354168725
0.014794556657550485
0.014728656627895471
0.015739123749272343
0.015497490307203961
0.014124573022724516
0.014585873230309609
0.5415664437048998
0.03246674794336993
0.17381132821509798
0.014574889892033774
0.015091106790998047
0.0753786505870597
0.014300306435137885
0.01162368625121681
0.014544044613836214
0.014065567819960722
0.014511046214258605
0.014989523008134118
0.015674239799369723
0.01574848619841937
0.012960121434110454
0.7799171740170593
0.021993433318484065
0.014651289412463494
0.01264663663812306
0.015319507003910299
0.02784239964361728
0.013512844627035574
0.013647800929952143
0.01644229542792873
0.014424693591215353
0.015404505977435354
0.01405364037986576
0.01564800964738352
0.015474078454563393
0.014969677995385056
0.7593835878526454
0.03763871012627406
0.01681334863927831
0.013902900012754982
0.014262357811249899
0.024182233508424078
0.013752159645644217
0.0060722526161669415
0.005588564033178402
0.005582027700975853
0.005555882372165664
0.005242138426443366
0.0054251557281147075
0.00541208306370961
0.005523200711152925
0.10035230830571736
0.006385996561889237
0.0058565536534828655
0.005588564033178403
0.005438228392519802
0.8264473073579491
0.00552973704335547
0.01474369724411651
0.012940913410475721
0.012773212588741695
0.01242383587679581
0.012381910671362297
0.012256135055061795
0.012801162725697385
0.012172284644194776
0.20029068142433892
0.015819777516909855
0.013010788752864905
0.01345799094415564
0.012200234781150444
0.6303314886242936
0.012395885739840141
0.012107710189848894
0.011139093374661005
0.011413534805630903
0.011461965646390293
0.010993800852382817
0.01131667312411211
0.01128438589693919
0.011348960351285043
0.16090339661629854
0.013431486503939057
0.011574970941495554
0.011219811442593321
0.011348960351285034
0.6891870076197861
0.011268242283352726
0.03921251173784934
0.014290494230914547
0.013373053136029546
0.014117799436583239
0.013880344094377727
0.013491780807132316
0.013545747930360836
0.01395589806689766
0.40274584722986745
0.07621237142332905
0.3054755043227667
0.013211151766343961
0.013189564917052548
0.0388023616013125
0.014495569299182954
0.011139244957887161
0.011886550262875644
0.011622795449350293
0.012203056039106059
0.011710713720525392
0.012044803150990846
0.011385416117177477
0.011657962757820337
0.6720296812083485
0.01164917093070282
0.01178984016458301
0.010743612737599134
0.012097554113695926
0.17628492553322422
0.011754672856112971
0.014164113040517543
0.013006469186244476
0.012461695607763024
0.013129043241402788
0.01243445692883896
0.011985018726591773
0.012284644194756568
0.012339121552604694
0.43459312223357177
0.01759618658495062
0.012992849846782442
0.012706843718079673
0.012829417773238006
0.394688457609806
0.012788559754851892
0.16971957322254758
0.02362068422874762
0.023951153495105845
0.02387247033644913
0.023006955591225196
0.02212570421426992
0.023022692222956536
0.021826708211374387
0.24665596575708926
0.29185157208950985
0.024124256444150633
0.03699682120039017
0.02322726843546402
0.021905391370031106
0.024092783180687957
0.024535507086729764
0.018293309833296568
0.018418153778365233
0.0187853418520966
0.019247998824998117
0.017522214878460705
0.017345964603069648
0.01896159212748765
0.7248659763530874
0.019710655797899636
0.01853565396195927
0.015164867445105345
0.020393625615039976
0.029095982962473316
0.019123154879929452
0.11537855717736015
0.01595260597150758
0.015865098533375314
0.015200042003570302
0.01575133886380342
0.015637579194231484
0.015943855227694335
0.016932689278588663
0.6227466834680947
0.07817039448353105
0.01354615142287093
0.014438727291819805
0.01507753159018516
0.014097448283104063
0.015261297210262873
0.02410030939586393
0.035101051222204166
0.038737809622030425
0.03933488935931532
0.04070998208760783
0.042682154553185386
0.03557147768188323
0.03410591832672933
0.3137925419312817
0.07387504749497899
0.03947963596229351
0.04143371510249872
0.03510105122220418
0.16669380665472516
0.03928060938319849
0.011478146543149027
0.012343116139467713
0.011651140462412758
0.01165114046241277
0.011555993806817703
0.01214417313231441
0.011382999887553964
0.012291217963688586
0.6751606681025165
0.014107654115957836
0.011045661744989683
0.01193658042919793
0.011988478604977062
0.1691275051681934
0.012135523436351225
0.00946889696150489
0.010243304891442095
0.009651938835853689
0.009299935231336768
0.009208414294162375
0.009989862296189908
0.009687139196305374
0.009968742079918904
0.7981892934583652
0.026871955168820936
0.010855791163301513
0.009321055447607791
0.009609698403311648
0.05791163301512214
0.009722339556757064
0.017449953471917797
0.016926993209207167
0.015365803013173982
0.01614255281514124
0.01747302524821384
0.01728076044574671
0.01731921340624015
0.017411500511424375
0.75394719639465
0.02990102207968992
0.0146582685400949
0.015142775842312108
0.0162117681440294
0.01678087195933215
0.017988294918825788
0.0215284329702376
0.019112559682076778
0.019784429768133365
0.018941018383509162
0.020227578122766397
0.018683706435657726
0.01955570803670985
0.01936987162992825
0.6075278039854765
0.10985790662435316
0.020170397689910503
0.02138548188809791
0.018297738513880554
0.04803156359893646
0.017525802670326208
0.00693051096843233
0.007331795077581606
0.007398675762439824
0.007766519529159987
0.007315074906367056
0.00725655430711612
0.007365235420010715
0.00742375601926165
0.06791733547351521
0.008151083467094708
0.007089352594970585
0.007256554307116117
0.007490636704119863
0.8360921615837351
0.007214753879079736
0.008677355552750069
0.009190758742583007
0.00918234229684804
0.008500610192315787
0.008938265370534017
0.009468501451836897
0.008668939107015102
0.008618440432605312
0.7373395615031768
0.00844169507217102
0.00952741657198165
0.009165509405378112
0.00909817783949837
0.1462609939822413
0.008921432479064087
0.029182272159800203
0.0299235330836454
0.030430711610486837
0.03015761548064915
0.031015917602996202
0.03066479400749061
0.0314060549313358
0.02984550561797747
0.3761704119850187
0.03222534332084891
0.0326154806491885
0.03573657927590512
0.030586766541822685
0.21894506866416968
0.031093945068664124
0.013716776858508854
0.012885821982971437
0.013367534954297471
0.012933993280104042
0.011922396040319368
0.01162132543324059
0.011994652986018272
0.012259595120247591
0.812240326601395
0.01619759866083794
0.01168153955465635
0.01186218191890361
0.01225959512024759
0.02284523766513721
0.012211423823114988
0.005410562745934688
0.0054520457023657315
0.005517233205328801
0.005416488882567695
0.005161665007348427
0.005149812734082413
0.005333522969705604
0.005262409330109533
0.06908690086758638
0.00667875598539802
0.005606125254823895
0.005292040013274563
0.005315744559806588
0.8601431754610537
0.0051735172806144395
0.008077740662010302
0.00931943179134188
0.008651347977190646
0.008928029152748228
0.00970408610858046
0.00936667004082732
0.009359921719472256
0.009852549178391842
0.7843843843843846
0.01029119006647093
0.00917096872153049
0.008901035867327978
0.008853797617842532
0.09646050544926951
0.008678341262610901
0.014118221787982405
0.014818433479889266
0.01483471747272431
0.015111545350920038
0.014378765673343095
0.015258101286435432
0.015925744992672203
0.015030125386744827
0.6746783911415063
0.017896108125712438
0.01812408402540303
0.015241817293600399
0.015306953264940564
0.12367692558215276
0.015600065135971355
0.005343929843792804
0.005326801863524239
0.005378185804329939
0.004955695624371962
0.005029916872202419
0.00503562619895861
0.005321092536768053
0.005126975427057625
0.11788046953503235
0.007062437197405666
0.0048986023568100695
0.005166940714350954
0.0051212661003014375
0.8127683383575405
0.0055837215675527355
0.028985841619946325
0.01393535288281845
0.0154119465657661
0.06562382237808513
0.17030816202539428
0.01508894169762129
0.01562728314452929
0.01566573610502272
0.5546378115651126
0.01990325235139853
0.013966115251213187
0.015527305447246379
0.013327796107022269
0.026609448661452418
0.015381184197371351
0.039461129861437405
0.022471910112359533
0.02395294854815509
0.024408652682246033
0.025006764358240396
0.02269976217940502
0.022087409749220323
0.02388174477720338
0.6394525854089227
0.03847851782230386
0.020777260363708867
0.02351148516825449
0.020976630922373625
0.031927770894746556
0.02090542715142193
0.015223776035351445
0.015897394443995315
0.016651847061676467
0.016800043111578122
0.015856977339476695
0.015102524721795548
0.014657936572090595
0.014415433944978804
0.6485598038423195
0.08739525233745588
0.015883922075822444
0.017109907579554308
0.015803087866785186
0.07482553283216113
0.015816560234958064
0.012240796565269033
0.01235041563898786
0.013373526993696913
0.013163423769069161
0.013455741298986034
0.01343747145336623
0.014451447885265381
0.014396638348405967
0.8089522243537046
0.018068877317986648
0.012989860235681019
0.01223166164245913
0.013163423769069161
0.014149995432538606
0.013574495295514763
0.012168952510429583
0.011729110853426108
0.012328894931158112
0.011355911871726188
0.012182281045490314
0.01186239620403322
0.011569168432697575
0.012102309835126024
0.2041265144547963
0.013368520665893634
0.011542511362576146
0.011995681554640336
0.011489197222333295
0.6406360376930967
0.01154251136257615
0.009439813136804785
0.008948491804599083
0.008795457291289105
0.009335105311908494
0.009093471869840114
0.009890862228665774
0.009673392130804235
0.009222343038943258
0.3810478836937698
0.04218114453707059
0.00998751560549313
0.009649228786597396
0.009093471869840117
0.4641617333172243
0.009480085377149524
0.7512746671702389
0.00782897428634373
0.00771094954835865
0.00782897428634373
0.007632266389701931
0.007907657445000452
0.007978472287791501
0.00815944355270196
0.09880244232524468
0.048744216787838794
0.009339690932552774
0.0077975010228810435
0.0074198218613287835
0.01365152802694108
0.007923394076731797
0.02373566783851472
0.020633717056133816
0.020518829990119683
0.020909446014567665
0.02120815238620434
0.021989384435100286
0.020955400840973307
0.021414949105029724
0.4230601318903519
0.2559224282530271
0.04172698237632403
0.025344086762712263
0.020380965510902755
0.04041726982376327
0.021782587716274896
0.016041636266355318
0.013171846879711999
0.01310375018240183
0.013308040274332383
0.012880003891239793
0.012422783209300016
0.012987012987012951
0.013901454350892515
0.8003404834865508
0.01769541320103115
0.012529792305073156
0.012237949316600967
0.012558976603920384
0.022987499391993734
0.01383335765358233
0.009203319970639716
0.007716485046957634
0.007603560875538742
0.007678843656484669
0.007647475831090529
0.007854503478691833
0.007509457399356333
0.007691390786642322
0.36823317586684984
0.04266651610110479
0.0086261519833876
0.4313954290804836
0.007327524012070335
0.07092265321614312
0.00792351269455893
0.028326660639717637
0.02905850445563738
0.027788540186835443
0.026045029919497198
0.026906022644108678
0.027358043824529717
0.027960738731757757
0.0278746394592966
0.5639071849842866
0.07415299840716351
0.02662620000860995
0.028003788367988305
0.02824056136725647
0.028929355546945663
0.02882173145636923
0.015987247345776487
0.01844801436221255
0.017658711734299077
0.017008697805429192
0.017798000433342617
0.01815396044200949
0.017178939548704628
0.01776704738911073
0.2708081839848951
0.018370631751632772
0.01745751694679172
0.018061101309313786
0.017767047389110724
0.49995357043365224
0.017581329123719326
0.004474810287615541
0.004350262883984098
0.004581565205013923
0.0044570178013824775
0.004341366640867567
0.004207922994119589
0.004541532110989531
0.004221267358794384
0.16777869705623322
0.0048351081338350805
0.004497050895406873
0.004452569679824215
0.004221267358794386
0.7746359212504563
0.004403640342683288
0.018928435264302795
0.01729126017627661
0.016685729664266926
0.01711184372827374
0.017066989616273013
0.01735854134427768
0.017201551952275178
0.016708156720267275
0.09109870147345726
0.018838727040301373
0.018838727040301362
0.016910000224270517
0.017022135504272312
0.6809078472268942
0.018031353024288432
