0.017210194573855864
0.016388051520964658
0.017356353338814298
0.017356353338814298
0.01635151182972505
0.015145702018817951
0.29045400566365204
0.015712067233031892
0.014981273408239711
0.01587649584361013
0.016040924454188372
0.016899607198319185
0.02930483237416646
0.48497305197771085
0.01594957522608935
0.014950946943850544
0.014101805940954367
0.016482433395502594
0.018711428528105045
0.013419460492198507
0.02095558689290212
0.07310194241004404
0.014723498460931921
0.031342400946185685
0.014465723513624152
0.015087416033601721
0.01375305160047914
0.022350604254802967
0.7022850990917224
0.014268601495094683
0.008023507201364154
0.007467799397095107
0.0077570719527420085
0.008624889619682715
0.007376450168996082
0.007262263633872301
0.10763984044334823
0.007932157973265137
0.008168143479187614
0.007932157973265132
0.008282330014311381
0.007505861575469699
0.2971133643920709
0.5007079565177669
0.008206205657562199
0.01215787957360988
0.011277112400707877
0.011219492118368493
0.02640655224924882
0.009861299748940172
0.011515824998971039
0.1708688315429889
0.010478659916862134
0.019088776392147132
0.010486891385767765
0.011005473926822216
0.37325595752562074
0.02575626620570434
0.2856813598386635
0.010939622175577205
0.008830769447794791
0.009289235912736208
0.008753182815266233
0.010558835354112445
0.008739076154806492
0.009465569168482905
0.7661468362287253
0.00887308942917399
0.019015778299724197
0.00885192943848438
0.008844876108254518
0.00917638262905831
0.02223209688454404
0.09220113276483495
0.009021209364001217
0.0204009693765146
0.020165969009326525
0.023455974149959553
0.05883821693471387
0.02142909598296242
0.017933465521039832
0.03876037306308281
0.044003818755966775
0.03025629727546442
0.020092531394580258
0.019637218183153362
0.019270030109421993
0.02206065946978036
0.3415583461849161
0.3021370345891167
0.009318790269019293
0.008572465405446117
0.010181514423241503
0.017179165896377236
0.00941464850837731
0.011941197817170944
0.025553067806010323
0.008921663277393202
0.573519846079056
0.008907969243199188
0.00916815589288526
0.011475600654574824
0.030729412731343584
0.25515409211976803
0.00996240987613745
0.013620945516217953
0.013718111794219511
0.013152780722210477
0.012552116458200858
0.012984948060207781
0.011730619744187718
0.07907568369726518
0.013435446258214984
0.014230443078227711
0.013665112006218668
0.013099780934209613
0.01370927849621936
0.025590064306409442
0.736202388523779
0.013232280404211738
0.009575135153456343
0.009880183707017785
0.5100072872710014
0.013540766349755078
0.009244665887098116
0.009609029437185394
0.10578405951836233
0.009464978731336936
0.011990102869151089
0.010193705831511489
0.010075075838459817
0.009803921568627425
0.023319267205585723
0.24786042333960373
0.009651397291846707
0.008935748123065341
0.008978502898773786
0.009081114360474053
0.010457818138286034
0.008645015648247899
0.009115318181040815
0.6261693431156266
0.008995604809057171
0.009149522001607567
0.009123869136182497
0.00897850289877378
0.00973953790638413
0.017435397533904527
0.24642142527320293
0.008773279975373246
0.02517505292297669
0.025891548607718574
0.024784237094935654
0.030581338544211037
0.025956684579058753
0.02504478098029633
0.477218694023775
0.02618466047874937
0.02667318026380066
0.025793844650708338
0.025956684579058753
0.025989252564728844
0.04103566194430877
0.16860446181403674
0.02510991695163653
0.0633447321283177
0.0622048526298647
0.059110893991206455
0.09982087607881444
0.06236769255821511
0.0954241980133527
0.06391467187754431
0.05854095424197995
0.06578733105357425
0.06090213320306123
0.05984367366878339
0.05886663409868083
0.056505455137599546
0.07360364761439497
0.05976225370460823
0.012477007291181879
0.011712430467832359
0.012499168938235484
0.018726591760299623
0.012532411408815888
0.011701349644305544
0.6374354542029563
0.01221106752653856
0.011801077056046784
0.012754027879351985
0.012310794938279792
0.011612703056091127
0.012299714114752995
0.19757108348292463
0.012355118232387026
0.012500000000000011
0.01081460674157304
0.012160580524344582
0.011200842696629222
0.011434925093632966
0.011036985018726596
0.6422752808988766
0.011142322097378289
0.012137172284644206
0.011060393258426976
0.011154026217228465
0.011434925093632975
0.022998595505617985
0.19778792134831466
0.010861423220973783
0.013403189832933498
0.013655683204982479
0.013950258805706297
0.014476286664141674
0.013487354290283152
0.7034044522997914
0.09601060472162608
0.013992341034381113
0.01361360097630765
0.01405546437739338
0.013739847662332133
0.013824012119681796
0.016454151411858728
0.032171863821907995
0.01376088877666956
0.015093352760421033
0.01498127340823969
0.014327477187181838
0.02193019324348303
0.014112658428834263
0.014887873948088558
0.028897792970756633
0.014271437511091176
0.019856725228128147
0.014448896485378303
0.013683020912139118
0.014785134541922332
0.03299802927139079
0.7523793512473487
0.013346782855595086
0.013437150929758836
0.014400858575902918
0.012714370195150785
0.01717151805856714
0.012320126158091837
0.012144906586065646
0.031944718225025745
0.013929955976082504
0.015955932277635393
0.012801979981163884
0.012999101999693351
0.020555446043323055
0.16232998225901815
0.6349957290229328
0.012298223711588578
0.016472868217054244
0.01623334204337597
0.017300322271579103
0.017430972911767234
0.015438550648898146
0.013609441686264242
0.7173591150596652
0.017147896524692924
0.016592631303893355
0.016353105130215095
0.017398310251720193
0.016102691403187847
0.027708823273234002
0.05970734256597855
0.015144586708474841
0.03923352851189531
0.02964604104024901
0.026823864535527795
0.23189323205148485
0.029711979743630348
0.02885477659967298
0.0695653320673102
0.030898876404494402
0.034762884422640736
0.029632853299572746
0.025821596244131488
0.03964234847285961
0.08552249828559377
0.2658252888115211
0.03216489950941607
0.020195816322844017
0.01911196213736046
0.018762720233149087
0.5007406336934138
0.019413032744439222
0.017534352156267696
0.03061285932776953
0.018967448245962627
0.019051748015944704
0.019461204041571832
0.01749822368341822
0.019702060527234857
0.016028999120873817
0.24265086648120712
0.020268073268542932
0.015035396505812837
0.014256023900759904
0.01288129722240265
0.016529193998830953
0.014277673139789164
0.01164729059773552
0.029789352904245413
0.013671494446970198
0.01266480483211016
0.014786430256976488
0.014840553354549603
0.014678184061830246
0.017719902145439604
0.782446796995085
0.014775605637461869
0.014500741997032062
0.014331142675429339
0.013765811603420294
0.013963677478623463
0.013539679174616686
0.012974348102607619
0.02404070383718472
0.014415942336230706
0.01476927425623636
0.014529008550632503
0.01472687442583568
0.014090876969825491
0.019871387181118003
0.7866723199773863
0.01380821143382098
0.011164323284419037
0.010826630646118546
0.010325208243793585
0.013783999508810667
0.010181944700272165
0.010243343361781346
0.7903440371666564
0.010171711590020638
0.010294508913039001
0.010652667771842535
0.010959661079388432
0.010898262417879254
0.018706125539796527
0.061081435091381656
0.010366140684799711
0.014536913603758035
0.014346473687551587
0.015171713324446154
0.015996952961340707
0.015124103345394548
0.016568272709960034
0.6973751031549547
0.015489113184790224
0.014140163778327951
0.01525106328953217
0.014854313464102084
0.015330413254618182
0.023646289595632603
0.09777502697898814
0.014394083666603202
0.02355608121427165
0.019372713932146218
0.020325470355038663
0.027323302012834852
0.01885800643931926
0.022603324791379192
0.05369384760277723
0.020807324178110712
0.021683422038241678
0.020106445890005934
0.019821714085463342
0.020391177694548488
0.03864686685502771
0.6461878791861055
0.026622423724730056
0.05939943491688007
0.05552270188580053
0.0551941651882514
0.09665549641894983
0.053945725737564725
0.09277876338787032
0.10966554964189494
0.05460279913266298
0.05808528812668365
0.056179775280898764
0.05453709179315315
0.05571982390432998
0.058479532163742576
0.08627373677639785
0.05296011564491742
0.011998276490669839
0.012506490780329888
0.012252383635499863
0.011512158474473285
0.012263431772231598
0.0108050777236419
0.025565388397246803
0.01211980599471899
0.011512158474473259
0.012086661584523756
0.01227447990896335
0.011843602576425478
0.03343166175024583
0.7982720714151555
0.011556351021400227
0.021842166318650318
0.019339763348911188
0.025753206721686354
0.03203407245368067
0.02025123462927976
0.024278280467999055
0.030277418713333993
0.02139471678101487
0.018527725299128286
0.022571343342945187
0.021030128268867427
0.02086440621789134
0.02422856385270623
0.6772894501342349
0.020317523449670194
0.015192702670049579
0.01238371390600464
0.012504530627038834
0.015177600579920295
0.012625347348073029
0.013214328863114713
0.7557992026096412
0.012398815996133926
0.015222906850308126
0.012821674519753587
0.012670653618460842
0.012172284644194807
0.013803310378156394
0.07173492811405101
0.012277999275099729
0.003824707893188375
0.004081556408603954
0.0040441966245435106
0.00499687111808493
0.003927447299354607
0.005048240821168047
0.0185164429749596
0.003992826921460391
0.004165615922739963
0.004193635760785297
0.0041282561386795135
0.004245005463868412
0.6753481464877134
0.2553681339721856
0.0041189161926643994
0.013469809622245204
0.01258071327754255
0.012358439191366893
0.012013914357794609
0.012947465519732389
0.011824981384545286
0.01290301070249727
0.012547372164616204
0.012136165105191226
0.013403127396392506
0.012714077729247944
0.011647162115604763
0.019404527723135428
0.8178352726747361
0.012213961035352706
0.008960906305135113
0.00874423499551181
0.008604946296468267
0.8284427523446929
0.008241248026743435
0.011522270715324861
0.025188039743708795
0.008140650632989764
0.009386510663323744
0.008504348902714596
0.008171603677221662
0.009061503698888786
0.010299625468164802
0.03768533135233851
0.009046027176772853
0.01061362119103385
0.010557045385111492
0.009946026681150064
0.013872387612161512
0.010557045385111508
0.010783348608800916
0.7274969731943817
0.010681512158140683
0.010534415062742554
0.010681512158140675
0.010364687644975489
0.010692827319325148
0.013668714710841037
0.12890231621349452
0.010647566674587263
0.009041176663281688
0.009488867778250953
0.009750930869940269
0.010307814939780084
0.009073934549742849
0.010253218462344806
0.1367860145663402
0.009663576506043828
0.01050436225854708
0.009248643277535731
0.009379674823380401
0.009619899324095607
0.517913104246514
0.22930520522815848
0.009663576506043832
0.00464027167350142
0.004585103318070098
0.004523805145368623
0.00548618645678173
0.00461575240442083
0.006050129645635265
0.012051220753109345
0.004621882221690979
0.004756738201634216
0.004689310211662596
0.004750608384364064
0.004597362952610385
0.7674469924051568
0.16245854711071073
0.0047260891152834765
0.03256690725996479
0.030830666964307835
0.03050822233797155
0.16499243495299779
0.033410223974998134
0.02872237517672446
0.23927871617431876
0.03137634248580002
0.03140114591859508
0.03115311159064416
0.03150035964977551
0.0358657638217129
0.0766178039040603
0.17047399360071483
0.03130193218741473
0.01105375037959307
0.01024395181698552
0.011023382933495285
0.014616864055066292
0.010142726996659569
0.012511387792286673
0.724779836015791
0.010841178256908583
0.009494888146573528
0.010537503795930749
0.010254074299018109
0.01024395181698551
0.012966899483753432
0.13014475149306617
0.011144852717886415
0.013522570471121657
0.01311518496616075
0.012812931204415562
0.013969380379788456
0.012852355608121457
0.0114593600105132
0.028241014521321987
0.012957487351337171
0.012589526250082167
0.01308890203035682
0.013522570471121658
0.013969380379788456
0.08633944411590772
0.7286418292923319
0.012918062947631282
0.004812233965703108
0.004278776158881512
0.0043343446804254265
0.005001166938952419
0.004445481723513262
0.005640204936707457
0.060658598117338494
0.004412140610586911
0.0044510385756676525
0.0046233009924537905
0.004278776158881511
0.004523277653674743
0.7377888173907247
0.14632858778159347
0.004423254314895695
0.01871314357950228
0.01828952588438599
0.018948486743455773
0.017818839556478984
0.014624896617110113
0.012419394966345922
0.04645674056442015
0.017556600030930822
0.014154210289203125
0.015425063374552005
0.015855405160066987
0.01668246827910354
0.020508475715947515
0.7374780626550745
0.01506868658342242
0.01152906692721053
0.010541171361884573
0.01905227161700048
0.01211529066927208
0.010606307333224747
0.011757042826901145
0.02122347066167289
0.011985018726591735
0.014123649785594068
0.011887314769581481
0.012408402540302855
0.011463930955870354
0.20986809965803643
0.6191499755740089
0.012288986592845889
0.008137460486369751
0.008085297278123786
0.00815832576966813
0.011100330714740257
0.008273084827809245
0.008450439735845501
0.30968253471461504
0.008325248036055206
0.008679957852127732
0.008627794643881772
0.008293950111107626
0.008127027844720558
0.3131670370254451
0.2743367448071526
0.00855476615233743
0.009811198416557922
0.009341967187939934
0.010433996229087255
0.010485185090391022
0.00945287638743146
0.007985462363389751
0.7918234325544098
0.009640568878878644
0.011995256498852549
0.009444344910547494
0.00989651318539756
0.010203646353220241
0.019451767295436538
0.07023964918567054
0.009794135462789995
0.00790860439767576
0.007957777067505863
0.008015145182307658
0.008408526540948525
0.008490480990665376
0.008515067325580425
0.01494849162835295
0.008220031306599774
0.00759717748875173
0.008006949737335973
0.008547849105467156
0.007761086388185424
0.011358886730755023
0.8768224620755787
0.007441464034289727
0.007576100344368195
0.0074453912475177745
0.007726918533041753
0.01638388256290377
0.007314682150667368
0.007224191237463236
0.829449764974989
0.007440363974562001
0.009119473141794242
0.007133700324259102
0.007380036699092579
0.00771183671417439
0.009773018626046305
0.060593720936078246
0.007726918533041748
0.01801319778847864
0.01721062957018009
0.0164615658997681
0.020367397895487728
0.017513822008203988
0.018048867487069686
0.5413946852149105
0.017460317460317416
0.015641162832174024
0.016479400749063625
0.017388978063135323
0.017050115926520375
0.01681826288567857
0.23317281968967368
0.016978776529338283
0.018064436029548728
0.018498975727854017
0.017733358164173266
0.019430132224222508
0.019161131458604954
0.01767128106441537
0.6265234754898915
0.017960974196618892
0.01715397189976621
0.019036977259089125
0.018664514660541757
0.01885074595981545
0.023403066608728054
0.12957559956132184
0.018271359695408385
0.06526416447525707
0.05976571838393498
0.05825165351820862
0.07331261455096016
0.061120408000637574
0.11275798868435738
0.06725635508805486
0.057932903020161
0.06223603474380435
0.05857040401625625
0.06191728424575662
0.05936728026137541
0.05522352378675593
0.0901267033229738
0.056896963901506115
0.008853516437786079
0.009040782355389073
0.008832709113607966
0.009290470245526402
0.00905118601747813
0.009456928838951285
0.7485226799833544
0.009373699542238845
0.010112359550561773
0.008863920099875133
0.009602580108198061
0.009259259259259236
0.011787349146899679
0.12852684144818968
0.009425717852684121
0.0048009255945991244
0.0044788759273837785
0.004544478637372089
0.004991769841837849
0.004610081347360395
0.005337675039958032
0.15430950165795945
0.004425200982847887
0.004616045230086618
0.004365562155585785
0.004550442520098303
0.004317851093776106
0.6824590281256709
0.10774946921443726
0.004443092631026518
0.008292451337236896
0.0076277892071530224
0.009189217703223073
0.009157567125600032
0.008081447486416617
0.008556206150762241
0.8716147069684023
0.008313551722318922
0.00819749960436777
0.008429603840270075
0.008123648256580674
0.008007596138629522
0.013746900880941063
0.014443213588647977
0.008218599989449798
0.015962190119493447
0.01598002496878898
0.01788835384340998
0.020046370608168308
0.015971107544141213
0.010567148207597618
0.017950775815944307
0.015132869627251608
0.01517745675049042
0.01606028179061883
0.014758337792045622
0.014722668093454573
0.014909934011057568
0.7776440164080616
0.017228464419475613
0.017183626101176356
0.012409663976367587
0.012462414939072654
0.41942290446800656
0.01239647623569131
0.017796856042622784
0.034241968665928144
0.014354855726117024
0.017539695099435582
0.013055863269504689
0.0134119322677639
0.015001055019254115
0.016596771641082468
0.36742364298148444
0.0167022735664926
0.007822882686963873
0.008195400910152634
0.00890016511618542
0.010943981313680502
0.008165196729894084
0.008406830171962469
0.8668398373001481
0.00789335910756715
0.007994039708428978
0.008195400910152632
0.007953767468084247
0.007893359107567152
0.014618823245137165
0.018394345777455638
0.007782610446619142
0.015002196974452323
0.014555827561916344
0.01841273826711028
0.01996805668891541
0.01628550903549336
0.013816528222403573
0.1247323527155302
0.016083247895437993
0.013307388111229692
0.015678725615327214
0.014834808444751338
0.015964681020233094
0.011452165240376918
0.6716813480356258
0.01822442617119664
0.027734939169175715
0.027294313480698086
0.02837139849697674
0.18405914175907562
0.0251891018579716
0.0414310543193556
0.07706053707375583
0.02540941470221041
0.030794839783603752
0.023426599104061044
0.024246652468727755
0.04544564392548518
0.10757386600083232
0.30890308682773965
0.023059411030329678
0.01150942274537777
0.011771000535045447
0.012567623803578827
0.016384281552820835
0.01208013792283452
0.013126449081505226
0.8068248023304195
0.011996908626122077
0.012924320789489293
0.011806670233636496
0.011497532845847421
0.010344212591403574
0.01901194934902795
0.026241008263480102
0.011913679329409637
0.018357527543125834
0.017318680117007025
0.018562563219333514
0.020653927116651608
0.018234506137401227
0.018589901309494505
0.10272287378003771
0.017961125235791034
0.020763279477295688
0.01801580141611305
0.018261844227562263
0.021241696055113588
0.10799912518111492
0.5627135788293827
0.018603570354575036
0.027868125369603796
0.03471811551350284
0.03131776069386954
0.05433175635718513
0.030553912872067806
0.030455351862803074
0.03747782377291546
0.03338754188842895
0.05938300808200279
0.0318105657401932
0.029494382022471906
0.11583382613837984
0.043785728365858444
0.40799329785137
0.031588803469347546
0.059348890809564805
0.059252857005665835
0.05886872179006994
0.05675597810429255
0.05915682320176686
0.0604052626524535
0.11082300969941387
0.05752424853548433
0.059444924613463776
0.059925093632958636
0.06126956688754424
0.05752424853548434
0.08518198405838831
0.09536156727167937
0.05915682320176686
0.012049593180937596
0.011946274053984225
0.012927805760041303
0.01545912437039906
0.013082784450471384
0.012307890998321054
0.19259976753196423
0.012398295234405247
0.01180421025442334
0.011946274053984221
0.012914890869172135
0.012630763270050345
0.31722846441947566
0.33382409918636186
0.016879762366007998
0.029458692329655183
0.030919870341445378
0.04042592499286202
0.03125577333266149
0.03085268974320214
0.030533581901546803
0.181807493995734
0.02992895651735776
0.03436287600141077
0.03211232596026261
0.03066794309803328
0.03128936363178312
0.038124989503031496
0.4024621689256142
0.025797349725399286
0.01838503757096088
0.017207264504275382
0.015970602784255584
0.025840341083080174
0.01677148846960172
0.016747933008268018
0.3145360751890325
0.019021035026971053
0.019044590488304765
0.017666596000282718
0.01773726238428384
0.017807928768284974
0.015464160365580806
0.4501566438178693
0.017643040538948995
0.00821416411304051
0.00822480422199523
0.009756979911474286
0.008469526727953699
0.008480166836908406
0.009459056860742257
0.8437606401089557
0.008437606401089552
0.009001532175689482
0.008416326183180113
0.008746169560776305
0.008352485529451824
0.010150663942798774
0.041868828736806266
0.008661048689138572
0.0110179057000667
0.010973013185572818
0.010806269560309901
0.010883228156585094
0.0106459391514032
0.010992252834641636
0.07236032014776059
0.01110769072905443
0.009055461495048987
0.010613873069621867
0.010164947924683181
0.010940947103791503
0.010402236929865062
0.789761941408856
0.010273972602739732
0.05918940609951862
0.05624665596575718
0.05731674692348862
0.08834938469769937
0.05992509363295896
0.05437399678972724
0.06266720171214556
0.060660781166399246
0.05691546281433931
0.059991974317817116
0.0594569288389514
0.05283574103798835
0.04674959871589104
0.16472712680577847
0.06059390048154104
0.010268562401263823
0.009594050091414164
0.009114791344942046
0.009771553330848287
0.009789303654791687
0.009425422013951749
0.016498926105401428
0.009460922661838579
0.012043594795605012
0.00986918011253705
0.009922431084367286
0.00931892007029127
0.011404583133642185
0.8537195803823401
0.009798178816763412
0.011198994677705488
0.01137147644391879
0.01129755568697023
0.014463828109599843
0.010890991523753201
0.012209245022669027
0.3789301202444312
0.011556278336290174
0.011014192785334113
0.011753400354819624
0.011297555686970228
0.01126059530849596
0.044377094421446814
0.4365143899073528
0.011864281490242452
0.06842797854033808
0.06782062961838244
0.06711205587610075
0.06883287782164177
0.06741573033707864
0.06336673752404097
0.060026318453284884
0.06802307925903427
0.06508755946958199
0.06630225731349328
0.06923777710294565
0.06802307925903435
0.0695414515639234
0.06518878428990789
0.06559368357121162
0.015262172284644215
0.014887640449438235
0.015332397003745349
0.01584737827715358
0.015285580524344599
0.7271535580524342
0.06970973782771535
0.015285580524344585
0.015566479400749093
0.015355805243445729
0.014957865168539369
0.01500468164794009
0.01821161048689139
0.017626404494382037
0.014513108614232254
0.02979431738695422
0.023658370299536904
0.028811503351307312
0.04168548180023198
0.023959412436581923
0.02092242852462788
0.015468253335812487
0.024676601057189152
0.04097714736012606
0.026057853215395617
0.02511045590175399
0.022772952249404538
0.04730788641857255
0.6010217724298533
0.02777556423265243
0.02232895903021987
0.04568716585184548
0.037967807416302166
0.02584555565085628
0.04228493009692082
0.023644108985905035
0.08611373188095028
0.02291505846699258
0.024744832318380663
0.03716728135631993
0.02397289647482631
0.027632444177602435
0.043156931697972974
0.5080195557080367
0.0285187408868685
0.014588246173764327
0.014842557913719011
0.014680723170111484
0.016946409580616852
0.014935034910066172
0.7037499422018775
0.09009571369121931
0.014310815184722853
0.01539741989180196
0.014680723170111485
0.01546677763906233
0.01546677763906233
0.019813196467378752
0.020576131687242816
0.014449530679243584
0.03266168685790817
0.033080158182160674
0.0328499989538218
0.3475613583579185
0.03163643211348952
0.036302387378904954
0.050927960161530096
0.03276630468897128
0.04335362919255971
0.030046241081329982
0.031720126378340034
0.030925030862260266
0.04492289665850663
0.18799824242043844
0.0332475467118617
0.005817970255627062
0.005432529726191768
0.006014326751754476
0.005548889131304308
0.005367077560815962
0.005730700701792655
0.9092033016981199
0.005345260172357359
0.005483436965928498
0.005439802189011301
0.005119813824951811
0.005454347114650366
0.00998509145121995
0.014937638631322483
0.005119813824951813
0.03436013971299922
0.026848461894541913
0.038484198123132654
0.03013087573117874
0.02659596852249296
0.024260404831039854
0.540293733956149
0.024828514918150073
0.046353574885325995
0.027963640954424957
0.025522871691284768
0.03537011320119515
0.03699027900517612
0.053633800446071654
0.028363422126835843
0.006050129645635249
0.0055987707673100795
0.005781234994718126
0.007063286276769405
0.006117353308364529
0.005944492461346378
0.21514453087486776
0.006501488523960417
0.006275809084797832
0.0060453279554402994
0.006198982041678656
0.006227792182848348
0.052837798905214714
0.6580476327667342
0.006165370210314015
0.014513108614232243
0.01474719101123599
0.014208801498127383
0.015777153558052454
0.014419475655430754
0.721605805243445
0.061680711610486876
0.01451310861423225
0.014606741573033743
0.014349250936329622
0.01444288389513112
0.013998127340824017
0.029494382022471916
0.027481273408239713
0.014161985018726623
0.004776259640606032
0.0049393832622114265
0.005494003575669785
0.005037257435174667
0.004945908207075648
0.005259105560558014
0.9159717600386278
0.005056832269767315
0.005239530725965365
0.004972007986532509
0.004867608868705057
0.005063357214631531
0.012214696785812166
0.010961907371882717
0.0052003810567800655
0.0137130174583358
0.013950815448942765
0.0127717337455165
0.024146404296217
0.014297604185244617
0.014872282662544823
0.7436537661256762
0.014248062937201503
0.01681429958583516
0.013861641202465167
0.014327328934070491
0.015328062144541528
0.029754473574698275
0.04367556427481514
0.014584943423894714
0.011924100897973933
0.012770181850999523
0.011732322548621481
0.012849149406615247
0.012488154866657667
0.010750868643111783
0.33338973873020145
0.0127814629303732
0.01237534407292091
0.012217408961689482
0.01256712242227338
0.012465592707910318
0.05326925680249089
0.4662018861964714
0.012217408961689472
0.012543355712956334
0.012312637949995762
0.015373493605272685
0.021356774258050135
0.012612571041844505
0.010774519530258625
0.33031093063854977
0.01300479123887747
0.014750555645279124
0.01229725676579839
0.01262795222604188
0.012343400318390511
0.0859885102554045
0.42016780871959325
0.01353544209368679
0.018113246943063353
0.019196387790523173
0.016351511829725055
0.4779652611935426
0.01864829242192904
0.019535684923462398
0.026086729567135165
0.018191546281433938
0.0237507993057459
0.018883190437040828
0.018074097273878046
0.01823069595061923
0.1622753787730494
0.12078977932636478
0.02390739798248706
0.019104906745356195
0.01899141224983924
0.020504672190065493
0.02788181439866836
0.019142738243861833
0.017515983808118647
0.12471153482389433
0.018859002005069434
0.017043090076797943
0.01882117050656376
0.018083456285703497
0.0187833390080581
0.452067491393333
0.18978171225362206
0.018707676011046795
0.01108668512185855
0.01088313521142052
0.011561634912880644
0.011059545133800147
0.011398794984530211
0.010706725289040885
0.014302773706779561
0.011208815068121374
0.011181675080062967
0.011317375020354993
0.011330945014384202
0.011344515008413407
0.01715247245291211
0.834310372903436
0.011154535092004566
0.022258213269449212
0.01959262633419938
0.02088605459391977
0.12467523703478764
0.02167335875201046
0.0182204676586699
0.11895041108524257
0.025238721867935337
0.01784930998414144
0.0214259203023248
0.0234954055178774
0.019772581570334395
0.05495383023472908
0.46869341251363694
0.02231444928074141
0.008883453506246445
0.009146729852989888
0.009155222638368703
0.011524709759059676
0.008798525652458242
0.008331422456623105
0.5028153583530788
0.009129744282232248
0.00941000619973332
0.009342063916702753
0.008407857525032493
0.00935055670208159
0.08818059058829526
0.2988950886222154
0.008628669944881822
0.017045710933622123
0.016718559631785573
0.019279364649609682
0.04355624746175716
0.01736158115608499
0.01492486801137133
0.6268557375569689
0.017011867695501115
0.018692748522178608
0.016526781282433095
0.016289878615585944
0.016673435314290875
0.030955281801362734
0.11006949144894193
0.018038445918505477
0.00881558219356722
0.009358079559325204
0.009566732392309046
0.009191157292938129
0.010015335983224296
0.01341637716086088
0.8559043535413603
0.009754519941994496
0.009232887859534899
0.009462405975817122
0.008982504459954294
0.010839514673510454
0.013332916027667348
0.012529602620679564
0.009598030317256614
0.010781251869667685
0.010948774096277395
0.010350480429814157
0.01000347010326548
0.010721422503021374
0.01011116296322886
0.014933409914922627
0.010805183616326219
0.010290651063167837
0.010206889949862984
0.010673559009704306
0.010888944729631084
0.01754197030070239
0.8405786696342034
0.011164159816204187
0.0632022471910112
0.058286516853932505
0.056960049937577965
0.0751404494382022
0.05922284644194746
0.11352996254681645
0.06585518102372032
0.060549313358302076
0.06171972534332077
0.05836454431960037
0.05797440699126082
0.05813046192259663
0.05298064918851422
0.09878277153558054
0.05930087390761542
0.05878812199036931
0.05945692883895141
0.05952380952380958
0.09256286784376674
0.05785179240235429
0.054842161583734776
0.06340288924558593
0.059323167469234994
0.05704922418405575
0.05825307651150358
0.058186195826645346
0.05564472980203329
0.04882289994649559
0.15817281968967362
0.05811931514178719
0.016283217406812867
0.016033529516675544
0.01608703406456211
0.017228464419475606
0.016336721954699443
0.015551988585696412
0.7475477082218653
0.015926520420902403
0.01722846441947561
0.016033529516675544
0.01687176743356514
0.016889602282860666
0.024005707151774504
0.032423756019261556
0.015551988585696412
0.046776635588493015
0.04669694796398107
0.0464578850904454
0.047334448960076436
0.04725476133556457
0.04781257470714794
0.0867798230934735
0.04860945095226708
0.047254761335564485
0.04789226233165984
0.04741413658458839
0.04964539007092193
0.24822695035461
0.09514702366722436
0.04669694796398112
0.013838335882963211
0.01255472912380652
0.012185472384871027
0.014981273408239694
0.012501978161101443
0.015543950343760436
0.7852156635191927
0.012009635842520797
0.012695398357686705
0.012238223347576101
0.012906402208506971
0.012009635842520799
0.033532028626189106
0.02525012748149324
0.012537145469571489
0.014698197021165427
0.014175594460412878
0.015111924048427858
0.015961153209650747
0.014436895740789152
0.7083006706732873
0.09228290218622079
0.014654646807769381
0.013718317219754398
0.014262694887204967
0.014153819353714856
0.015111924048427861
0.017115233864645942
0.02186220712481488
0.014153819353714854
0.03005473926822241
0.028429847306251782
0.02985883030826852
0.4283837510803803
0.025813886488043794
0.02648228176318065
0.07025064822817631
0.027634687409968307
0.04217804667242866
0.02705848458657447
0.024165946413137435
0.025906078939786803
0.023071161048689143
0.15917026793431274
0.03154134255257849
0.008206365080298835
0.008235778575210293
0.008539718022628767
0.009049551934427505
0.008431868541286733
0.008127929093868254
0.8565797988116951
0.00835343255485616
0.008402455046375268
0.00829460556503322
0.00815734258877972
0.008245583073514114
0.021903249210737875
0.021030648861697743
0.008441673039590548
0.008081031715282024
0.007573661002564545
0.008182505857825526
0.008062581871183212
0.00766591022305863
0.007490636704119863
0.04782199590413462
0.007435287171823409
0.007472186860021047
0.007435287171823418
0.007176989354439981
0.0074998616261692805
0.6701260124351951
0.19059611446283284
0.007379937639526968
0.008597586350395347
0.008572617561381599
0.008347898460258005
0.008198085726175608
0.008489388264669167
0.00783187682064086
0.13204327923429043
0.008647523928422805
0.008006658343737002
0.008106533499791926
0.008214731585518097
0.008464419475655429
0.4395921764461088
0.32875572201414904
0.008131502288805657
0.010725840011813174
0.01055132697031935
0.010417086169170251
0.011826614581235802
0.010618447370893899
0.011329923616984127
0.019961607130871344
0.010457358409514972
0.012564938987555861
0.010323117608365871
0.010202300887331678
0.010296269448136055
0.3607721530882095
0.48968359443169135
0.010269421287906233
0.01915340866651726
0.01847050161656902
0.01794765090645239
0.03651418632692038
0.0178729579478643
0.015941611447229415
0.46605205032171315
0.01810770724628401
0.016517814270623238
0.019878997407087262
0.019196090357139026
0.01999637205629715
0.0828878431874685
0.21054877983716935
0.020914028404665094
0.007156659271452086
0.007172562958721979
0.007387262736865541
0.010011371136397999
0.007474733016849956
0.007713288325898361
0.860659843984828
0.007331599831420914
0.010241974601811461
0.007347503518690807
0.007538347765929531
0.007800758605882777
0.01047257806722491
0.034065698132112
0.007625818045913946
0.06741573033707848
0.05873755366767142
0.05837215675527537
0.07243993788252472
0.05937699826436458
0.09947930939983543
0.07426692244450515
0.06029049054535481
0.06577144423129609
0.058646204439572414
0.05873755366767145
0.06056453822965187
0.06047318900155281
0.0873298620626654
0.05809810907097831
0.009730299437261206
0.009062164756366092
0.009250371708730913
0.009843223608680087
0.009786761522970642
0.009589144222987591
0.8354883029379103
0.009222140665876193
0.008836316413528302
0.009579733875369348
0.009542092484896377
0.009636195961078793
0.03783900777294709
0.013466207441702896
0.009128037189693773
0.06761817997773054
0.06721328069642676
0.06640348213381919
0.0700475756655531
0.06650470695414513
0.06306306306306314
0.0603299929142627
0.06782062961838241
0.0637716368053447
0.0682255288996862
0.06792185443870837
0.06701083105577488
0.07105982386881256
0.0671120558761008
0.06589735803218952
0.012216038363260861
0.012076026462249279
0.012391053239525343
0.013598655885750271
0.011866008610731903
0.014193706465049511
0.798190346179426
0.012233539850887317
0.011533480345829383
0.012583569603416273
0.011831005635479008
0.012163533900381518
0.03222023872029122
0.02070425986208829
0.012198536875634424
0.021718414112536815
0.022383263524145106
0.02149679764200073
0.01959089599539035
0.02136382775967906
0.02180706070075125
0.10801586773929046
0.024156195288433813
0.022715688229949217
0.02176273740664403
0.022915143053431695
0.022582718347627546
0.035237018815238365
0.5926024422135044
0.021651929171375987
0.020836827100452822
0.023729666275364766
0.02054335066241828
0.05981329308513615
0.019397395047235765
0.016071328749510894
0.025490524903572027
0.018684666554866152
0.016756107104924835
0.019565095868969803
0.02037564984068426
0.021843032030856992
0.03129017832187378
0.6659259880373412
0.019676896416792482
0.01663049029622062
0.015225995914198152
0.019609720803541033
0.019269237316990127
0.01601336397684711
0.015130234933605708
0.1817862614913176
0.015523918964930192
0.013778941096356825
0.015449438202247178
0.01608784473953013
0.015396237657473605
0.016651770514130068
0.6071778175008506
0.016268726591760305
0.009406846093545864
0.008932632658788929
0.008855210057195957
0.009958482129895783
0.008235829244452195
0.009155222638368718
0.1342120798614136
0.0093294234919529
0.009522979995935323
0.00939716826834675
0.00901005526038189
0.009164900463567839
0.5638494517512025
0.1920564410765614
0.008913277008390685
0.027532548599964363
0.02751025503834496
0.025726770108792606
0.07461655074014631
0.02472355983591939
0.04122079543427862
0.3960897092919564
0.026016586409844847
0.027175851614053875
0.026217228464419488
0.026975209559479234
0.024901908328874633
0.04242464776172643
0.18450151596219017
0.02436686285000892
0.016044758866232012
0.01433393443380959
0.014357053682896371
0.015547695010866046
0.012900540990428625
0.013328247098534233
0.778136126138623
0.013374485596707827
0.01342072409488139
0.01375595320663984
0.013224210477643682
0.013975586072964336
0.027292273546955195
0.02673741156887224
0.013570999213945533
0.015360546152752154
0.015004977954771778
0.014815341582515577
0.015787227990328598
0.0147442279429195
0.7470250794102313
0.05452045702365711
0.014744227942919505
0.014602000663727356
0.01467311430332343
0.014791637035983555
0.014554591570663305
0.015810932536860625
0.01903475086521601
0.014530887024131278
0.016161862888780333
0.012246919611355368
0.012850784345654885
0.5546531509526136
0.012172284644194767
0.01221977962329696
0.057122889865928506
0.012192639635238554
0.015510503175378599
0.012497964500895627
0.012328339575530577
0.013183249199370356
0.019405091461759758
0.2245766161862891
0.012877924333713289
0.01088734547209784
0.011352158250873766
0.011298526007168847
0.011530932396556812
0.009984536036398425
0.009609110330464018
0.2307795446622508
0.010297390791343753
0.01125383247074809
0.010690693911846478
0.010994609959507658
0.010699632619130622
0.015195802383059367
0.6252893906483245
0.010136494060229014
0.027458147195523714
0.02730021208429228
0.03054916294391047
0.24026442850051882
0.028225260592933562
0.029217995577816902
0.1709986011461578
0.02662334732187179
0.04453770136726678
0.0285185686566491
0.030143044086458227
0.02705202833807144
0.03447497856594917
0.22433554442489068
0.03030097919768967
0.024940689090405498
0.020484844105639638
0.02333899346074641
0.34099256957741736
0.02272480942230573
0.029107506292375705
0.08714187651287982
0.022026325613882965
0.026470127774365665
0.02300179438081817
0.023977263147753405
0.020569143875621705
0.02431446222768163
0.2818743451714297
0.02903524934667679
0.01723722539807695
0.01677727402150819
0.017259127844580217
0.021092055982653245
0.017237225398076938
0.017960006132685
0.4534463499572893
0.017018200933044198
0.0170182009330442
0.016711566681998344
0.01752195720261951
0.0170182009330442
0.1242963839060823
0.21280417022581383
0.016602054449481974
0.0073507700436694625
0.007397392263819585
0.007918007055495963
0.008337607036847074
0.007288607083469297
0.00784030335524576
0.8487963696831248
0.007133199682968885
0.008648421837847895
0.007646044104620243
0.0075450292942949755
0.008050103345921314
0.010971762475329048
0.04781885713397659
0.007257525603369214
0.039456493336817326
0.03806288650814387
0.038106436721539884
0.07037714484800961
0.03902099120285684
0.03727898266701504
0.1239003571117497
0.03784513544116364
0.04511802107830324
0.03928229248323316
0.04045814824492634
0.039151641843045
0.05016984583224452
0.3220102778503615
0.03976134483058963
0.011115138335145604
0.011829970601264575
0.011306431476783072
0.01431678144255169
0.01093391325359432
0.011235955056179798
0.7895976803189562
0.010772824292215396
0.013239499013330144
0.01151786073859291
0.011366839837300179
0.011628609399540923
0.01772985381176759
0.052082074825822645
0.011326567596955444
0.02778089887640449
0.02289325842696627
0.019250936329588006
0.06502808988764043
0.022219101123595496
0.014953183520599229
0.042649812734082415
0.023211610486891358
0.02331460674157304
0.02151685393258426
0.022996254681647926
0.02360486891385767
0.06283707865168535
0.572116104868914
0.035627340823970025
0.010993057840878792
0.01187845736762099
0.011533700029774463
0.01685393258426961
0.011455346089354803
0.010475921834109007
0.019063513704104113
0.011455346089354798
0.014691363828686908
0.012991083321580204
0.011815774215285249
0.011251625844263674
0.02646012567972034
0.8066773228025632
0.012403428768432727
0.010343653505218778
0.01039061674474305
0.010296690265694533
0.011963885268805837
0.010073614877954279
0.009932725159381489
0.7822901623754001
0.009662686532116983
0.010061874068073209
0.00961572329259272
0.009932725159381492
0.009956206779143622
0.0199945992274547
0.07514118323881974
0.01034365350521879
0.03524819327952753
0.016827557102917133
0.01666930421480192
0.459914543440418
0.01791422693464156
0.017566070580788122
0.06057920557050174
0.018051379437674753
0.018494487524397345
0.017682122698739266
0.01734451653742682
0.018483937331856336
0.03675687081289242
0.23062720894656305
0.017840375586854477
0.025033046926635816
0.02387640449438202
0.02409671733862083
0.36420467063229783
0.023545935228023805
0.018767900418594427
0.17203679224498786
0.02373870896673277
0.024936660057281342
0.0222240581625909
0.023601013439083513
0.025501211720643294
0.027415179554968066
0.17462546816479405
0.026396232650363522
0.007980903698702814
0.008535468004050745
0.00804520100946779
0.007908569224092214
0.00851135651251387
0.00728970760797931
0.029062384465769746
0.008607802478661343
0.00819790712253461
0.008334538907910185
0.008374724727138303
0.00831846458021894
0.022849656813103837
0.8498416678722418
0.008141646975615261
0.01390402465145996
0.012864354339684124
0.013377926421404712
0.4418598825047282
0.013390452569739371
0.01726103240514579
0.024200518582541096
0.013503187904751206
0.015031378001578327
0.012839302043014833
0.013590870943093747
0.012488569889644663
0.015357057858279196
0.36631468189846295
0.014016759986471797
0.009475565614923761
0.009304915618067315
0.00960130771787062
0.011262899792525491
0.009861773502546247
0.012367633982701437
0.4282506579006456
0.010023441920620773
0.009745012978381306
0.009286952460503478
0.009260007724157724
0.009628252454216371
0.009897699817673921
0.4406452366196933
0.011388641895472356
0.023962764990364014
0.023635504163485
0.024653648958219733
0.028435329624377358
0.023817315733973346
0.10606887022290112
0.1001781753390787
0.024035489618559367
0.025962692265735846
0.023890040362168682
0.02501727209919643
0.0263626777208102
0.03083524235482357
0.4874368204792549
0.025708156067052155
0.00851048864975119
0.008246733836225843
0.008369819415871008
0.009292961263209724
0.008835786253099123
0.009081957412389445
0.49867243410525547
0.008220358354873315
0.008791827117511567
0.008774243463276541
0.008554447785338752
0.008659949710748889
0.02964604104024901
0.3674983735119834
0.008844578080216636
0.015092888855817645
0.0149812734082397
0.013654289753701898
0.011930451174442535
0.014621623632710764
0.012972195351836692
0.024220552124414034
0.014820051095071554
0.014162760126001433
0.014261973857181838
0.014311580722772022
0.015961009003646078
0.018416548850360884
0.7863184264702241
0.014274375573579384
0.01583525479144554
0.016274445217094254
0.01623784601495686
0.020117361441520536
0.016591638302284994
0.041479095755712396
0.15641279020117355
0.017018628993887907
0.015481462504117409
0.015871853993582936
0.016555039100147616
0.01628664495114006
0.018628993887933206
0.5988239456379851
0.018384999207017257
0.012315487992949958
0.011533377395902152
0.010982595285305104
0.018010575016523415
0.012293456708526078
0.011687596386869325
0.2027098479841373
0.011775721524564853
0.01163251817580962
0.011500330469266327
0.011621502533597677
0.012337519277373839
0.01567525886759194
0.6333443489755455
0.012579863406036541
0.01626538255751736
0.01482075976457995
0.017094703049759206
0.022699304440877477
0.01487426431246652
0.017388978063135357
0.030979133226324253
0.014834135901551592
0.015543071161048657
0.015462814339218802
0.014753879079721737
0.013897806313536614
0.5109818084537191
0.26579721776350995
0.014606741573033667
0.06402710897092909
0.05716069199215252
0.059033351168182466
0.07009095773140707
0.05974674514000341
0.10246120920278234
0.09167112537899061
0.05831995719636154
0.06563224540752619
0.060549313358301965
0.05733904048510775
0.057784911717495835
0.05921169966113771
0.07945425361155699
0.05751738897806299
0.014267437979753004
0.012654355323172726
0.01163459042533464
0.013720473170912567
0.01323840249193455
0.009873178329068841
0.02287981607149475
0.012552378833388929
0.01264508473319239
0.012005414024548489
0.012876849482701047
0.011653131605295339
0.026105981384655266
0.8027311158082107
0.011161790336336973
0.015931474545706748
0.0141905950894715
0.015931474545706755
0.3330281592453876
0.015258704397281164
0.024337633513663453
0.039291163822999055
0.015009016507143843
0.014155916215841296
0.015203218199472878
0.013961714523512267
0.04256484949368846
0.09680260785129702
0.32922735469551945
0.015106117353308354
0.01665371116293316
0.017383930464278212
0.025840341083080167
0.017737262384283844
0.016111935552257838
0.02143546981367634
0.023013685723034916
0.015452382634913952
0.019268367370975
0.016406378818929195
0.016783266200268588
0.01573504817091848
0.03313075636586348
0.7280404211716489
0.01700704308293884
0.009728551385072096
0.009647383495089373
0.010134390834985714
0.23119513920293128
0.009861898632900863
0.10707204230006609
0.05166336197400307
0.009432868357277899
0.010111200009276355
0.009792326155772807
0.009548822485824643
0.009774933036490801
0.015195788546051223
0.49678807063925506
0.010053222945002983
0.015059448933614761
0.015834097321422227
0.014441151596557436
0.026913701326851863
0.01572038746633123
0.01795194337249217
0.08878607622824408
0.014782281161830464
0.018769232955958764
0.013865495455159246
0.01519447938653534
0.01553560895180835
0.06078502441208448
0.6518985992367224
0.014462472194386993
0.013753469320374334
0.014331259479369817
0.012762971904953537
0.014155858895389046
0.013887599178712573
0.01215422870172616
0.052403503884607044
0.013784422364606235
0.014124905851157133
0.014155858895389048
0.01360902178062547
0.014413800930654879
0.0149503203640078
0.7681307456588359
0.013382032789591538
0.014615876495843599
0.014752900337992137
0.015163971864437716
0.015826253768155617
0.01445601534667031
0.7495660911665298
0.050584635059833696
0.014912761487165412
0.01527815839956149
0.01495843610121492
0.014912761487165417
0.014798574952041637
0.014844249566091157
0.01970859596236406
0.015620718004932825
0.0076069129274680975
0.0076313921323835215
0.007441678294288982
0.010232307654647353
0.007784387163104923
0.006970453599667065
0.025544050329245237
0.007551834716408391
0.006664463538224263
0.007105089226701899
0.007753788156960644
0.00771094954835865
0.007564074318866107
0.8755599618124399
0.006878656581234224
0.014251173375053381
0.013928791542217836
0.012392736926942632
0.015844118902005454
0.013985682453894702
0.013160764234580236
0.1664722893851041
0.013293509695159578
0.018954155407007123
0.014061537002797182
0.012620300573650066
0.014052055184184373
0.017825818992082743
0.643379320153606
0.015777746171715786
0.022273840391817925
0.021769662921348323
0.022723998847594358
0.03975799481417457
0.02391241717084415
0.037957360991068875
0.14208801498127344
0.02162561221549987
0.08511596081820799
0.024614664361855373
0.023156150965139715
0.056089743589743585
0.3264008931143763
0.12743085566119272
0.02508282915586288
0.011778754817347878
0.010699940292026264
0.013773543939640661
0.058988764044943826
0.010319980459208584
0.011792324811377078
0.017702057211094833
0.010367475438310809
0.011928024751669104
0.010693155295011667
0.010883135211420503
0.011351300005427995
0.01011643054877055
0.30807278944797273
0.4915323237257778
0.013032489875460577
0.012834566547912696
0.012743217319813671
0.012423495021467085
0.012971590390061226
0.012986815261411062
0.027374318687007095
0.012819341676562856
0.012530069120915952
0.013032489875460579
0.012865016290612364
0.012651868091714662
0.014539752139094454
0.8046953503242895
0.012499619378216278
0.01091377713342192
0.011920583142040178
0.011007745694226282
0.011464164418133225
0.011048017934571016
0.010537902890204433
0.03676855543473888
0.011558132978937603
0.010766112252157907
0.011477588498248141
0.010994321614111372
0.011101714255030655
0.08939094948518658
0.7393312123286755
0.011719221940316526
0.021596645497475978
0.02167806546165117
0.02161700048851976
0.022166585246702456
0.023184334798892658
0.01907262660804428
0.2156407751180592
0.021148835694512272
0.022553330076534744
0.02163735547956357
0.02214623025565868
0.023326819736199284
0.05915160397329428
0.4611423220973783
0.023937469467513406
0.014880321431095233
0.015364890921388711
0.015566794875677645
0.02024087141746671
0.015304319735102028
0.013032900249351375
0.02942750133761369
0.014203943184227278
0.01609174515682889
0.014981273408239707
0.015243748548815344
0.01562736606196434
0.01923135164602199
0.7674369302522794
0.01336604177392815
0.01219951570603862
0.012920091496367811
0.011110273232285176
0.018265758406019354
0.012434121777308583
0.012777652095953912
0.028772758883610288
0.012199515706038609
0.01240898541252967
0.012559803601203226
0.013657424863216295
0.01174706114001795
0.012023561152586133
0.803416869852282
0.01350660667454274
0.02401888943168866
0.023481517668132224
0.022602182055039916
0.0319166259566846
0.023416381696792055
0.028106171633284504
0.49716658524670254
0.024263149324214313
0.02379091353199806
0.024409705259729703
0.023058133854421122
0.02657547630679045
0.10452695000814201
0.09521250610649731
0.02745481191988278
0.0053491188448895905
0.005494068743658453
0.005213520552492914
0.006892133896300051
0.00538652527037833
0.006793942029392112
0.008771806777109138
0.00548939294047236
0.005363146254447867
0.005573557397822022
0.005657721855171683
0.004975054590002207
0.006373119742643804
0.9171541191488166
0.005512771956402822
0.009268477694021744
0.009327739060351807
0.009114398141563583
0.010145545915706667
0.009173659507893644
0.008699568577253146
0.7893969563362252
0.009517375432608003
0.009304034513819785
0.009315886787085795
0.00942255724647991
0.009434409519745921
0.011887830085810496
0.08664011757455087
0.009351443606883832
0.008825046536141168
0.008780192424140456
0.008679270672138842
0.013265603624212212
0.008522281280136332
0.009026890040144403
0.015553163336248812
0.008611989504137756
0.7531678216600503
0.008387718944134174
0.00872412478413956
0.00860077597613759
0.009755769360156062
0.12145372176994318
0.008645630088138309
0.00929681093898897
0.009208164350774529
0.008753850586175555
0.00995057952707044
0.009241406821354962
0.00884249717438999
0.8314495933337761
0.009296810938988978
0.009884094585909609
0.009285730115462163
0.008975467056711645
0.009463023291891035
0.010781641291580784
0.046118387518560365
0.00945194246836425
0.009035836352100837
0.009342829659646721
0.009793086510714031
0.009813552731217094
0.009281430998137552
0.008534413949775874
0.6768179120361839
0.009414461431407426
0.009434927651910476
0.009015370131597767
0.009844252061971683
0.009271197887886017
0.010877796197376196
0.20028243384294225
0.00924049855713142
0.013176464202355744
0.011412364978559412
0.011982304727785928
0.014832003473918475
0.011507354936763829
0.010978125169624932
0.018400911903598768
0.0113309450143842
0.014574173587363608
0.011181675080062969
0.012036584703902738
0.011683764859143462
0.01335287412473538
0.8217988384085109
0.011751614829289473
0.012706926010161008
0.011043597316043752
0.010613621191033847
0.019303664980707663
0.012005386016723798
0.010251536033130773
0.7383255824479199
0.011880919243694612
0.011722506987112023
0.012129852789752973
0.01198275569435485
0.012129852789752975
0.017991106283309008
0.0958733607160233
0.012039331500277204
0.5771174585984387
0.016323721853706966
0.01561301385316548
0.07985876088624165
0.015748386805649574
0.014090068137719444
0.055344975407246956
0.017790262172284643
0.014947430170118679
0.016177067821849207
0.016199629980596552
0.018241505347231637
0.014812057217634593
0.10974234014710527
0.017993321601010775
0.006384209890438313
0.006416003764394681
0.0069437820720703565
0.010072299269376778
0.006625843332506696
0.007923033389926426
0.8682271100004446
0.0063524160164819465
0.0064859502870986884
0.0065558968098026905
0.006594049458550336
0.006638560882089242
0.007401613857042031
0.041204860647450416
0.006174370322326302
0.06568009500319709
0.05992509363295874
0.05910295058006753
0.0758198593221885
0.058554855211473404
0.10176304010231094
0.0730793824792179
0.057915410614780234
0.06796382570567262
0.05882890289577046
0.060016442861057756
0.05855485521147342
0.06038183977345384
0.08212295606102113
0.06029049054535481
0.016362743292196197
0.016562288942101044
0.016040400319273018
0.02832013262110886
0.015672008350217925
0.017713513845398154
0.7255479830539694
0.016546939276723748
0.015349665377294748
0.016577638607478344
0.017237674218702
0.01818935347209427
0.016009700988518418
0.04759931233499113
0.01627064529993243
0.0066390521781548115
0.00670519466560841
0.006787872774925407
0.009822159386859148
0.007283941430827383
0.007209531132442086
0.8365949847458891
0.007209531132442086
0.006961496804491099
0.007300477052690783
0.007159924266851889
0.006622516556291412
0.009946176550834638
0.06657241362204522
0.00718472769964699
0.014296154197497014
0.01475290033799212
0.014752900337992121
0.016214487987576475
0.015346670320635764
0.6470265826253768
0.10607929112998994
0.014570201881794087
0.014570201881794087
0.014615876495843593
0.014478852653695064
0.015209646478487233
0.021581255138394033
0.061272494747419304
0.01523248378551199
0.03855094924447895
0.03932584269662926
0.03829265142709548
0.03706573679452412
0.038809247061862395
0.045202118042102606
0.3724008782125793
0.03809892806405791
0.038938395970554096
0.03906754487924584
0.03913211933359168
0.03829265142709549
0.04746222394420771
0.11080976365749699
0.038550949244478924
0.008294153584614964
0.008300794219990953
0.007683215130023627
0.009316811432517853
0.007968762451191313
0.008592982176534633
0.14991234361303704
0.007842590379047453
0.009914468616357194
0.007782824660663523
0.008028528169575251
0.007849231014423438
0.008128137700215143
0.742369909952984
0.008015246898823263
0.013095076936961329
0.013483146067415734
0.012815306168494208
0.023726366138712127
0.012643833762014353
0.015179820405216362
0.5880059564099087
0.013140201254456037
0.014521005369793786
0.012382112720545107
0.013004828301971938
0.015721312215152754
0.012472361355534502
0.22694824240783343
0.01286043048598891
