0.8430911831908222
0.00921018538148072
0.005812310084093019
0.008026523449461784
0.0058888653334275756
0.005782865757425885
0.06873483617176639
0.0061833086000989594
0.0070843049961133745
0.006024309236096414
0.00621864179209952
0.005871198737427297
0.005947753986761857
0.006265752714766947
0.009857960568157749
0.012395922419809878
0.01877574291977545
0.012700659608560162
0.016023277989127744
0.014224345552311569
0.013319964217955891
0.6507711816921757
0.012445073579285724
0.012690829376664981
0.013919608363561289
0.013015227029205611
0.012189487550011308
0.01337894560932692
0.013850796740295105
0.17029893735193216
0.21044746698206182
0.03546225113345163
0.029114922136802668
0.031164991129509132
0.02956830277942046
0.030553912872067806
0.31677508377685765
0.03043563966095011
0.029252907549773294
0.027735068007096367
0.028799526907155516
0.02820816085156712
0.029666863788685174
0.10827912477823771
0.0345357776463631
0.010810350697991149
0.014650247796315225
0.012957288238187118
0.012276321265085323
0.013836870578443617
0.014253017062005838
0.7892596375742429
0.014432716679907705
0.016078386864903732
0.012919456739681461
0.014130064691862463
0.012919456739681466
0.013808496954564379
0.022594862482502948
0.02507282563462342
0.0321670696439577
0.03270042194092826
0.02448679656758163
0.02178447826293082
0.02356231925283269
0.024000853363675134
0.4413193950599725
0.028149149006779492
0.01959180770871855
0.023337126060778462
0.023467501066704585
0.023977148817143145
0.022448205565827505
0.23750770397762272
0.021500023704546543
0.20219657860107296
0.03626379188176937
0.025799676080574947
0.026242534669500956
0.03070907986638324
0.026116003644093534
0.43625366939973664
0.02676131187367141
0.019397206194959004
0.030456017815568347
0.024901305800182207
0.027545804231197492
0.02834294969126432
0.03445439821844314
0.024559672031582148
0.7154327638397201
0.026781591503770973
0.01652044533374377
0.016648709660869114
0.016212610948642982
0.01631522241034324
0.04691909086244934
0.01631522241034324
0.01659740393001898
0.01705915550767019
0.01677697398799446
0.01670001539171925
0.017290031296495808
0.01672566825714432
0.02770509465907342
0.7502400845097471
0.02290406222990486
0.01570152693748195
0.01608566215307784
0.015893594545279898
0.01584557764333041
0.0329395947373475
0.015365408623835548
0.01594161144722938
0.015461442427734517
0.01608566215307784
0.015989628349178865
0.01577355229040618
0.0162297128589263
0.019542879093440838
0.01012903910597584
0.011478566771292976
0.007232861756812085
0.009527564228924373
0.008147710099218084
0.00791520720556794
0.5132198112683034
0.007470419061193754
0.3629622890415325
0.007333949971442583
0.008304396831895352
0.007804010169474394
0.007884880741178794
0.015410898320419308
0.01517839542676917
0.013330961627780587
0.013597778502465577
0.011344658227347754
0.011858527763778139
0.010415740219185125
0.011315011907938299
0.6886444714555355
0.011117369778542
0.02743272756020673
0.011048195033253294
0.01055408970976253
0.010870317116796625
0.011018548713843848
0.018094136946231458
0.13935746543733277
0.014680310326377764
0.01755617977528091
0.016084804708400218
0.08146067415730342
0.01668673087212414
0.01636904761904761
0.5102661851257357
0.016603130016051376
0.20422017121455321
0.016519529159978626
0.015884162653825588
0.01733881754949172
0.016653290529695042
0.018492509363295873
0.021184456928838948
0.0062216890078366895
0.0060601865737642925
0.005852540587099779
0.008136646440409434
0.005921755915987951
0.005683347560928692
0.23510909104891992
0.005890993547593207
0.6831937490867419
0.005737181705619493
0.005783325258211607
0.005591060455744464
0.005583369863645779
0.006398572626106466
0.008836490321389832
0.01793406705781596
0.45383543608032606
0.01366465978959749
0.016988150477432216
0.014239879331722738
0.01450831511804785
0.3415270161444951
0.013562398537664123
0.019365724584883233
0.014431619179097825
0.013984226201889294
0.013562398537664116
0.013421789316255726
0.0230854776239598
0.015888842019148433
0.013310021512011588
0.015049837588597773
0.01537551744529865
0.013352874124735398
0.01315575210620592
0.014175644289032306
0.5259386864817148
0.01364427189125722
0.27314255350148686
0.013181463673840212
0.013618560323622938
0.01393566965777904
0.01257295657316228
0.02615723480660616
0.023388956024648837
0.006081649377817093
0.005434665401453572
0.005384344425514189
0.005643138016059592
0.005211815365150579
0.005118362124120297
0.2626539282710431
0.0053699670038172154
0.6657105681238185
0.005219004075999063
0.005405910558059643
0.005269325051938448
0.005398721847211154
0.005513741220786892
0.00658485913721094
0.01434504945740897
0.019242773456256614
0.012136271967732608
0.048004897723998866
0.012616440987227468
0.012292326899068439
0.5903918179199077
0.012256314222606325
0.013288677614520277
0.011872179007010436
0.012856525496974901
0.012244309997118955
0.012316335350043181
0.011644098722750379
0.2044919811773744
0.005310699087441028
0.005183149546039607
0.0048874665182454015
0.007206549089180343
0.005009218353219483
0.004933848169664102
0.39837200403520323
0.004672951380433919
0.5307568325970248
0.004899061931100077
0.004841084866826701
0.004829489453972026
0.004852680279681377
0.005565798170243876
0.008679166521724034
0.011680143755615466
0.014809655047094111
0.01156909658075655
0.01774735758199825
0.012205094036766718
0.011569096580756546
0.8164592103536343
0.012124332455051158
0.012851186690491352
0.011145098276749756
0.01174071494190215
0.012346426804768992
0.010993670311033047
0.014940892617381928
0.017818023965999363
0.00855223487647244
0.008781540081700595
0.008586206017987723
0.010335719806024789
0.00837388638351721
0.008645655515639474
0.8707228209635919
0.008424843095790134
0.01248439450686642
0.008891946291625263
0.007872812046166787
0.008637162730260642
0.008790032867079415
0.00861168437412418
0.012289060443153537
0.012591726405341706
0.01516769196874943
0.013100140661277442
0.013913603470774617
0.013591607775348652
0.01381192061958747
0.3749046723270122
0.013540766349755078
0.4469978138186997
0.013608554917213177
0.012998457810090295
0.013235717796193636
0.01294761638449672
0.014116969173148912
0.015472740522310874
0.005965008773997546
0.006534663838034633
0.005742384955868113
0.006148346035986495
0.005827505827505834
0.005768575993295102
0.4325580786254944
0.005847149105576075
0.4882533197139938
0.006063225164348764
0.005827505827505836
0.00553940441580892
0.005919174458500312
0.005722741677797862
0.00828291558628638
0.07063484693719627
0.1807193487479494
0.02273501098833069
0.021326647475779267
0.02307549447488163
0.02321478317392517
0.4774197542328288
0.022131426625808644
0.02302906490853375
0.023710031881635563
0.022812393598910467
0.023477884049896328
0.023137400563345376
0.02395765623549078
0.018618256105487993
0.013069509980274074
0.014529402052538727
0.010566837856391812
0.008724593098534022
0.010088896999400403
0.010028068163056044
0.46337669560381384
0.01071456503037097
0.3913119042032722
0.010158415669508246
0.010349592012304804
0.011209885554889335
0.01097526004327536
0.011192505887362376
0.013703867845008134
0.01298051702472882
0.27678146616403765
0.008179921677707421
0.008405616757554676
0.008594712635264543
0.008411716624577577
0.5922787883224144
0.007960326464883063
0.015804755456330997
0.00843611609266917
0.00838731715648598
0.007868828459539581
0.008070124071295239
0.01876319096243696
0.009076602130073552
0.09504512801620922
0.03568139357419144
0.02031418572217978
0.029541527423273532
0.01987562385425705
0.019726512819163343
0.5258970783008361
0.01905989877992084
0.04521572858283115
0.019270408476523736
0.020840459963687042
0.02084923120104548
0.022892929505565304
0.024147216447824246
0.08164267733249128
0.02778279562122909
0.015824271108060253
0.01893131977311319
0.02233943904524489
0.017293495670604668
0.018991533894528945
0.6823343810590458
0.01849777809891976
0.054746679191203934
0.020292158917109244
0.018076279249009477
0.019521418162987587
0.017570480629117143
0.025109288630369587
0.02268868094945626
0.015016774056126536
0.020146617675772565
0.01673855547863748
0.02039512221098034
0.016543301915259958
0.017253314872996424
0.5963398832028679
0.015442781830768413
0.017359816816656905
0.016259296732165352
0.016294797380052184
0.015691286365976175
0.01629479738005219
0.01592204057724054
0.18430161350444646
0.027503788203676705
0.2100809103124906
0.01831203362209452
0.017311376047116675
0.019083969465648835
0.019326986305286332
0.5268890985504763
0.023815650284472658
0.01586757011750578
0.018569345569945966
0.020056036824198754
0.019627183577779685
0.021971581324870624
0.02265774651914116
0.018926723275295192
0.006640590047423663
0.008442944612749423
0.006327414963377699
0.007151896307090551
0.006148457772494291
0.0064296762153110785
0.6325817131316233
0.006621416062686157
0.05015275274507546
0.006033413864069244
0.006193197070215141
0.006301849650394356
0.006282675665656844
0.00630824097864019
0.2383837609131929
0.027751215236273802
0.04083990756235545
0.021874252928520157
0.03828990357797425
0.022790660610407187
0.021834409116264213
0.27992270300422367
0.021495736712088584
0.02283050442266314
0.023288708263606638
0.022153159614311878
0.021894174834648148
0.022093393895927935
0.021555502430472537
0.3913857677902621
0.01287279789152448
0.014967401858787612
0.01405187959495075
0.01346927451796365
0.01473158551810236
0.014717713968650292
0.7721181856013319
0.014620613122485769
0.027548897211818545
0.014898044111527255
0.015161603551116653
0.014814814814814803
0.014121237342211119
0.01829657372728531
0.02360937716742957
0.7892231886221939
0.009419289011659025
0.0074470864907238065
0.007322657309592251
0.007335100227705406
0.00729155001430936
0.10830315925690887
0.007173342292234373
0.007571515671855365
0.0068373835031791605
0.007758159443552701
0.006912041011858103
0.007415979195440916
0.007994574887702662
0.011994973061082291
0.185538707683357
0.05988873131886124
0.029398930947965602
0.029089851278135428
0.028235336896840196
0.02961710483255163
0.3704592560270534
0.028617141194865713
0.056397949165484976
0.028144431111596008
0.03167157557906995
0.03118068433875141
0.03114432202465374
0.03378058979673475
0.026835387804079933
0.047327204630575555
0.045760980592441346
0.04514811031664976
0.04446714334354794
0.044535240040858085
0.04317330609465447
0.3689479060265577
0.04412665985699702
0.051344909771876175
0.043786176370446135
0.043309499489274844
0.04569288389513115
0.04364998297582577
0.04637385086823298
0.04235614572693232
0.007445208314404845
0.03382395994225546
0.008040824979557222
0.00891910718071413
0.007854063821839953
0.008641489243566846
0.8414347294991779
0.008686917633281853
0.021048487234622475
0.008550632464136815
0.007763207042409928
0.00787425421726885
0.008505204074421797
0.0077026358561232515
0.013709278496219354
0.017046000192067565
0.018486507250552144
0.013444732545856108
0.37454784083997494
0.013332693107973975
0.013204648036108676
0.40183744678126654
0.013220653670091839
0.027273600307308105
0.01378085085950251
0.012740484650596979
0.013716828323569862
0.013652805787637213
0.013348698741957135
0.04036620890553464
0.04968653313792543
0.2034684904738642
0.04136134180100961
0.02945367204038427
0.03877625793844651
0.04506595017098193
0.28126526624328274
0.03446099983716009
0.02471095912717797
0.03965152255333011
0.04178879661292947
0.04915730337078651
0.042134831460674135
0.04351897085165285
0.03549910438039406
0.005201178777312054
0.005500569429279228
0.0047198055721883675
0.00577647846148427
0.00500158500933394
0.0051189931081446
0.49019642374931033
0.005224660397074192
0.4373040752351096
0.0048665656957016905
0.0051072522982635316
0.005254012421776851
0.005171826752609394
0.004960492174750212
0.010596080917661696
0.010029835586872314
0.01230241858693579
0.010664635307560434
0.01406716181044877
0.010093315558941126
0.010588459341077865
0.7353266044562934
0.010474195391353995
0.013000698279692725
0.010169491525423695
0.01055037135783657
0.010588459341077862
0.010118707547768651
0.01140100298355865
0.1206246429251571
0.017259476609652
0.5567642357880674
0.010734988907178172
0.011915837686967762
0.010603783487201535
0.010925833154416892
0.28903361244304493
0.01066342231446364
0.012738853503184749
0.010770772203535424
0.010627639018106382
0.010973544216226563
0.010818483265345104
0.012237887354183097
0.01393163004842677
0.04668902092279935
0.1089868031452831
0.026785889366041114
0.03351177520246289
0.02706041531854812
0.02733494127105514
0.5050100986332531
0.028080083142145582
0.0239425848579328
0.025570131576367228
0.027570249230346854
0.027001588328725193
0.02547208659332899
0.04417906935702097
0.022805263054689454
0.06970372637316176
0.02506594383479788
0.0277328436730351
0.03561695740246861
0.025561433422229926
0.028650956732100368
0.36329588014981273
0.025546860199070168
0.03359127938326111
0.02694588962240772
0.031142977892420397
0.0264795464812952
0.028490651277342943
0.21878779929757095
0.03338725425902438
0.009427529572203617
0.016364768314013817
0.008982834781061938
0.012125344638463147
0.008716017906376933
0.008972952674592118
0.8373306454003737
0.009061891632820456
0.025555127330941844
0.009071773739290273
0.009308944294565847
0.008814838971075083
0.009081655845760097
0.008982834781061941
0.01820284011739942
0.032172898630809785
0.04340885368698958
0.03585681832136053
0.0383434641124823
0.03699269355928034
0.03441394977589483
0.3413151593295267
0.03671639958248907
0.1180696260821514
0.03858905875851901
0.03861975808927361
0.038435562104746065
0.035396328360041675
0.09811506109166827
0.03355436851476635
0.011614945603709653
0.017277510255038358
0.010411093276261808
0.01196049580881042
0.010466827180310325
0.010243891564116281
0.2152666309969681
0.01009898341359015
0.014501961833422523
0.01017701087925807
0.009396736222578915
0.010132423756019256
0.010511414303549137
0.011392009987515609
0.6365480649188516
0.01509340868824152
0.30604708186623025
0.010383726928166158
0.009538974485485975
0.010189359109496384
0.010211786165496723
0.3809160704807613
0.010286543018831277
0.014099142538892268
0.00942683920548417
0.010563143376169024
0.009755769360156106
0.010921976272174767
0.011744301658854586
0.1808218768455598
0.007291128220475042
0.008107299289931187
0.0075087738389966775
0.5027613787849934
0.006973728360130974
0.007073482601953399
0.37532080057313316
0.007155099708899014
0.01750233515611539
0.007554116676188689
0.00676515130904774
0.0073727453274206566
0.0069011798206237655
0.007218579680967823
0.024494200651123135
0.004751089736956286
0.008451021293668898
0.005497248652466043
0.005028856924481816
0.005157755423268172
0.005611623376741258
0.852520147198455
0.005755045650038758
0.00742164877519194
0.005615254320369052
0.0052376361830794365
0.005299362224751776
0.005644301869391322
0.010288278769327967
0.06772072960181257
0.024099186361875233
0.015317060570838157
0.02147746351543327
0.0209092083171897
0.02112876146196563
0.018984889577683052
0.6792845150458483
0.021038357225881425
0.024305824615781985
0.01933359163115069
0.021839080459770076
0.019966421283740134
0.019695208575487504
0.01708640061991475
0.05553403073744027
0.004440129634652999
0.004397298802164386
0.0035359231710044773
0.0041783856583336885
0.0037691132589980423
0.0035739950221054676
0.15142602877280156
0.0037262824265094263
0.004739945462073297
0.0037167644637341804
0.0035977899290435865
0.003688210575408438
0.0035216462268416048
0.003754836314835173
0.7979336502814941
0.010806007796376995
0.015229687380570218
0.00936329588014981
0.009191316976228695
0.009430176565008034
0.00896201177100054
0.42722426049071305
0.009162653825575172
0.011188183138423914
0.009277306428189263
0.009286860811740431
0.009401513414354514
0.009458839715661551
0.01209584957578539
0.43992203623022247
0.0037083579735856403
0.004028681253696032
0.003605690255601542
0.003683717721269458
0.003400354819633344
0.003585156712004721
0.4105148170050594
0.003609796964320908
0.00474324857086536
0.0035564097509691744
0.003515342663775536
0.0035358762073723544
0.0036344372166370893
0.004960904132991655
0.5399172087522174
0.3668014981273409
0.02925842696629208
0.015393258426966247
0.02248689138576774
0.014479400749063624
0.013393258426966254
0.41406741573033745
0.014861423220973734
0.013947565543071116
0.01557303370786511
0.013565543071161012
0.014921348314606701
0.015872659176029917
0.020801498127340775
0.014576779026217181
0.017927858993462466
0.044641778422133675
0.010437222289342619
0.023082705757587987
0.010188876807216786
0.01016202864698696
0.29004738700280563
0.010222437007504054
0.00883975675566831
0.010148604566872041
0.01012846844669968
0.009329735679862526
0.00961164136227565
0.013370383794450474
0.5218611144671311
0.009867473350619393
0.01186257562662054
0.00916882742725437
0.3467012388360702
0.009492941515413404
0.009226447709593754
0.4913281475079223
0.00908959953903772
0.01903630077787381
0.009147219821377103
0.010090751944684504
0.008887928550849876
0.008758282915586266
0.010400460962258688
0.03694180351483724
0.018573095106526636
0.012402529624854141
0.013640735965289249
0.014029594154847398
0.01407052659585351
0.012832320255418389
0.7627453388182802
0.014050060375350453
0.027987556537934125
0.013159779783467345
0.014326354352141763
0.013988661713841277
0.013630502855037726
0.014316121241890226
0.04024682261926686
0.007928488669738347
0.007598415649502847
0.008831137337321137
0.008554953789777156
0.008770511680543184
0.009141001805297318
0.8747271845444995
0.007820709724355324
0.015378708269339592
0.008716622207851688
0.008420230108048375
0.008292242610406043
0.008635787998814419
0.008602107078382227
0.008581898526122908
0.013539170220050408
0.017025117495097865
0.017440111218317827
0.020760061004077325
0.01682799547656842
0.01603950740245053
0.7439384979302188
0.015790511168518564
0.04060713581707075
0.0162262545778995
0.015157645740608147
0.01617438036249701
0.015614138836150104
0.01720148982746637
0.017657982923008284
0.6518556350017031
0.02436348503764237
0.02224492112132563
0.024703968524193265
0.02302046684069157
0.02249082586161237
0.0598115991374418
0.02095865017213332
0.01946430598115992
0.021431543903454028
0.021507206900465346
0.022509741610865223
0.022831309348163298
0.02625505996292515
0.01655128059622442
0.011283583382044143
0.01300253296096644
0.005970860124266651
0.008516810634106232
0.006001169058907594
0.005845294537897011
0.34639215431577614
0.006144054036500628
0.009040722218614038
0.005996839211101742
0.006611677599532395
0.006040137689160249
0.006087766015024588
0.5553765885129138
0.00768980970318895
0.06131870046163228
0.03349011410155907
0.017398310251720183
0.015427663095549134
0.01709345875794788
0.016832157477571597
0.698697848619459
0.017137008971343924
0.013696542113056324
0.017931800365821746
0.019249194321052134
0.018258426966292096
0.016527305983799274
0.02562930058357281
0.011312167929622845
0.013530621933850311
0.02029593290077545
0.01703856095373744
0.018304584058659094
0.01682755710291715
0.016748430658859545
0.7524529197657859
0.017170438360500126
0.015917602996254714
0.016722055177507012
0.016458300363981663
0.01752650735875932
0.017500131877406785
0.01866065305691833
0.024845703434087686
0.02474625751043824
0.022143770438009885
0.0201070414248051
0.023116874299874413
0.020095726263620627
0.019699695622164143
0.4076965726376763
0.02869524876381863
0.031739027122441386
0.019552598526766003
0.01983547755637778
0.020684114645213112
0.020027835296513793
0.022743473980786858
0.29911628591149303
0.23223512981654273
0.025036500983939558
0.021748238430775047
0.0288706912968958
0.021341966609534656
0.020377071034088708
0.4800609407731859
0.01891703167650604
0.025480860788421232
0.02026280708436485
0.020008887196089606
0.020605598933536435
0.02093569478829426
0.027550307877864496
0.016568272709959975
0.012272538115234754
0.04812166609919419
0.011697499337948775
0.016986342829039443
0.011379714750501275
0.011008966065145842
0.5265614951008212
0.22286535769681848
0.018499602769265697
0.011024098664548114
0.011705065637649911
0.012212007717625692
0.01109976166155941
0.051223848976658
0.023342034577989636
0.020341938988478147
0.017711639077107818
0.014280813105755193
0.019126854790290766
0.013680418560768496
0.014323698430397097
0.7820853703862536
0.014023501157903743
0.013966320725047868
0.013766189210052298
0.014237927781113281
0.014438059296108842
0.01362323812791261
0.015195700031449226
0.019198330331360623
0.01255617977528087
0.012134831460674133
0.010402621722846412
0.011207865168539305
0.011189138576779
0.011123595505617952
0.8286704119850188
0.011179775280898852
0.011310861423220948
0.011048689138576746
0.011413857677902593
0.010646067415730312
0.010692883895131062
0.014897003745318344
0.021526217228464407
0.0039061997245710806
0.49712344105950046
0.002159028019099831
0.0023939148229661315
0.0021574192053747197
0.0021751161563509478
0.46978165180122766
0.0022587744700567534
0.0023183005778858847
0.002241077519080525
0.00225555684260653
0.0020785873328442485
0.002070543264218691
0.0025885812837046413
0.00449180792051172
0.01175669450619879
0.011115784413867694
0.00998417753209558
0.009693765146508045
0.009643694045544686
0.009583608724388631
0.8582286847323196
0.009403352760920521
0.012948386709126966
0.009914077990746858
0.009884035330168845
0.009373310100342494
0.009633679825352008
0.009894049550361515
0.008942698632057532
0.010121645463831382
0.00891447673878727
0.007882708597723928
0.008316051216970528
0.007810484827849494
0.007851755553492027
0.8805625199905072
0.007727943376564434
0.012247087834421862
0.008357321942613065
0.00780016714643887
0.007913661641955828
0.008140650632989759
0.008006520774651532
0.008347004261202426
0.3414782726411263
0.010792232600815275
0.008746596874388963
0.014176556412917603
0.009280567964742891
0.008551058165245273
0.5125896845810212
0.008919573424785313
0.02631499781899137
0.009619000345953128
0.008558578884827719
0.008791721191883662
0.008897011266037959
0.012206127882315801
0.011078019944948357
0.015456869389453617
0.014015219071398806
0.014297604185244598
0.015620355507995915
0.01377742108079183
0.014461090303786893
0.789548778312822
0.014609714047916254
0.018265858153498554
0.014802924915284425
0.01471375066880681
0.01517448427560783
0.013940907199334128
0.014416503180548084
0.016898519707508424
0.007561037425023244
0.008032722255075888
0.0073146349018614045
0.007870800596998124
0.0077229590831010215
0.007483596632029516
0.8860775534341463
0.007568077497113575
0.011250035200360456
0.007265354397229033
0.0076666385063783055
0.007420235983216474
0.007413195911126138
0.008462166652586527
0.010890991523753205
0.02065344364560377
0.029011163698110465
0.013897419222756117
0.014114190059852828
0.01301829305008609
0.012717222443007324
0.2759251899755531
0.012548622903043219
0.012476365957344318
0.012958078928670354
0.012584751375892664
0.013837205101340358
0.013331406481448019
0.01487288798969134
0.5280537591676004
0.009629235644793102
0.013164018349843742
0.009607073997739505
0.33289010039226125
0.00956275070363228
0.010061387762338484
0.5070695654101014
0.009341134233096193
0.019923320701194496
0.00920816435077454
0.009673558938900323
0.009562750703632284
0.009474104115417843
0.00954058905657867
0.031292245639695945
0.03123532909768079
0.0187161591186504
0.015023003974836451
0.015461174924102511
0.015325550582663008
0.01426142113444544
0.7622922600231605
0.015335983224312216
0.024589736367145485
0.01535684850761059
0.01429271905939302
0.01465786151711471
0.01464742887546554
0.013353781310965727
0.015450742282453312
0.01565140989270372
0.026611864394159405
0.013216580665817842
0.01448239402536095
0.01344740545491099
0.014005852525297659
0.39254361471619714
0.01446750210348398
0.025383280839308738
0.014348366728468157
0.01329104027520273
0.014192001548759882
0.013365499884587621
0.40034698177973355
0.014646205166007705
0.009076889182639334
0.010407578761841802
0.00907688918263935
0.008442388191231545
0.008028200044062576
0.008592200925313941
0.48245869134170544
0.008125137695527647
0.40455606961885887
0.008160387750605862
0.00868032606300948
0.008354263053536025
0.008592200925313946
0.008556950870235726
0.008891826393478741
0.010062970737128014
0.008704778367699697
0.008982590443264578
0.009167798493641166
0.008684199695435626
0.008725357039963761
0.8561242128657861
0.009023747787792712
0.026258385808947536
0.008931143762604413
0.008941433098736446
0.00929127052722556
0.008962011771000512
0.009270691854961495
0.008869407745812217
0.41139110092966336
0.04388931311588676
0.01827812321976172
0.017793292365126147
0.017938741621516815
0.0180841908779075
0.31260681429766185
0.018981127958983338
0.0181690362774687
0.019550804213180145
0.017599360023271893
0.01768420542283313
0.017235736882295204
0.026362677720810187
0.024435475073633736
0.019594409427240302
0.020188179409883933
0.01689960719831914
0.3761532840047503
0.01689960719831913
0.016831095277244874
0.38732072713985577
0.01735635333881424
0.020393715173106727
0.01826984561980447
0.017516214487987534
0.016968119119393412
0.016945281812368637
0.017767424865259826
0.020896135927651344
0.1400488693945402
0.027589176630815747
0.01345911193895331
0.011466282120611267
0.013378998177411913
0.013028500470668343
0.6797652666786834
0.012768130745658827
0.011496324781189293
0.01265797432353942
0.013529211480302014
0.01338901239760459
0.013078571571631708
0.012307476616795836
0.012037092671593658
0.00959953903774129
0.008861999423797168
0.008896571593200807
0.00910400460962259
0.008712186689714777
0.008885047536732932
0.8717833477384043
0.008608470181503895
0.011627772976087579
0.009161624891961958
0.008850475367329308
0.0087467588591184
0.009322961682512227
0.008608470181503885
0.00923076923076922
0.02479188463812947
0.02006095619342221
0.015057089569212569
0.02083428103534551
0.015390680677493211
0.015390680677493215
0.30188478976178534
0.016376290770140557
0.017195105308647592
0.015421007141882359
0.015511986535049793
0.014935783711655971
0.015769761482357588
0.4752611866745516
0.016118515822832788
0.5143801729319832
0.040666759143662995
0.026124751468072308
0.0725944421325195
0.028644749618532375
0.028113006889536215
0.06656031812086743
0.026379063208026996
0.021385305405280445
0.028644749618532382
0.026587136449808087
0.02718823692606462
0.027026402182457096
0.0406898783927498
0.025015027511906422
0.021343184033656575
0.012852085577959053
0.01029962546816478
0.44357652249756263
0.010517674824277868
0.010107228977476769
0.40058232004514915
0.010620286285978144
0.012197937509619828
0.01067159201682828
0.01046636909342773
0.010992252834641619
0.010504848391565338
0.011492483710430452
0.013775588733261497
0.008549657755391958
0.011726720909208312
0.00998966808730465
0.009563476688621965
0.008969391708640055
0.009311636316673125
0.8639028800206626
0.00925997675319643
0.01507813508975849
0.00906625339015885
0.008820870463644576
0.009150200180808461
0.00890481725429419
0.009918636187524204
0.007787679194110801
0.01345927152811972
0.011250876643239767
0.010474954116119782
0.010892758553799774
0.010803229031439775
0.01056448363847978
0.8477401256397636
0.010683856334959779
0.010609248399659781
0.010086992852559791
0.010355581419639786
0.010818150618499776
0.010280973484339788
0.010116836026679791
0.011862661712699753
0.009928498467824329
0.011508341845420508
0.009043241402791991
0.009683350357507677
0.00911133810010217
0.009206673476336422
0.8670343888321416
0.008716377255703126
0.010255362614913192
0.009302008852570674
0.009124957439564207
0.009261150834184563
0.009165815457950319
0.009070480081716063
0.009588014981273431
0.018052784486681354
0.017834015891350738
0.015226294235009971
0.027687353425041108
0.01330113059610067
0.014911267457733909
0.7474972872694179
0.014701249606216524
0.043639959396548716
0.014272463159368535
0.01470124960621652
0.013878679687773458
0.01481500927578843
0.01690643704714901
0.012574818859603064
0.08324272079255779
0.05895855986468545
0.058958559864685484
0.05394466594176655
0.0598042769119248
0.06222061133260858
0.1445572067174099
0.06034795215657871
0.05998550199347608
0.06137489428536932
0.06083121904071542
0.060468768877612884
0.061797752808988964
0.06916757279207465
0.04433973661954834
0.014892401447343325
0.011997714721005491
0.010829683234939333
0.4145369136037581
0.011096299117628357
0.011058211134387081
0.4316257220846822
0.011096299117628359
0.011616834888592617
0.010690027296387959
0.010956643179076965
0.01152796292769628
0.010905859201421921
0.014638481559068085
0.012530946486383516
0.005728476050899094
0.0065833856747388635
0.005327191941749816
0.005862237420615518
0.005327191941749815
0.005053853490590162
0.4398480936096959
0.004931723544327336
0.4876881382743621
0.004995696373322151
0.005013143508502558
0.005094563472677774
0.005088747760950972
0.005333007653476617
0.008124549282341166
0.22666666666666663
0.04038523274478328
0.028314606741573062
0.02546816479400751
0.03013376136971644
0.03015516318887108
0.3594435527019799
0.030283574103798856
0.028186195826645295
0.02814339218833603
0.03006955591225258
0.028699839486356373
0.02936329588014984
0.05630818619582662
0.028378812199036946
0.0067399410867135
0.006846017641347002
0.006446190627728401
0.006136120698799693
0.006535947712418295
0.006609385327164564
0.89633872691815
0.006454350362700211
0.01905298115917195
0.006829698171403381
0.00625851672337682
0.006429871157784787
0.006519628242474677
0.006389072482925746
0.006413551687841172
0.05415658080132955
0.034719462408323985
0.014872887989691332
0.015282344015318475
0.01492105928682394
0.015101701651071196
0.727675614485109
0.01545094355528258
0.018040150776160033
0.01494514493539024
0.015354600961017378
0.015691800040945596
0.015222129893902715
0.01508965882678805
0.01347592037284584
0.06693760459000715
0.049486014821898086
0.0508407044386006
0.05068132918957683
0.052354769304327024
0.05044226631604104
0.2374691210455016
0.05044226631604112
0.051478205434695966
0.051956331181767415
0.051079767312136364
0.050362578691529165
0.05155789305920788
0.05092039206311259
0.08399075623555653
0.004740551411892667
0.008180514166049365
0.006335186200942837
0.007136273417664263
0.005837569671026472
0.005873382981891668
0.8723670148097459
0.005206124453140173
0.0138484418382407
0.0061711989354022185
0.005818720560044792
0.006014751314254275
0.006173083846500386
0.007684782547231171
0.038612403845972566
0.010373723493115583
0.011343734001562753
0.01049497480667148
0.43504971303855783
0.011020397165413696
0.010629698488400252
0.409452213510091
0.011303316897044122
0.016315037857354518
0.010818311642820537
0.01080483927464766
0.01110123137445096
0.01138415110608138
0.010939562956376431
0.018969094387411407
0.5574546779119611
0.012917145338899922
0.008377931575555482
0.00851803076578217
0.008265852223374144
0.008247172331343922
0.32770134588622074
0.008135092979162576
0.009405325637217809
0.008013673680966117
0.007910934274799884
0.008340571791495036
0.007789514976603435
0.00810707314111724
0.010815657485499718
0.0032597202041794397
0.0058360529365375224
0.003153218260518965
0.002709460161933669
0.003295220852066264
0.0032888814506579034
0.9537895673738899
0.0034258125210785096
0.00276017537320056
0.0031709685844623797
0.0029896617041832428
0.003539921746429013
0.0032343625985459925
0.0030175550703800368
0.0025294211619362027
0.025327251826306168
0.01737308562316905
0.014109837950087155
0.015073979308043176
0.013794637890755378
0.01442503800941893
0.7882968072088108
0.013553602551266372
0.013701931990951915
0.013145696592131132
0.014054214410205075
0.013961508510401613
0.013572143731227065
0.013683390810991222
0.015926873586235027
0.011529182827515453
0.017806922841110556
0.011889053274154652
0.01226225225585457
0.011595825502818992
0.012022338624761765
0.8262358884135049
0.012262252255854566
0.01231556639609742
0.01216895251042959
0.011435883082090452
0.012062324229943883
0.011609154037879717
0.013101949964679387
0.011702453783304692
0.005596238532679921
0.005608660815771328
0.005037235793566494
0.004664567300824211
0.005024813510475084
0.004937857528835221
0.9206340333289853
0.005099347209023543
0.01333532089862795
0.004838479264103945
0.00505586921820361
0.004968913236563745
0.005267048030757573
0.00507450264284072
0.004857112688741059
0.2978881819412481
0.03081990884887866
0.017733856775416296
0.023396958621000854
0.019031180903388824
0.018986056585894133
0.4126167591715174
0.017260051441721946
0.034102702946617915
0.018771716077794317
0.019504986237083154
0.018884526871531058
0.018816840395289015
0.0324443842786878
0.019741888903930308
0.006665246640751188
0.005977421587943978
0.004947902799226085
0.007654827200596415
0.004841400855565614
0.00508546780978753
0.5421437066226461
0.004424268242895436
0.012065782700534287
0.00477483714077782
0.004730461330919284
0.005049967161900702
0.00500559135204217
0.0055780392992172065
0.38105507925519644
0.016782300812508904
0.016352510181944665
0.015411064038803919
0.395878103190684
0.016106915535907942
0.015267800495282511
0.3747569636315266
0.016250179079429362
0.0203843556210474
0.01604551687439876
0.016127381756411003
0.01616831419741713
0.01598411821288958
0.017785145617158823
0.030699330754589495
0.02422064331350519
0.016495924212381587
0.014802269222295675
0.021053646177572164
0.015711059704780803
0.01609660718219874
0.24040262172284638
0.015545825071601693
0.0332672394800617
0.015559594624366607
0.015339281780127789
0.016082837629433792
0.014926195197180005
0.5190846001321873
0.02141165454946025
0.007170597953481937
0.006504571364316538
0.006340227141015987
0.006426724100647859
0.0064526731885374234
0.006444023492574235
0.9086505609327831
0.0063488768369791785
0.006798661027064896
0.00659106832394841
0.006608367715874782
0.006599718019911599
0.006418074404684679
0.006573768932022037
0.0060720865661571975
0.016533021358876233
0.0200102366618733
0.012592718971134235
0.011674669136464448
0.01156905278380331
0.011682793471284538
0.47495673791708315
0.013080179060339427
0.015679966202767143
0.012137756221209387
0.012129631886389294
0.012543972962213722
0.01277957867199622
0.3183195625858131
0.04431012210875231
0.027314071696094098
0.02169609416800422
0.023167469234884903
0.022552166934189346
0.024398073836276016
0.02343499197431775
0.6757891920813263
0.02233814874264306
0.021883360085607217
0.023113964686998334
0.023408239700374468
0.022739432851792342
0.024077046548956597
0.021936864633493786
0.02215088282504007
0.012172284644194759
0.015402621722846462
0.011298377028714108
0.010549313358302115
0.011235955056179773
0.01092384519350811
0.8381242197253438
0.011360799001248438
0.011969413233458176
0.010767790262172281
0.01168851435705368
0.010939450686641693
0.011501248439450678
0.010830212234706604
0.011235955056179773
0.01355606376984521
0.014837647630727072
0.017290333985173392
0.03930927049153158
0.01664954205473247
0.018052655419663464
0.6454652922784568
0.016119231491608935
0.11559665462419755
0.019731972202887967
0.016980986156684665
0.017036226840343366
0.017389767215759057
0.015224332416337982
0.016760023422049856
0.24381736569745857
0.051348028704577345
0.0297052348686279
0.03610944334848616
0.03202104239929095
0.0319066815335792
0.2896760728478714
0.031906681533579215
0.026531720845126755
0.030848843525745462
0.03216399348143063
0.030820253309317525
0.029505103353632347
0.03390799668353488
0.06973153786774164
0.012592018597442857
0.012333720780059424
0.011698738645658468
0.01382969563907186
0.01099918205691163
0.011591114555082025
0.8311055146584011
0.01180636273623489
0.01162340178225495
0.01162340178225495
0.011451203237332655
0.011225192647122146
0.011365103964871512
0.014593826682164555
0.012161522235137133
0.10224856292272026
0.024474900879395193
0.010460825067566617
0.0113045506303933
0.01103016833353909
0.010364791263667641
0.729342442825589
0.010796943381213016
0.026807150402655952
0.01022760011524054
0.009960077375807688
0.01065289267536456
0.010371650821088998
0.012223731324854888
0.009733711980902967
0.007694073216279081
0.005190239220473008
0.005419757336755231
0.00496593742501538
0.0053623778076846715
0.005774467152827761
0.9163249976526562
0.005153724974700834
0.011298550906074905
0.005456271582527403
0.005419757336755229
0.005774467152827753
0.005315430920263305
0.005649275453037453
0.005200671862122198
