0.7839563816007477
0.05383016537638939
0.011276119328051707
0.011396612143667577
0.01107529796869192
0.011928788745970998
0.009649466317237485
0.027231376329186305
0.01076402486168427
0.011015051560883992
0.010974887289012043
0.011968953017842947
0.01132632466789165
0.012942936610737884
0.010663614182004375
0.38872157226147697
0.023379281053322466
0.020541333642225518
0.021468010347889824
0.02247191011235949
0.02212440634773537
0.046758562106644926
0.28779103440287274
0.02251052164176217
0.022143712112436716
0.020174524112900057
0.02148731611259117
0.0217962083478126
0.036372060697324134
0.022259546700644752
0.0353450402565654
0.016618448496265845
0.014757002848236079
0.015093408688241454
0.01446545112023141
0.016483886160263698
0.753212675772052
0.028908475184462434
0.014913992240238575
0.014443024064231053
0.014757002848236075
0.014420597008230686
0.015026127520240384
0.016663302608266563
0.014891565184238223
0.7388195789745579
0.007805760041327653
0.010337078651685398
0.010745189203151238
0.010207929742993678
0.0215007103189978
0.008585819449825659
0.11571742218778251
0.010476559473072453
0.01032158078264239
0.011504584786258563
0.010388738215162091
0.0103370786516854
0.012656593051788723
0.01059537646906884
0.5785635602555633
0.028442388191231474
0.02341925534258641
0.02529191451861637
0.023837849746640168
0.020819563780568352
0.02256003525005502
0.08272747301167659
0.02390394359991181
0.02361753690240135
0.022758316809869956
0.023485349195858058
0.024102225159726747
0.05225820665344776
0.02421238158184616
0.25879048248512904
0.017658074465741306
0.018583388411544347
0.018230887860762237
0.018021590658735362
0.36240361313064534
0.026889182639347812
0.11513549239920684
0.019266358228684687
0.01825291914518612
0.017955496805463718
0.02033487552324295
0.018131747080854767
0.049911874862304584
0.020434016303150424
0.7003871000175951
0.0178216826282583
0.014591659754166379
0.014528818842219064
0.014252318829650884
0.014692205213282086
0.012166000553000055
0.08041123092778327
0.015119523414523812
0.014880727949124026
0.014114068823366792
0.015094387049744893
0.01486815976673456
0.042543297388331694
0.014528818842219073
0.4113804173354736
0.018378812199036913
0.006998394863563411
0.006634563937934734
0.006500802568218302
0.008298555377207069
0.006896736222578926
0.031781701444622786
0.006987693953986096
0.006565008025682193
0.007469234884965227
0.006393793472445161
0.0065222043873729325
0.4622525414660246
0.006939539860888176
0.7502355670633696
0.008250785883396294
0.009311827446136312
0.009280154563666454
0.01077669826036693
0.013690603447593253
0.008488332501920177
0.12084788306371792
0.009588965167747505
0.009660229153304672
0.009375173211076011
0.009747329580096756
0.009280154563666453
0.01152892921902589
0.00993736687491587
0.6937492906594029
0.012463114288957003
0.014158438315741694
0.016392861196231998
0.019216036772216578
0.015924696402224513
0.012675916468051317
0.11084865509022818
0.014761377823175588
0.01486777891272275
0.013711553739643641
0.01626517988877543
0.014874872318692561
0.01484649869481332
0.015243729429122709
0.6864806089162737
0.016603669376413107
0.016008215537030315
0.017130085089490658
0.017716909163085305
0.017949912839365548
0.017294050639465642
0.07715010614611918
0.01845043925507862
0.01668996703429468
0.018571255976112786
0.01596506670808954
0.016517371718531557
0.03129153074785551
0.01618081085279344
0.7199028737014512
0.048574602847358206
0.016435877171883766
0.01671076292249368
0.016527505755420384
0.015095809137660489
0.015748662795359008
0.0228384244465061
0.01616099142127386
0.016092269983621378
0.015817384233011482
0.014706387657629792
0.017065823683698127
0.032367797134316076
0.01595482710831644
0.4096096693292674
0.17447217526764094
0.012683260968037733
0.01211980599471898
0.012086661584523754
0.012672212831305991
0.01427419265740833
0.016373338636438965
0.012020372764133322
0.012351816866085517
0.013335101035210404
0.012484394506866402
0.011766265619303287
0.26135472252604597
0.012396009413012483
0.1782441759121851
0.7046027371446076
0.006359974560101783
0.0069665276894448225
0.006695639884107156
0.009192518785480436
0.009687183473488358
0.016706710950933987
0.00656608484677175
0.00681341719077571
0.007567191953454429
0.006860528113443123
0.0073316373401173295
0.01955103290697951
0.0068546392481096995
0.5923825625491647
0.01696547027813978
0.0211921618353234
0.021473941272468964
0.022190130675213967
0.0208869007784157
0.01565049957146043
0.042677843917673416
0.024937480187383326
0.021908351238068398
0.020264637854719197
0.023117654655818155
0.026052857126084548
0.10900167893581303
0.021297829124252977
0.7076873492703857
0.013769879638582354
0.019849075895486738
0.019604574400693523
0.019426755131753
0.022849776058858205
0.021449449315951514
0.03879794174196204
0.020038008868736065
0.019315618088665137
0.019815734782560396
0.02017137332044146
0.02051589815401374
0.017281810200157836
0.01942675513175298
0.8363174081179018
0.008411741420784996
0.008723851283456657
0.007886483359215622
0.008624889619682712
0.0107563716086599
0.008350841935385652
0.05235072013641487
0.008130081300813009
0.008152918607837768
0.007985445022989564
0.00854876526293353
0.008723851283456648
0.008076794251088579
0.008959836789379127
0.7840667915106118
0.02315855181023721
0.013592384519350815
0.01239076154806493
0.012843320848938841
0.011485642946317121
0.013007178526841466
0.025382334581772803
0.012648252184769063
0.013171036204744075
0.014770599250936345
0.012788701622971299
0.013295880149812745
0.024227528089887644
0.013171036204744078
0.8468538563048735
0.007589799919143834
0.008207663028139463
0.007826266047277966
0.008146639511201625
0.008535664431680374
0.007559288160674914
0.04865099887869288
0.007841521926512428
0.00791780132268473
0.00852803649206313
0.008108499813115476
0.008955201110628013
0.006888029474358678
0.008390733578952992
0.34522867542332647
0.040284151852437965
0.010866698317244293
0.010242478591900988
0.01035677234442863
0.01268660653056919
0.011763464683230479
0.015376905628527726
0.009996307432610657
0.01015456032072586
0.010620527157953969
0.011007367551124473
0.010550192541013881
0.48036785004659677
0.010497441578308817
0.19039593365436028
0.022659176029962484
0.021722846441947507
0.022017121455323644
0.020144462279293687
0.4586409844836808
0.020037453183520546
0.06923488496522211
0.02116104868913852
0.021214553237025088
0.02132156233279823
0.03793472445157838
0.021749598715890793
0.030711610486891316
0.021054039593365378
0.15264791388386903
0.012493124852675426
0.007418611351195626
0.007457897907336115
0.007412063591838877
0.009310913805295836
0.008021005212016454
0.03891333385715406
0.007628139650611567
0.007608496372541325
0.00829601110499988
0.007235274089206689
0.006999554752363751
0.7115057227416783
0.00705193682721774
0.7825118601747814
0.02121348314606743
0.01347315855181025
0.012584269662921362
0.013403245942571793
0.012134831460674156
0.012634207240948813
0.037283395755305856
0.014431960049937584
0.012534332084893886
0.01286392009987516
0.012883895131086155
0.013043695380774031
0.0151410736579276
0.013862671660424477
0.1350517735183961
0.010519938312403583
0.014412131893956046
0.013732833957553023
0.014421311595799333
0.013732833957553023
0.011805096570463362
0.6930124109568923
0.014109201733127671
0.01269552764926192
0.012952559300873873
0.01397150620547841
0.013108614232209706
0.013218770654329111
0.01325548946170225
0.30333237299529475
0.01767021991741088
0.015211754537597197
0.015634303274752674
0.015442235666954726
0.3395947373475464
0.01784308076442903
0.1607029674445404
0.015230961298376991
0.015480649188514318
0.01574954383943144
0.015999231729568766
0.015749543839431435
0.020992989532315324
0.015365408623835551
0.3782481200824552
0.034811137241239194
0.024533286879772416
0.024242952123798775
0.02493975553813551
0.030107714194466267
0.028888308219376987
0.044188949859187705
0.02435908602618823
0.024417152977382957
0.02427198559939614
0.02441715297738296
0.025259123769706508
0.2631884562901021
0.024126818221409323
0.8605750827497699
0.007955986880127273
0.006364789504101824
0.006319755616101103
0.006582453296105307
0.0069202074561107085
0.006342272560101465
0.05435590281686966
0.006612475888105787
0.006492385520103866
0.00622968784009966
0.006237193488099785
0.006237193488099782
0.006544925056104703
0.006229687840099665
0.8005243445692899
0.02176779026217223
0.011685393258426975
0.01191011235955057
0.012119850187265926
0.011820224719101132
0.011176029962546824
0.025303370786516798
0.011520599250936339
0.011760299625468174
0.011625468164794017
0.012194756554307126
0.01194007490636705
0.022621722846441903
0.012029962546816488
0.1413712991211316
0.7328504931749218
0.00735008391828098
0.007474101082256475
0.007192995510578688
0.007994973170953547
0.009896569685244447
0.019983299021917967
0.007267405808963985
0.0071351208340567915
0.008152061578655834
0.007804813519524459
0.007449297649461378
0.02044629643409313
0.007631189489958767
0.13783779244554173
0.0191800607984414
0.019045699601954926
0.018323508170840237
0.018424279068205075
0.03204514536201942
0.016056162980131312
0.5765438941233774
0.018390688769083455
0.019297626845367018
0.018407483918644253
0.020086998874724937
0.018357098469961846
0.04966325725130586
0.018340303320401027
0.7264737130163234
0.011568633763669353
0.014541278988656762
0.014026163570608386
0.014788105126471595
0.014272989708423238
0.015743214964102917
0.08638914823519311
0.014187137138748508
0.014283721279632577
0.014734447270424895
0.016709056372943586
0.014712984128006208
0.013071053732977077
0.014498352703819386
0.8005018357594871
0.013523735724433167
0.012195346949318318
0.012361395546207675
0.011900149443737244
0.01162340178225499
0.013025589933765099
0.04018376044722425
0.012084647884725413
0.01254589398719584
0.012084647884725408
0.01201084850833015
0.011660301470452614
0.012029298352428965
0.012269146325713593
0.27899767059468356
0.008432675618891007
0.013890791997807602
0.012172284644194745
0.014781446971773084
0.018623823878688203
0.009551703663104028
0.5513211382113822
0.013205672787064944
0.01193249292043481
0.01246916963551657
0.013005846350598328
0.013856536037270476
0.015306705033342458
0.012452041655247997
0.8427321635431992
0.013844174857329668
0.008748551976064086
0.008812513769552775
0.00930288751963272
0.008506918533995702
0.008215537030325005
0.034816536255676614
0.00930288751963272
0.009096788407280294
0.00923181886020085
0.009779047537826305
0.009089681541337097
0.009580055291417047
0.008940437356530152
0.16113948473499037
0.04065372829417771
0.01684258313471798
0.016275110657133135
0.016025422766995808
0.016774486437407796
0.5830439223697652
0.03116558846895924
0.017001475428441725
0.01729656111678583
0.016093519464305987
0.01668369084099421
0.01679718533651119
0.017024174327545095
0.01718306662126885
0.855241835957203
0.009722803515662733
0.00799502055095886
0.00764087870105061
0.007823315411609404
0.008220383546355015
0.007801852269190724
0.040661923312192184
0.007469173561701155
0.007898436410074788
0.007984288979749515
0.00751209984653852
0.00788770483886545
0.008263309831192382
0.007876973267656105
0.28996740185878767
0.016125676238035767
0.013836870578443586
0.013871549452073766
0.013073935358579515
0.017009987515605503
0.017148703010126234
0.040886392009987504
0.013438063531696463
0.013368705784436092
0.013680815647107755
0.013472742405326647
0.013611457899847376
0.4963240393952007
0.01418365931474542
0.765956294301545
0.01722536911505247
0.009866282848918186
0.009463893273903496
0.010044262853251622
0.011104404618194213
0.011545485498498773
0.09620979973380382
0.009897235893150091
0.009626396756120977
0.010260934162874923
0.008868047172439414
0.009061503698888794
0.01087225678645495
0.009997833286903774
0.2063823803862919
0.6694532857818506
0.007030461070419665
0.006928199818486292
0.007228592246040584
0.007426723421661501
0.010027994017716759
0.01041147371246692
0.007234983574286414
0.007535376001840708
0.007350027482711469
0.007420332093415665
0.007190244276565565
0.031413378328284176
0.0069665477879613065
0.8930150870733622
0.005945957383778773
0.00612229063952547
0.0059530107140086325
0.006051757337226786
0.005621504193204838
0.006164610620904675
0.02893981393314855
0.005903637402399561
0.006023544016307316
0.005910690732629428
0.005847210760560615
0.005917744062859292
0.006601917095156492
0.005981224034928109
0.9098700561451613
0.006362195130393864
0.005282214237748117
0.0050329878779067925
0.005095294467867123
0.005296060146628191
0.005261445374428006
0.02072040263903022
0.005219907647787785
0.005296060146628196
0.005233753556667862
0.005268368328868044
0.00497068128794646
0.006029893317272093
0.005060679695666939
0.1518122267484371
0.009534894131339802
0.008050196218869833
0.007624930987659842
0.008460539863019825
0.010721160302609778
0.011840279332109755
0.7305683632511158
0.00821433367652983
0.00772192130354984
0.008385931927719827
0.008042735425339833
0.008162108121819832
0.01299670232925973
0.007863676380619838
0.7810380440355684
0.023531537338431267
0.013467520228137252
0.012241868459731728
0.012070960842623381
0.018340828853112248
0.016997983290118125
0.018877967078309882
0.012793655909252943
0.012686228264213424
0.01333567720922511
0.012466489899359839
0.011753560982279337
0.02755030787786454
0.012847369731772718
0.195447997695189
0.05955056179775266
0.04358974358974349
0.04609622587150665
0.0487179487179486
0.05770671276289239
0.11034284067991945
0.1042350907519447
0.04747911264765186
0.04494382022471898
0.044943820224718996
0.04883318928262737
0.04370498415442225
0.059925093632958656
0.04448285796600392
0.5635800908028955
0.016233727133687387
0.01346387754856268
0.012657008321591577
0.013536134494261592
0.014559774558329413
0.013006250225802946
0.22980117297108527
0.013825162277057206
0.013006250225802945
0.015089658826788057
0.013367534954297471
0.019762274648650602
0.0341293640184496
0.01398171899273817
0.5779149014551482
0.013313276437240302
0.01309838112195817
0.01381469883956526
0.012249032971081198
0.015329199156791687
0.013292810216737233
0.2033523669184012
0.012955117578436755
0.013630502855037726
0.01480731053396366
0.013200712224473474
0.013272343996234176
0.056875626778002904
0.012893718916927569
0.5806987840541789
0.011379611102560146
0.012744343543173768
0.01353445179826586
0.012980349905084405
0.015104407162280028
0.012631470935303485
0.2066800061566877
0.01349340721358576
0.01316505053614489
0.01382176389102664
0.013442101482735624
0.012970088758914379
0.0538402339541327
0.013513929505925813
0.7704356205228905
0.015208537871350162
0.007117922984618758
0.007399730918875693
0.0072633722410094395
0.011054143485691469
0.007681538853132641
0.12049561834115119
0.0068997491000327375
0.007536089596741956
0.0073633686047780275
0.007272462819533847
0.007463364968546621
0.009381477037198688
0.007427002654448946
0.48512682080316905
0.0076776104752055195
0.008139201972573281
0.008256060579501819
0.00813920197257328
0.00855405002716962
0.009044856176269505
0.10949067176170195
0.007671767544859098
0.007835369594559051
0.008454720211280346
0.3052113095759785
0.008045715087030437
0.009670049723337243
0.008682594494791016
0.20500442286338055
0.009043344061129612
0.007829409218376522
0.008299926599288576
0.0080082058231231
0.6222027741704781
0.009015113018274887
0.07135866598912169
0.00817759208025144
0.008412850770707457
0.008422261118325707
0.007942333389795414
0.007895281651704212
0.010031430561044916
0.008356388684998026
0.8465374914010569
0.009783688756401449
0.009583046701826805
0.009449285332110377
0.009363295880149817
0.008637162730260644
0.008646717113811824
0.027593059695788444
0.009401513414354516
0.009936558893220215
0.009745471222196744
0.010204081632653062
0.009363295880149815
0.012793319575021035
0.008962011771000537
0.7883179733198693
0.011757774691747672
0.009148676513908181
0.009056095610823552
0.009199175188317973
0.008929848924799057
0.009249673862727768
0.088692505155073
0.008643689769810208
0.008896183141859193
0.00815553591718218
0.008711021335689932
0.008988764044943826
0.013272734924041584
0.008980347599208856
0.8406229501259023
0.00928923591273619
0.008908356080323308
0.008284136354979996
0.008834296112909697
0.009924035633424304
0.009257495926701774
0.041589961700416865
0.008781396136185688
0.008739076154806472
0.00959605577773544
0.0088554561035993
0.009680695740493857
0.009045896019805736
0.008590956219979252
0.2770006879156157
0.15218222120308816
0.03757547963005432
0.036856989987006046
0.030100129939616298
0.07674080868302383
0.03693342505541543
0.03353970801803868
0.04017427195597343
0.04977451654819232
0.03422762363372318
0.03225559886876097
0.029977833830161265
0.10242299166857756
0.03023771306275319
0.6597949596902177
0.019155081571764127
0.014052878816733328
0.012029454707039935
0.01298165428807213
0.01875039674982543
0.01304513426014094
0.16011235955056172
0.013314924141433386
0.01228337459531519
0.01263251444169366
0.01301339427410653
0.012688059417253865
0.014068748809750535
0.012077064686091536
0.05688344115310412
0.018499602769265697
0.015571444784927946
0.015389853592100811
0.015367154692997405
0.01593462717058225
0.7150153217568948
0.03522869140846666
0.015616842583134739
0.015616842583134725
0.01588922937237545
0.015026671206446502
0.015548745885824557
0.019112473045057293
0.015299057995687213
0.2925034011393141
0.011501542030493717
0.0060000975625619886
0.005870014146571489
0.006455389518528755
0.008845672287354264
0.006189802544214811
0.01734987560773346
0.006195222686547745
0.006119340693886613
0.006363247098868811
0.0059350558545667375
0.006038038558892557
0.6086494631349021
0.005983837135563179
0.5960342364836747
0.011730831955551068
0.01897403020998526
0.019288951873221532
0.018085501231568653
0.023472911113360563
0.017545635523163607
0.10850176018715346
0.01828795087222054
0.01792804039995051
0.018647861344490566
0.018884052591917767
0.0184566589060971
0.07704333547030183
0.01711824183734296
0.30660909670771797
0.030207873346090312
0.01656771829972359
0.015439216263513373
0.015815383608916798
0.014506975450991918
0.021784995829448994
0.15520991773383694
0.016126130546423933
0.01566818769115024
0.015177534631928408
0.015553701977331798
0.016420522381957042
0.3283450272312448
0.016567718299723578
0.5925246503095625
0.027159927641468525
0.019006853677800643
0.01933807230757465
0.018752070116436027
0.019006853677800632
0.018548243267344326
0.15225865627149737
0.019210680526892336
0.018701113404163076
0.018828505184845388
0.019567377512802794
0.01949094244439342
0.018981375321664166
0.01862467833575372
0.6319459166607786
0.04122205733399295
0.022212800037688853
0.02350835041104291
0.02456834617105987
0.030103879584481776
0.023720349563046285
0.03165854003250663
0.024474124325725013
0.023838126869714826
0.02864344098179172
0.023484794949709197
0.02289590841636643
0.02437990248039018
0.023343462181706933
0.6447993158158597
0.019906219587720046
0.02289952519979943
0.02200005898139134
0.023518829809195164
0.020717213719071603
0.021764133415907248
0.04923471644696104
0.024462532071131523
0.022604618242944317
0.02303223333038423
0.022545636851573295
0.02497861924562797
0.03490223834380254
0.02263410893862983
0.8389513108614236
0.011226473237567005
0.010088655004029808
0.011093727776987663
0.011103209595600473
0.010733418669700885
0.00977575498980708
0.022832219219646403
0.011264400512018246
0.010420518655478156
0.010657564120798406
0.011292845967856674
0.010790309581377748
0.009301664059166579
0.010467927748542206
0.864032483857021
0.00810630547432148
0.007109508417804552
0.007336719511569444
0.00762256572630592
0.006618439279667542
0.0069336030548898045
0.042246604660026256
0.006860309153675327
0.007534613044848541
0.007226778659747723
0.007072861467197315
0.007058202686954421
0.00727808439059786
0.006962920615375601
0.32184879520068915
0.050097776010075895
0.02119585031984355
0.01983692950183949
0.019870073912034724
0.021444433396307697
0.020300951244572592
0.1013556063769845
0.019439196579496852
0.02151072221669813
0.021378144575917253
0.02038381227006064
0.020201518013986917
0.30038778959928425
0.02074840078220806
0.7337827715355808
0.017435348671303724
0.01841269841269839
0.018776529338327092
0.019489923310148007
0.02015337970394147
0.01875512751917247
0.022036739789548784
0.0178705189941145
0.017385411093276265
0.017585161405386122
0.018598180845371837
0.017642232923131787
0.023941501694310665
0.01813447476368824
0.03009957065862787
0.017950123321457886
0.016694071435096314
0.015506531469809045
0.016100301452452698
0.015186809171462484
0.7160180871471626
0.06022197862428061
0.015940440303279412
0.015803416461130877
0.015780579154106116
0.015917602996254644
0.01694528181236864
0.015552206083858561
0.01628299990865073
0.025785076346874027
0.01774224527033511
0.015797560741380924
0.0162297128589263
0.015557476231633493
0.017214059348890764
0.748175357725919
0.03029866513012573
0.015965619898204126
0.01594161144722938
0.016157687506002067
0.015893594545279895
0.015965619898204126
0.017454143858638194
0.015821569192355667
0.13212484394506863
0.010387016229712859
0.010147315855181024
0.010636704119850193
0.01006741573033708
0.009897627965043704
0.010007490636704123
0.735520599250936
0.00958801498127341
0.009617977528089893
0.01083645443196005
0.010526841448189763
0.009717852684144827
0.01108614232209738
0.009837702871410742
0.11791788926262554
0.007651661537727542
0.008528352298480429
0.008444857940313478
0.009190343281089747
0.08757961783439487
0.007800758605882788
0.6875283284429498
0.008975643502946183
0.009267873756530482
0.010734988907178155
0.009249982108351847
0.008641666070278416
0.009780767670984536
0.008707268780266723
0.7824178754884565
0.013398499553576635
0.013149198177201135
0.011728760102503484
0.011925882121032958
0.04290882526872371
0.00982711239433683
0.025637457821685743
0.010893890376966902
0.012047633956007036
0.010563421110608678
0.011450470193991284
0.011363504597581226
0.021550074790412918
0.011137394046915073
0.052991490578069025
0.006486510257481473
0.006266628553838037
0.006046746850194593
0.006076064410680391
0.006347251845173966
0.005738912465093781
0.8640324838570208
0.006002770509465908
0.006120040751409077
0.0060247586798302544
0.005958794168737224
0.0059294766082514305
0.009799394592375976
0.00617867587238066
0.04502926474986111
0.00571766280742227
0.0060309593996097895
0.005639338659375392
0.005881431480611205
0.006280172597940777
0.006038079776704963
0.8752723544238897
0.005852949972230522
0.0057319035616126175
0.005518292248757481
0.005860070349325691
0.005938394497372571
0.009512823799148397
0.005696301676136757
0.15459802826204583
0.007968463435714751
0.010448946321788216
0.010912719325983247
0.010097603136791972
0.012128366746070238
0.011116498373281058
0.6963340852077495
0.010301382184089799
0.010540295549887236
0.010378677684788961
0.0107581283245849
0.010455973185488136
0.0240670081722425
0.00989382408949415
0.2970361122670736
0.01729319831691868
0.015875217706262254
0.01627595135709993
0.016322189855273526
0.020406590527273012
0.014965860575515194
0.4852576254989906
0.015474484055424575
0.015906043371711316
0.014796319415545399
0.015844392040813195
0.01709283149149984
0.02187080963610302
0.01558237388449625
0.07364255272042945
0.009169572517112255
0.008819025479234726
0.008505378129554831
0.008874375011531184
0.010193538864596613
0.010959207394697534
0.8049297983432052
0.008837475323333543
0.009132672828914622
0.009206472205309886
0.008948174387926451
0.008874375011531176
0.011189830445932759
0.008717551336691219
0.3321433492415419
0.012012576252928014
0.012989615823030607
0.012576252927987202
0.01288940663635342
0.012137837736274505
0.01148647802287277
0.24568787343579707
0.012676462114664397
0.012839302043014825
0.012739092856337631
0.013553292498089804
0.27065248706675205
0.013265191086392873
0.012350782257963532
0.5380206559981838
0.014073317444103962
0.01604055536639808
0.01711875307380926
0.015482540763439651
0.014565126924677495
0.017742972799152587
0.11729656111678578
0.016693148715620647
0.016087844739530163
0.01501910490674537
0.014858321038096343
0.016778269587258383
0.1542768509060642
0.015945976620133938
0.5188251527695644
0.037004183367282145
0.02201195873579079
0.02373130078629785
0.02919596118886484
0.020851129071117264
0.023665593446788008
0.11041023282300631
0.0265457651619686
0.02228573931708172
0.05555555555555559
0.023567032437523276
0.022110519745055526
0.02735615568258973
0.03688371991151421
0.42991082972564937
0.41245214083731635
0.009834588724005902
0.011427808780227384
0.010685418282825742
0.01005146684684233
0.010234979104627007
0.023731471518063447
0.011286003853757397
0.010410149896148734
0.01073546708040338
0.010551954822618712
0.010143222975734665
0.018042591526738545
0.010501906025041067
0.03208456791934366
0.008742335787837004
0.007979581658696862
0.00791112936505608
0.00817515964052767
0.009925582577913376
0.010042929367011854
0.8549593686742745
0.008233833035076908
0.007940466062330705
0.008409853218724632
0.008038255053246105
0.008175159640527667
0.010893693587975851
0.008488084411456955
0.8289417824696489
0.011226521004915163
0.00901895300899066
0.009028387060255296
0.009000084906461396
0.008839706034962607
0.010151039160746814
0.05047217426579496
0.008377437522995506
0.008934046547608947
0.008669893112199184
0.009000084906461397
0.008830271983697971
0.01070764818536025
0.00880196982990406
0.06300947345230212
0.017206433135051727
0.01819784093412641
0.018330028640669706
0.018396122493941347
0.021370345891165397
0.018880810751266748
0.6938312403613132
0.01777924653007266
0.01795549680546371
0.01802159065873536
0.020621282220753417
0.017977528089887593
0.01998237497246084
0.018440185062789115
0.04813988288311667
0.9007620382143571
0.0035117765610538764
0.003420954753440416
0.0033733814256428876
0.003896688031415696
0.004445943725078066
0.006098035654046769
0.0034728529292195405
0.003555025040869812
0.0037885668318758596
0.0034728529292195405
0.003520426257017067
0.00504277274653797
0.0034988020171091015
0.18343056755978104
0.019356813598386653
0.018960674157303386
0.018060357245750513
0.01973494670123884
0.017880293863439943
0.01847450302506483
0.5725115240564675
0.019698934024776734
0.017682224142898315
0.019554883318928264
0.019644915010083575
0.01923076923076924
0.016925957937193897
0.018852636127917037
0.5272584422221714
0.01550760124182857
0.014035408895703181
0.0137836868883346
0.015088064562880915
0.01385233834488967
0.013684523673310618
0.23408621097355392
0.014500713212354218
0.01373791925063122
0.0160720687735036
0.01641532605627895
0.05745364119697628
0.02115227655857878
0.013371778149004176
0.1807462893605215
0.010339639553122693
0.01327400578336907
0.01409562832783806
0.014031605791905396
0.016090997364405595
0.015216022706659381
0.6374937311266892
0.01343406212320069
0.013732833957553047
0.016475132580001474
0.01425568466766968
0.012772495918563331
0.01463981988326556
0.013402050855234361
0.03264744370741395
0.007911797000737051
0.007483115984537415
0.00819758434487014
0.007798986207000305
0.011544304559060236
0.008430726651926082
0.8604906517455582
0.007693696132846012
0.007919317720319495
0.007385346629965564
0.007550802460779468
0.007437991667042722
0.009882225531338863
0.007626009656603967
0.4843281446364802
0.011970087224855964
0.009817462391279997
0.010302736197693068
0.0105764803961825
0.010800452922219303
0.009854791145619464
0.38159941269426484
0.010190749934674673
0.010439608296937785
0.009643261537695803
0.010700909577314063
0.010203192852787828
0.009083330222603799
0.010489379969390403
0.7979270098423481
0.013486049414975488
0.012847312951833483
0.012048892372905979
0.012179543013094115
0.011352088958569246
0.011627906976744203
0.040225880440147445
0.012919896640826893
0.012048892372905979
0.0125134279824638
0.012295676915483571
0.012077925848503342
0.014603838225473995
0.011845658043724432
0.4245306863353322
0.030514004733347137
0.025435996415523524
0.025091335217481213
0.025045380391075563
0.027297166884952102
0.021070287906987416
0.18000505503090464
0.026148296224811005
0.02401139679694859
0.02566577054755174
0.025252177109900964
0.02548195124192917
0.0897497759702214
0.024700719193033235
0.3973938826466917
0.04773720349563049
0.017977528089887663
0.01740012484394508
0.01811797752808992
0.01688514357053685
0.02016229712858927
0.04508426966292135
0.01764981273408242
0.016167290886392027
0.01814918851435708
0.016463795255930114
0.016619850187265937
0.3174781523096129
0.01671348314606744
0.6499087678862956
0.028906174973590732
0.026109190435033163
0.02266397772015751
0.022916066455392292
0.017598194564486684
0.02583309324882361
0.034428118697781666
0.023960434072793642
0.02409248055315473
0.027201574954383963
0.020683280514741206
0.020887352348026512
0.02932632286564873
0.025484970709689837
0.05580743369034321
0.008023596235699522
0.009527564228924373
0.00944725525841236
0.010155434362018233
0.016039891655897975
0.008994604697344701
0.8086383249008879
0.009921808265983314
0.01019923925502479
0.009841499295471314
0.010724897971103368
0.011016930591147027
0.012586605923881687
0.009074913667856704
0.13043547260839206
0.020329461055037152
0.02234495016822196
0.02164667047546503
0.023027359867961675
0.019250301529867342
0.018948771662540487
0.5893163207008189
0.020742080873484448
0.021361010601155354
0.024392179267441156
0.019710531327366228
0.02269409001460041
0.02429695930933791
0.021503840538310205
0.21147429349676533
0.08505277494041548
0.046101464078992176
0.04565883554647606
0.04456928838951316
0.045726932243786204
0.09009193054136883
0.08014981273408242
0.04828055839291798
0.04501191692202928
0.07003745318352066
0.04392236976506643
0.04787197820905688
0.05083418454204976
0.04521620701395988
0.06078939786804952
0.006204720647033614
0.005726893915438734
0.0055793297777403114
0.0055371685955407654
0.006085263964134904
0.005607437232540016
0.8627302176219686
0.0056004103688400905
0.005466899958541516
0.005523114868140918
0.0060290490545355
0.005733920779138657
0.0077576575247170106
0.005628517823639791
0.10016970973782773
0.8152914325842697
0.005559456928838955
0.005571161048689144
0.005512640449438205
0.007999765917603001
0.005694054307116111
0.010305477528089893
0.005670646067415733
0.005740870786516863
0.005764279026217235
0.00558871722846442
0.005617977528089897
0.010194288389513105
0.005319522471910116
0.07622168717674335
0.01747815230961301
0.008928571428571423
0.008672195469948267
0.008616461565899762
0.00905118601747815
0.009341002318530403
0.7978419832352411
0.00862760834670946
0.008917424647761716
0.008471553415373624
0.00918494738719457
0.008739076154806477
0.011035313001605145
0.008872837524522907
0.30906858230490586
0.01665131700128934
0.01203413765579908
0.01175170381285685
0.011506109166820131
0.016332043961441604
0.012230613372628438
0.03026954012402524
0.011776263277460529
0.011813102474366032
0.011223675323877913
0.011813102474366033
0.011776263277460518
0.5100509608890528
0.0117025848836495
0.030154068777664248
0.01753489955737146
0.014874872318692545
0.015257916241062307
0.015023833844058558
0.01636448757235274
0.6224038134150492
0.1590483486550903
0.01517279536942459
0.015087674497786854
0.015470718420156616
0.015619679945522647
0.015598399727613212
0.017151855635001715
0.01523663602315288
0.06701566224038133
0.007856656452162075
0.00695437521280219
0.0067756213823629684
0.007005447735784827
0.007030983997276146
0.007133129043241415
0.8396237657473611
0.006716036772216558
0.006937351038474651
0.0067671092951991935
0.007030983997276143
0.00690330268981956
0.009627170582226768
0.00662240381341506
0.3572091043164921
0.017586271558386945
0.009021199819576003
0.008762727240475802
0.009228991500813426
0.41175188659642276
0.01109404854216398
0.0865883139985709
0.009340489476111566
0.00963443868371573
0.010531490575887042
0.010369311702726135
0.00847891421244419
0.031265045891553045
0.00913776588466041
0.09671378518787015
0.00990697112480367
0.009639448385370805
0.009518631664336622
0.009682597214311596
0.010295310585270714
0.00918207079859853
0.7745905176133522
0.009630818619582655
0.00985519253007472
0.010131345035295738
0.010908023956229824
0.009794784169557626
0.009906971124803664
0.010243531990541782
0.14239412273120136
0.02434456928838945
0.015965619898204126
0.015821569192355667
0.016205704407951556
0.015749543839431435
0.018438490348602656
0.6354556803995007
0.01630173821185053
0.015677518486507207
0.01697397483914333
0.01560549313358298
0.015581484682608237
0.019302794583693408
0.016181695956976813
0.23981880357063542
0.019363147843851295
0.01650604728279371
0.01732024692454589
0.01655045817234383
0.017542301372296475
0.018090035676747912
0.5379935160101257
0.01635801098429332
0.016106349276842645
0.015854687569391977
0.016417225503693476
0.015529007712691114
0.020503027342304327
0.01604713475744249
0.18743262316762815
0.013058602562820217
0.01289189699818848
0.01340312739639251
0.012680736616321594
0.015559186032296436
0.012936351815423616
0.6396937063092504
0.011680503228531106
0.01329199035330467
0.013058602562820223
0.013492037030862778
0.012525144755998634
0.01451449782727083
0.01378099334289113
0.15305563167991235
0.031766694071435064
0.0147072257239426
0.014376084772083644
0.01466155110989309
0.016682652781583963
0.018909290216497624
0.03852653695076277
0.014364666118571269
0.013999269206175186
0.6040924454188363
0.014444596693157912
0.015266739746049113
0.02041655248013151
0.014730063030967367
0.7247832732448914
0.012881094893065877
0.010395883650110222
0.01048922491745128
0.010524227892704173
0.01195934987807293
0.01051256023428654
0.12791253923250143
0.010279207065933903
0.010220868773845747
0.01137596695719132
0.010827587011562619
0.010920928278903667
0.017011445972907654
0.00990584199656968
0.6756533671753286
0.01337171510818091
0.008615263977878908
0.008522404845183202
0.008615263977878899
0.008759711517627762
0.008439863393898139
0.20301069943562278
0.008470816438130026
0.008780346880449028
0.008966065145840427
0.008780346880449028
0.00881129992468094
0.012608206683794034
0.008594628615057632
0.6635913602205735
0.006039747612781316
0.005952983481073364
0.005697511315488838
0.005379376165893016
0.006155433121725254
0.0049551959664319205
0.2629242404523302
0.005268510886488413
0.005615567413320218
0.005345634559117701
0.005760174299500139
0.0053697357068143575
0.006343422073759148
0.005601106724702227
0.3685078965977846
0.02081314440865002
0.013008215255406285
0.012824877993417342
0.01415189055638496
0.018909929022288576
0.01128833713103377
0.4394594169875069
0.014160620902193952
0.013811407069834053
0.015094767903756688
0.013008215255406286
0.014012205023440994
0.017015443981736125
0.013933631911160017
0.2582341380205436
0.006815737753550641
0.006467163570289618
0.006311417658619799
0.006541328290132389
0.006467163570289618
0.006163088218934258
0.6576779026217222
0.006244669410761306
0.006326250602588354
0.006355916490525462
0.006304001186635522
0.00638558237846257
0.007357140208402869
0.006348500018541185
0.6832675372001218
0.01890012002371558
0.021083684005032362
0.020910155741616466
0.021879021879021927
0.01681778086272472
0.02096799849608842
0.05247783899469288
0.0211993695139763
0.02290573077089934
0.019637615143233162
0.020447413705840713
0.019290558616401342
0.01955085101152521
0.020664324035110582
0.30024563451529734
0.011734520161486482
0.011138674060022407
0.011807480908604538
0.01133323605233721
0.35164648085996414
0.010725229826353452
0.21063767692981175
0.010944112067707599
0.011394036674935583
0.011211634807140453
0.0107009095773141
0.011588598667250382
0.01383822170339028
0.011053553188384677
0.36082063262506037
0.013386731931620096
0.014100567360106751
0.013933696740460525
0.01354433196128597
0.014740238068750655
0.013748284940853601
0.43253791671302005
0.015092520488003823
0.01604739125597949
0.014684614528868578
0.013831720250676716
0.014063485000185366
0.03503355953572877
0.014434308599399225
0.7990052054583157
0.027071944538423667
0.009858912492506392
0.011627699923431696
0.011069760264012296
0.010102269152465928
0.01667289897137294
0.02426443965645164
0.011526795942472861
0.01102821156597043
0.011645506508306784
0.011241890584471476
0.010345625812425444
0.023017978715195564
0.011520860414181166
0.14785572088942878
0.14373924486284034
0.05182710800688327
0.05074737659007322
0.04818301447514928
0.05796808043999052
0.057900597226439865
0.0720720720720721
0.04754192394641832
0.0454836859331241
0.05958767756520565
0.048891588217430886
0.04892532982420614
0.0723420049262746
0.04693457502446263
0.025808648280558406
0.015866530473272054
0.0157303370786517
0.01595732606968562
0.015616842583134732
0.016116218363409374
0.7097718760640106
0.06809669731018048
0.015662240381341515
0.016343207354443313
0.016434002950856882
0.016706389740097603
0.015934627170582246
0.019725343320848934
0.016229712858926357
0.2525961045802572
0.00673291333809619
0.007418472574022375
0.0072597114878078985
0.006675182034018195
0.00811846463596806
0.007389606921983386
0.6539585633564982
0.00694940572838867
0.0066390999689694506
0.0071225996406226585
0.006646316381979199
0.0073535248569346345
0.008140113874997312
0.006999920619456924
0.3052572490774738
0.019149895554389944
0.017217421711803738
0.017327848788522934
0.01778796160818631
0.061213409528016204
0.025085350928047537
0.38557454287791365
0.018846221093412104
0.022020999549089405
0.02509455318444081
0.017079387865904728
0.024965721594935052
0.025858340465082
0.017521096172781567
0.038892808185786124
0.005861738676577709
0.005431571943952143
0.00513905856576676
0.005856003120142702
0.005288183033076959
0.005328331928122014
0.8881279717351784
0.005517605290477258
0.005391423048907089
0.0057183497657025215
0.0055118697340422506
0.0055061341776072425
0.007020321076449229
0.005408629718212116
0.4903486027081534
0.015038893690579083
0.01675597810429272
0.016905790838375102
0.01694036300777873
0.017159320080668394
0.015983866320944975
0.29266493805819654
0.016214347450302508
0.01680207433016422
0.018069720541630648
0.017136271967732642
0.015373091328147511
0.01566119273984442
0.01894554883318929
0.21049427132340714
0.02545155993431858
0.014335528864781117
0.014123355657644714
0.014547702071917504
0.503680743897714
0.023191454032213447
0.029639674544750097
0.014529252227818694
0.013717459087470732
0.015027398018486762
0.014944373720042094
0.015331820446117249
0.07602258260917706
0.014962823564140902
0.049447684065803826
0.013843455174702483
0.011520409614564034
0.011741652048862941
0.012041909638268586
0.01152040961456404
0.014681015818834029
0.7897248692299171
0.01155201567660674
0.01169424295579888
0.012120924793375341
0.01196289448316184
0.012326364196652879
0.013906667298787876
0.011915485390097782
0.44602222681770454
0.012292916063509568
0.020564784816525357
0.0198218484563008
0.01937761846771293
0.03867098642034879
0.014284291874420792
0.24474774629872184
0.019921417246846346
0.021284743763547116
0.021552813584246686
0.01887211537725084
0.021483881344638227
0.06152585341942201
0.019576756048804045
0.04464359430471428
0.006987758288111789
0.008458865296135317
0.008323763632133153
0.008811630752140955
0.008976755008143602
0.007843402160125475
0.8399195394534392
0.008526416128136411
0.008796619456140723
0.008601472608137598
0.008976755008143593
0.00902929454414444
0.013330030848213253
0.008774102512140357
0.32463124797706555
0.013002265686410492
0.012197715818190217
0.011652101539741982
0.011679844638646124
0.01989180191427381
0.011864798631340448
0.18915244832847816
0.012179220418920793
0.011171221158736755
0.012327183613076245
0.011781569334628003
0.01165210153974198
0.33489619457160025
0.011920284829148734
0.7071080287107426
0.011791190930474387
0.008893869186428023
0.008863583593284685
0.008984725965858052
0.008772726813854655
0.009085677943002515
0.17125493402788283
0.009166439524718099
0.008782822011569111
0.008611203650423505
0.008681870034424633
0.008893869186428023
0.011993094884763337
0.009115963536145863
0.06456060359333438
0.009173315963740948
0.007707756608587058
0.007512348694566535
0.008131140422298185
0.008185420398414994
0.00797915648917111
0.8288660912989231
0.008131140422298186
0.007979156489171111
0.00767518862291697
0.007675188622916969
0.00777289257992723
0.010975411170819066
0.0076751886229169675
0.11129755102907758
0.007391516747732657
0.00627287723993404
0.006556077115326098
0.006683517059252524
0.006711837046791726
0.0076322366418159005
0.8008821676118462
0.006548997118441295
0.006626877084174106
0.006230397258625233
0.006506517137132483
0.006818037000063747
0.007462316716580668
0.00637907719320606
0.07036818895735168
0.0083137006161653
0.007075329225564844
0.007807780596834628
0.00798145463332127
0.007762474326446803
0.00770961701099434
0.826914945028392
0.007679412830735794
0.00799655672345055
0.007898393137610265
0.008041862993838366
0.008124924489549372
0.008910233176271622
0.007415126253473505
0.17358483243096381
0.02264656226349194
0.022743591236343234
0.022064388426384175
0.021753895713260033
0.026547126972113946
0.021365779821854863
0.525625351730026
0.02105528710873072
0.022762997030913484
0.022530127496070376
0.02084182336845787
0.026042576313287217
0.02947740195222301
0.02095825813587943
0.4887640449438203
0.05036582179252672
0.03196585663269743
0.030768225764306188
0.03161745492552907
0.03227070812646974
0.03170455535232115
0.05842261127079514
0.032727985367128225
0.030071422349969443
0.03531922306419293
0.037322532880411034
0.030877101297796316
0.04644630258688261
0.031356153645152825
0.7433976759819454
0.0276289253817343
0.014116969173148914
0.013857677902621686
0.012993373667530938
0.015999231729568773
0.012071449150100805
0.04956304619225954
0.013310285220397546
0.01315663113415919
0.013444732545856108
0.012273120138288648
0.012465187746086593
0.03279554403149901
0.012926150004801658
0.5640426876043497
0.036877848472541844
0.0231036505572853
0.02251703442985425
0.021050494111276546
0.06658093046342674
0.02343080185912188
0.03801723748928298
0.022122196651775644
0.02015928884075628
0.022855466811064467
0.02180632642931275
0.023114931636658998
0.06817156265511483
0.026149541988177406
0.07578694570717903
0.8343940303628106
0.005277753952597422
0.005312062212310951
0.00534637047202447
0.005083340480887438
0.005820968064728246
0.016616633787917782
0.005466449381021814
0.0053234982988821225
0.005563656116876799
0.005517911770592102
0.005552220030305628
0.013540326500271607
0.005397832861594758
0.3931755325963271
0.010278901875673506
0.009819214914957916
0.011492174017890103
0.009939788543998056
0.010663230318239025
0.009389671361502348
0.029962546816479387
0.010361796245638615
0.010052826321223219
0.009977467803073119
0.011326385277959886
0.01024122261659847
0.4529046940820955
0.010414547208343691
0.018133725537142507
0.004993757802746564
0.004936751435135305
0.0049367514351353016
0.004788534879346023
0.005529617658292426
0.005347197281936385
0.9158586014057766
0.004754331058779261
0.005016560349791068
0.004748630422018135
0.005301592187847385
0.004879745067524041
0.005848853316915496
0.004925350161613056
0.44964215522675877
0.02672402071667839
0.020345854810200105
0.022045462973263614
0.019338450699002467
0.05527125746282493
0.023837777036130558
0.022787110171691338
0.022274137526112143
0.02511093806009814
0.03554344198464787
0.02187859235361738
0.018967627099788633
0.21437312270552897
0.021860051173656664
0.028991538354834204
0.009148617138629625
0.007860544689508489
0.008501278164199514
0.008157792177767206
0.008857975150109988
0.007741645694204997
0.8604654235116158
0.008534305662894924
0.007781278692639494
0.008593755160546666
0.007827517190813075
0.008223847175158028
0.010773570074443975
0.008540911162634003
0.1805568242948349
0.017193954711082707
0.013052789703926995
0.01370238421485339
0.01261634339189834
0.01716350496838303
0.011175055570780424
0.6420835743937973
0.012453944764166747
0.013164438760492477
0.012687392791530926
0.012809191762329614
0.013012190046994096
0.013925682327984338
0.014402728296945885
0.19218756337971113
0.016793088062304822
0.017739558403980626
0.017577306345407613
0.01644154193539668
0.02030854933138636
0.016522667964683168
0.5817006719939407
0.017104071174569746
0.016820130072067004
0.016225205857299353
0.017158155194094065
0.018145188550413114
0.018091104530888788
0.01718519720385624
0.08201016335214782
0.014664767632009279
0.014330678201543854
0.01380316857449315
0.014102090696488554
0.01447134743542403
0.018533171563714396
0.7226002707882748
0.014928522445534631
0.014910938791299613
0.015227444567530023
0.0150516080251798
0.013768001266023108
0.017847409048548476
0.013750417611788093
0.6918149879022905
0.00965330946935799
0.01103708859500844
0.011285671671472602
0.01027476716051836
0.010407344801299245
0.01155082695303436
0.16441284677339166
0.011177952338338135
0.011467965927546321
0.01087136654403234
0.01123595505617976
0.011153094030691724
0.012238573464585185
0.011418249312253471
0.03167670505911496
0.006522019888931934
0.006310685311072755
0.005682551982435744
0.0063048149061322245
0.00670400244208846
0.006774447301374844
0.8877519871320722
0.005905627370175997
0.005952590609700256
0.00591736818005706
0.0061110915430946395
0.005876275345473335
0.006492667864229267
0.006017165064046119
0.03597230908581165
0.006908351125392701
0.007016181788119949
0.007016181788119948
0.006872407571150278
0.006850841438604833
0.008633641729028748
0.8710201499565084
0.006735822065029089
0.007052125342362366
0.0070593140532108556
0.0069371059687866315
0.007052125342362365
0.007986657752665223
0.006886784992847246
0.57930031594585
0.017209633209884355
0.015985604586445778
0.012386751197874211
0.013652626953738038
0.024355031071495933
0.01347477664093073
0.06924654238068334
0.014133868976628423
0.1659448036323311
0.015347435816960697
0.015598518611512192
0.01333877346054866
0.015682212876362702
0.014343104638754677
0.09117253068700618
0.00844746985975562
0.006952987597619777
0.006661381302568875
0.006962100294340115
0.007098790745145225
0.007098790745145222
0.8148208899459624
0.006588479728806156
0.006615817818967173
0.007044114564823181
0.00687097332713671
0.006615817818967179
0.01023355841694234
0.006816297146814665
0.19471628206677147
0.012323305545487476
0.013571744996174117
0.01267233162847514
0.013410656034795194
0.015585357013410642
0.012699179788704957
0.6255755574349271
0.012135368423878735
0.012712603868819873
0.012430698186406757
0.012538090827326043
0.013316687473990828
0.022968601076611198
0.013343535634220655
