0.01210359637325931
0.010917819906583963
0.011250415744797775
0.02597139675791366
0.010715370265932065
0.012768788049686943
0.01016586409844837
0.8294217170621665
0.01232050670252919
0.010397235116336246
0.01078767370902203
0.011105808858617859
0.01081659508625801
0.010512920625280182
0.010744291643168058
0.01471808887539225
0.008391537605020732
0.00956574552080169
0.055997570604312215
0.00840166008705333
0.8108513007389409
0.007895535985423611
0.020690353274622937
0.014404291932381819
0.00820933292843403
0.008401660087053323
0.008249822856564412
0.008037250733879928
0.00819921044640144
0.007986638323716953
0.02072138088259242
0.01202979970688812
0.011286842533789273
0.7323115127829347
0.012101042175541435
0.01421796124409704
0.01202979970688812
0.0954852629864843
0.01533748575150625
0.012335124572545177
0.01229441459045756
0.012121397166585236
0.012579384465070825
0.012467432014329908
0.01268115942028984
0.019156539020102448
0.011226400672628613
0.6935431475961167
0.02409615531605905
0.011312390124589181
0.00948750286631507
0.011264618206833306
0.14381258121226
0.010605365741802356
0.010739127111518774
0.01083467094703051
0.010299625468164797
0.011360162042345037
0.011790109302147835
0.010471604372085917
0.020393258426966234
0.017602996254681594
0.1294194756554308
0.03953183520599249
0.016554307116104814
0.01923220973782764
0.01657303370786513
0.6180898876404495
0.021704119850187206
0.01657303370786513
0.016966292134831425
0.01619850187265912
0.016629213483146017
0.01664794007490632
0.017883895131086094
0.04784044574823345
0.027029021604767466
0.02055312632608259
0.1626722754192727
0.022859356838434767
0.027434918174941463
0.022066013542185615
0.5114296784192169
0.02470434124831651
0.023173004188114646
0.021328019778232912
0.0233206029409052
0.021346469622331738
0.020866773675762486
0.023375952473201636
0.005362614913176724
0.004972477584837149
0.00513562592214279
0.011860174781523115
0.004958290772897523
0.005632164340029527
0.004894450119169236
0.9215398365679278
0.005951367608670992
0.004901543525139046
0.00497957099080696
0.004866076495289993
0.004866076495289992
0.0050505050505050665
0.005029224832595638
0.004547445840968978
0.004411701188999757
0.004485743726437512
0.009125742739203685
0.004479573514984368
0.004979360642689235
0.004448722457718637
0.9322078867642795
0.005022552122861254
0.004479573514984371
0.004343828863015149
0.004356169285921442
0.004479573514984371
0.00426361611412425
0.0043685097088277365
0.005874863180467765
0.005286632266327148
0.0055323489772972755
0.008741558141786
0.005368537836650522
0.00574083588357497
0.005457889367912389
0.9195612839815035
0.006418418328977463
0.005450443406973903
0.005390875719465989
0.00525684842257319
0.005361091875712033
0.005256848422573196
0.005301524188204126
0.007671596448802104
0.004957200278568342
0.005670072000043869
0.10564758912267426
0.004798175048393029
0.007485153075493123
0.0046391498182177145
0.11711934020980368
0.7126194745587027
0.004902363992300994
0.004924298506807929
0.004907847620927727
0.004880429477794049
0.0047981750483930274
0.00497913479307528
0.01772503471783864
0.011749358246012715
0.012094432521146323
0.15221983756259735
0.01133695240499937
0.010823549215166437
0.011564196439843447
0.6747801203551724
0.02813617809199174
0.01100871102133569
0.011749358246012703
0.01184193914909734
0.012094432521146324
0.010991878129865755
0.011884021377772171
0.022642151855635055
0.021523420399824956
0.027603482659662514
0.03791526825234693
0.022374629116202197
0.02074517243056574
0.022009825380611952
0.12379006761029233
0.039252881949511195
0.022253027871005453
0.022180067123887405
0.022447589863320256
0.02261783160659571
0.5505374775037691
0.02210710637676935
0.017429432721293492
0.010084954782132099
0.01323650315154838
0.036521421393989124
0.01094363752626291
0.012798026856673072
0.010925367680643106
0.8129898602356805
0.010249383392710339
0.010834018452544085
0.011153740750890663
0.01013062939618161
0.01101671690874213
0.011053256599981739
0.010633050150726233
0.016731917963735136
0.013729297301885397
0.014397725223074557
0.026715896913560588
0.010949485947098707
0.011023755716119733
0.011172295254161769
0.8118746750697572
0.016551548524684087
0.010981315848107734
0.011320834792203797
0.010726676640035657
0.010726676640035659
0.011660353736299882
0.011437544429236822
0.014128023423957418
0.011595218207456468
0.0247981390168763
0.326704928192278
0.011496420840855368
0.017253612840064977
0.01144253136816386
0.4818167937560065
0.025723241631413887
0.012044297146552379
0.012125131355589647
0.01200837083142471
0.012205965564626912
0.014639973414526762
0.012017352410206626
0.007609065742920165
0.0077472329548538615
0.007377142208602885
0.1556996442194294
0.006454382614617105
0.011971202005398396
0.006933033313101706
0.7427079786630346
0.01130997320542997
0.007387011295169583
0.007100807784735486
0.006947836942951743
0.006903426053401631
0.007061331438468714
0.006789931557884661
0.021635576888113173
0.012666206077354771
0.013151036931990344
0.050737548937614445
0.012326824479109847
0.015563070433802418
0.01191471825266961
0.7726991745754695
0.016108505145267453
0.012157133679987399
0.012520756820964086
0.01272680993418421
0.012084409051792052
0.011805631310376598
0.01190259748130371
0.021093139070667104
0.015248796147672512
0.016915668601061817
0.03424291064740495
0.01504300942503186
0.017244927357286863
0.015331110836728773
0.7534057702597029
0.01909700786105276
0.014940116063711529
0.015145902786352188
0.01611310038276326
0.015660369592953825
0.015207638803144383
0.015310532164464711
0.06721508828250405
0.056915462814339346
0.07972177635098988
0.12038523274478334
0.05825307651150361
0.05992509363295892
0.059925093632958934
0.075374531835206
0.07497324772605665
0.06072766185125747
0.05745050829320504
0.05664794007490651
0.058119315141787184
0.05671482075976468
0.05765115034777971
0.007153558052434462
0.005775280898876409
0.005820224719101128
0.009767790262172267
0.006007490636704124
0.007198501872659181
0.006119850187265922
0.9101123595505608
0.007123595505617983
0.005932584269662926
0.005902621722846446
0.005910112359550566
0.005378277153558057
0.005782771535580529
0.006014981273408244
0.014157999095557844
0.010818520193411521
0.012488259644484695
0.16026020106445893
0.01128233670759852
0.015676998179520233
0.010598207349172712
0.6807550932850963
0.017752577080507002
0.01079532936770217
0.011305527533307871
0.010493848633480629
0.011363504597581238
0.010656184413446073
0.011595412854674738
0.029330582429531314
0.013085380247395464
0.04089181327311082
0.06785252925158693
0.01253705820577874
0.013429243222646613
0.011709928346390817
0.7188409029655854
0.017053744853672358
0.012193195230527582
0.012472003048298793
0.012871627587104195
0.012379067109041724
0.012769398053921412
0.012583526175407275
0.009588799341137702
0.006951389297409636
0.007274937741435756
0.011873247445928175
0.006843539816067592
0.00932407788693451
0.007118065768574607
0.8902680549836268
0.00831421456164087
0.0071474792634860715
0.00700041178892874
0.006902366805890526
0.0071278702668784236
0.007255328744828109
0.007010216287232564
0.010531390217673457
0.011285398202741624
0.009999876392133603
0.020457101889964295
0.011619139442034089
0.017638842535939003
0.011198872696258393
0.8288401873895258
0.01243495136030457
0.010865131456965918
0.011322480562663011
0.011322480562663
0.010345978418066532
0.010976378536730084
0.011161790336337003
0.4796528377989056
0.018114376260443696
0.020431191779506405
0.11624891961970618
0.011980217036396814
0.042783059636992186
0.012598434648996466
0.20697085374051677
0.014387064246614827
0.013018582541054464
0.01334869874195718
0.012088255065783165
0.013186641697877671
0.012526409296072228
0.012664457889176998
0.009460157561668615
0.0075982607946963
0.009244909380515741
0.012193809462310058
0.007813508975849159
0.00811485642946318
0.007609023203753943
0.8853157690817517
0.0076197856128115875
0.0075552111584657276
0.0074260622497740025
0.007522923931292796
0.007630548021869231
0.007426062249774007
0.007469111886004583
0.016531060312540334
0.009892806405785852
0.01851995350639284
0.040320289293555446
0.009505359679710697
0.015110422316931412
0.010306082913599367
0.8066253390158854
0.011623401782254924
0.010021955314477572
0.010422316931421908
0.010189848895776808
0.010176934004907648
0.010060699987085094
0.010693529639674525
0.027931952529218044
0.01767369101875673
0.05667614277334063
0.06649820254801984
0.0158687183189688
0.01821518282869311
0.01622971285892639
0.6675089872599013
0.017718815336251432
0.015522765218176115
0.0159439255147933
0.0160341741497827
0.016500458763894586
0.016410210128905173
0.01526706075237283
0.03719077268064611
0.045707197213674076
0.05837448412414426
0.2576158782413704
0.047090818006154826
0.07266394713614356
0.04856986092225495
0.09592308976836282
0.050430592332832466
0.050693003172785696
0.04282067797418844
0.04876070516949364
0.04592189699181766
0.046160452300866045
0.05207662396526644
0.08824906367041195
0.010800077489345219
0.013609066253390149
0.44279510525636057
0.010767790262172297
0.0251840371948857
0.010961513625209876
0.316003164148263
0.013657497094149543
0.01163147358904819
0.011163308795040692
0.011639545395841408
0.01112294976107452
0.011114877954281281
0.011300529510525651
0.016041269168256708
0.012142840317527662
0.013226391538878338
0.11684686594586947
0.01204861847219283
0.013909499917555935
0.012731726850870427
0.7104916024780346
0.019857253904317758
0.012460839045532747
0.011400843285515796
0.012566838621534453
0.01222528443219565
0.011188844133512399
0.012861281888205827
0.00943204254593653
0.006863667112145081
0.007001160443718505
0.26972341841420694
0.006055206322493378
0.006737173247097537
0.0056207273947213735
0.6441232600218894
0.008018611097361798
0.006104703921859809
0.005851716191764717
0.006170700721015048
0.006275195653010849
0.005939711923971706
0.006082704988808064
0.02442873374573915
0.017190590413668286
0.023755418086941874
0.048015822917981774
0.015907082439085944
0.016096452468122673
0.016517274754870973
0.1396498758574254
0.020241551992593518
0.016496233640533563
0.01590708243908593
0.016601439212220643
0.01607541135378526
0.5966839203804211
0.016433110297521317
0.016214850484513366
0.016749895963379068
0.01269246774864749
0.23008441828666537
0.015144759526781959
0.014669163545568003
0.0141341180667023
0.5686344450389398
0.022575946733250047
0.01514475952678196
0.015085310029130213
0.014490815052612769
0.015442007015040685
0.014535402175851572
0.014401640806135148
0.020310283488324955
0.012744590304203884
0.02246440446435941
0.4713546944075418
0.012211689296195358
0.01788595918428615
0.012144138464194276
0.3206788108051306
0.03196655483251144
0.011416090608182626
0.013082344464209285
0.012511915216200159
0.014425855456230784
0.013442615568215048
0.013360053440213737
0.011617019423395153
0.00763217489765701
0.008971343959585395
0.013772754986499408
0.007621287344307999
0.00955927184043201
0.007664837557704043
0.877025084922916
0.008840693319397264
0.007806375751241187
0.008002351711523394
0.007871701071335255
0.007817263304590202
0.008045901924919434
0.007751937984496133
0.008666702853317436
0.0067759503519151994
0.007400170077258522
0.010910275199478946
0.006622157086250903
0.007345890101141711
0.006821183665345875
0.8960538457363059
0.0077710832473900605
0.006757857026542928
0.0070473502324992525
0.007011163581754712
0.006938790280265631
0.006875463641462686
0.0070021169190685765
0.013044039777863886
0.011881699599638395
0.0115588273279091
0.04407206509104996
0.011139093374661001
0.012301433552886498
0.011090662533901605
0.8037582332429293
0.012672736665375184
0.011558827327909103
0.0113166731241121
0.011171380601833925
0.01167183262301435
0.011219811442593331
0.011542683714322611
0.007022471910112376
0.004438445449681416
0.0057699790845858415
0.015108954715696283
0.004505326134539627
0.0045722068193978435
0.004426285325161738
0.9215611167858354
0.0054659759715939655
0.00445060557420109
0.0044566856364609275
0.004426285325161738
0.004584366943917518
0.004766768811712644
0.0044445255119412545
0.014507328801960505
0.009640726869191298
0.009837240486429009
0.038158320617746384
0.00888935127387064
0.8075553706015621
0.008854672400240456
0.030251537430064274
0.017050446201507367
0.009282378508346059
0.009108984140195144
0.009467332501040383
0.009455772876496984
0.009039626392934774
0.008900910898414032
0.00846289767587355
0.00693264345076553
0.008505169892036746
0.05688149406920807
0.007101732315418356
0.012926843702707955
0.0068903712346023265
0.84070138061058
0.009359068658533481
0.006890371234602333
0.007169367861279487
0.006974915666928742
0.00725391229360589
0.006856553461671772
0.0070932778721857145
0.007216110751612827
0.0066376453516873365
0.007774967154930665
0.013098809733905908
0.006519991372041474
0.0072749377414357535
0.006519991372041476
0.8974253387454172
0.007471027707512186
0.006735690334725558
0.006667058846598806
0.006765103829637024
0.006706276839814093
0.0067356903347255545
0.006451359883914722
0.005591129367860059
0.0046514437598163556
0.005221967164700029
0.011987703542614737
0.00485951700159746
0.00563140160820479
0.00461788355952908
0.9235498637455863
0.0056045534479749705
0.004678291920046172
0.004765548440793088
0.004597747439356709
0.004839380881425092
0.00467157987998872
0.004731988240505813
0.012019858897308602
0.01272458053226279
0.014363652200077605
0.06669517226088957
0.010467887656285875
0.01551971241022718
0.010420378332581104
0.7810136906034472
0.014537853053661787
0.009850266448123786
0.010871716907776486
0.009771084241949154
0.01051539697999066
0.011243873276797241
0.009984876198620655
0.025348149067808894
0.017712665797587283
0.023837606307033347
0.03182485980921637
0.01566412150557664
0.01632627723632756
0.015415813106545037
0.1414737103482526
0.023547913174829804
0.01576758333850647
0.016264200136569647
0.016636662735117044
0.015788275705092433
0.6082521157944829
0.01614004593705386
0.009238451935081124
0.007011505887910359
0.008786314404291907
0.023511151601039244
0.007186962243141997
0.006606606606606584
0.00707224078010593
0.8755002193204443
0.012349428079765117
0.007402908526504006
0.007186962243141999
0.0074568950973445125
0.0070384991733306035
0.006964267638424919
0.00668758646286734
0.03644720958306252
0.021620701395982295
0.025335066703810343
0.48096387779738176
0.022735010988330702
0.06532639985142535
0.02214690314792459
0.17476088773330836
0.020630203980561486
0.021976661404649152
0.022363574457547906
0.020645680502677424
0.021868325749837502
0.020955210944996458
0.022224285758504374
0.011783160659565186
0.010396906464322222
0.010032102728731963
0.01622160610924658
0.00971593949122042
0.011746680286006155
0.009728099615740093
0.8485334889829271
0.01034826596624352
0.01017802422296807
0.010007782479692612
0.010506347584999296
0.010238824845566444
0.01022666472104677
0.010336105841723845
0.04390807786563092
0.010338928191612333
0.009488139825218466
0.19151985943496563
0.009691589217182214
0.016044758866232023
0.009802561612798808
0.1733573773523836
0.4776344384334399
0.008933277847135514
0.009478892125583742
0.009959772506588974
0.009811809312433525
0.009959772506588973
0.010070744902205562
0.005379835898768162
0.003972635361867038
0.005130869649931817
0.16502673681020125
0.004199952371674144
0.006895282630815543
0.004319023186335007
0.058333874564309114
0.721796453854647
0.004075469247255966
0.0039834599813816625
0.004145829274101024
0.004232426230218014
0.004438094000995875
0.004070056937498658
0.07726543119801549
0.04290091930541374
0.04637871491804075
0.04744880587577219
0.030983997276132175
0.0809864293010361
0.03266209445984732
0.41585193832384865
0.031202879517486334
0.031178559268446975
0.03288097670120147
0.03489955737146754
0.03151904275499787
0.03395106765893285
0.029889586069361422
0.005809499489274764
0.004133682328907053
0.004527366360231531
0.12655877596186577
0.003990040858018391
0.006405345590738851
0.003984720803541026
0.05171092951991829
0.7682211865849502
0.004112402110997615
0.004080481784133469
0.003963440585631599
0.0042347633639768486
0.004261363636363638
0.004006001021450458
0.009051732619689482
0.007267623001895619
0.008048170959680424
0.7577874417048733
0.0073004191345756465
0.007418485212223774
0.0070446092996713835
0.14665774611857788
0.008428606098768837
0.006329653607246632
0.00689374708934322
0.0070118131669913535
0.006815036370911138
0.00684783250359118
0.007097083111959437
0.039275905118601705
0.022671660424469376
0.024369538077403212
0.11620474406991249
0.020124843945068624
0.02174781523096127
0.019550561797752802
0.08496878901373282
0.5314606741573036
0.01905118601747814
0.019850187265917592
0.02034956304619226
0.020274656679151043
0.020674157303370747
0.01942571785268412
0.01312563840653729
0.01047837929860403
0.011099761661559423
0.06716887980932928
0.01081886278515494
0.02563840653728299
0.010486891385767796
0.7688372488934284
0.018130745658835563
0.011312563840653739
0.01093803200544774
0.011142322097378282
0.010784814436499835
0.009848484848484862
0.010188968335035764
0.023619411905331067
0.027045979759343343
0.02652004143756472
0.16785401227189425
0.019587218105028243
0.023412224081600097
0.02043190692485457
0.546928042075066
0.021611283767630853
0.020607219698780772
0.019698780779344952
0.02148378356841177
0.01931628018168776
0.021149095545461773
0.02073471989799981
0.04022369298650658
0.008170437637884147
0.01508388486993997
0.5049381765943256
0.00768303319480786
0.011774665230106203
0.008362834128572163
0.3428377199733208
0.009972551433995185
0.008279462315940692
0.008164024421527886
0.008587296701041507
0.008542404186547635
0.00897850289877379
0.008401313426709767
0.005994828445866829
0.0056875500052179576
0.005252722023167654
0.9032942567920138
0.005565798170243875
0.006116580280840919
0.006012221565148854
0.02093551790911514
0.0069224614742408085
0.005786111014482694
0.005710740830927308
0.005757122482346005
0.005710740830927306
0.005409260096705763
0.005844088078756064
0.018396868474226627
0.005842020273754863
0.004988121507258133
0.7022767815625504
0.005491160879600276
0.015987352152923965
0.005596841420008282
0.1977790177627852
0.008843347621342392
0.005719430846881577
0.0058166569440569445
0.00600265469517505
0.0058082025008243015
0.005871610825069114
0.005579932533543
0.20706959437957456
0.04452767374115679
0.07106313186947669
0.08313137989278087
0.03877506058603208
0.1446476218452424
0.04425840248708711
0.09637462975202539
0.03451567893074824
0.037453183520599155
0.03877506058603208
0.041834961200460104
0.04046412572519635
0.03730630829110663
0.0398031871924799
0.01215571243909714
0.006587451526300065
0.007217195320009254
0.011873984952437763
0.007068045474130763
0.017831692685028648
0.006852606807861827
0.8829505153955798
0.007242053627655671
0.006786317987471386
0.006653740346690504
0.00669517085943453
0.006927181730801072
0.006430015577872765
0.006728315269629754
0.03649321842842077
0.010712337733173328
0.01064688556779752
0.5961601396312861
0.011832297007381544
0.047096469219301156
0.011185047816443026
0.15599432747900083
0.05203447147376465
0.011228682593360236
0.011374131849750906
0.012101378131704294
0.011461401403585316
0.010799607287007728
0.01087960437802261
0.00446847780332222
0.0025499465725480094
0.00331897807855455
0.028643050653541897
0.0025769301341622723
0.8849232047836453
0.0025202646547723166
0.0521511295318892
0.0037264298589299413
0.0024716942438666404
0.0025337564355794487
0.0024042353398309787
0.0025958186272922587
0.002620103832745096
0.0024959794493194785
0.03262720018948646
0.011280365945729853
0.01370816124113628
0.08010244111856228
0.011546831283030563
0.707702328610975
0.01157643854273064
0.042293970481562075
0.019644416811002055
0.010969489718879032
0.01120634779647966
0.012138976477032132
0.011487616763630403
0.011591242172580677
0.01212417284718209
0.03349910971940805
0.02570147970774232
0.02575059863694967
0.6528274083624976
0.02144041259900527
0.02414195370540917
0.020715908393196973
0.052409897464235175
0.016454841284459957
0.022152637072511763
0.02039663535334923
0.021059740897648387
0.02156320992202366
0.020924663842328186
0.020961503039233696
0.009780939293509013
0.0055667825290329626
0.6188020370220675
0.04986392908145393
0.005863174628836264
0.008708538786947974
0.005669172527146827
0.24528332390267568
0.01699673968690217
0.005863174628836261
0.005566782529032962
0.005636838843531925
0.005200334114730696
0.005723061999838339
0.005475170425457393
0.0490515887398818
0.03721155007853104
0.05080343119487757
0.06499939591639499
0.03968829285973198
0.04826628005315954
0.038963392533526826
0.38413676452821177
0.05267609037090754
0.03938625105714649
0.039205025975595185
0.03805726712577038
0.03938625105714647
0.038782167451975526
0.03938625105714648
0.48371292640955527
0.013473023585383135
0.017228464419475648
0.2476971353375848
0.013554003441643888
0.020204474137058417
0.01282518473529709
0.08823767587812534
0.018858184026723346
0.013240206498633453
0.013189594088470489
0.013462901103350529
0.012835307217329691
0.017926915679724674
0.013554003441643887
0.010101955888472736
0.007547856845609637
0.00774552642530169
0.8031991260923841
0.007178526841448172
0.011797752808988772
0.00790678318768205
0.08439450686641699
0.012265917602996263
0.008031627132750713
0.007906783187682051
0.007755930087390745
0.008250104036620878
0.007797544735746969
0.008120058260507688
0.00832388413565612
0.007550767962065779
0.008847885097756244
0.02155276088375768
0.007576538501185456
0.008203621619764293
0.00758512868089202
0.8710184517060097
0.013374909803113086
0.007542177782359222
0.007817063532969121
0.007851424251795348
0.007490636704119863
0.007877194790915039
0.007387554547641158
0.014140487655736408
0.010993910672883335
0.01086651889220104
0.014968534230171434
0.010866518892201043
0.011528956151749042
0.010955693138678658
0.8388493974368803
0.014076791765395249
0.010700909577314021
0.010242299166857713
0.010509821906290566
0.010509821906290562
0.009949298071288406
0.010841040536064566
0.024273093747319674
0.010649855619407036
0.01227235040169256
0.7880893158361209
0.009620607828001263
0.025187980673013706
0.010514052091374338
0.04316407925207993
0.012758384080967487
0.0108071018097607
0.011200217285644855
0.010342510792806708
0.010657003173514033
0.009734968693713028
0.010728478714583883
0.07849099516693236
0.0235967416966416
0.10195176821052891
0.2536804242221975
0.023794514282888975
0.03569795181765369
0.025339612612946694
0.25536149120530016
0.056377547867146244
0.02625431082434087
0.024214781028664683
0.024746294854204556
0.021544851114324935
0.025611549919036882
0.023337165177191904
0.008451417295201269
0.005948785216635889
0.7289908351887323
0.020958824510836093
0.0062652099622016256
0.010626118273816713
0.006190418658704268
0.1673599245183153
0.009895464770419467
0.005730164483335924
0.005764683546488544
0.005672632711414877
0.005712904951759608
0.006506843404270008
0.00592577250786747
0.022324273081884102
0.41229583352759225
0.014787014157614147
0.13022363124932024
0.012098466128957033
0.0168850140643697
0.01198191057858172
0.2809454986246443
0.027242917307722124
0.011733258737781062
0.011888666138281474
0.010963992105304028
0.011896436508306497
0.01237042907983275
0.01236265870980773
0.012336383644156115
0.009295725703695098
0.01343681223213248
0.4069751727865939
0.00930537858604577
0.011284219467933098
0.009971427468241992
0.45209274489362494
0.01870728599559824
0.009469477586007158
0.009643229468319216
0.009710799644773904
0.009179891115487062
0.009257114174292421
0.00933433723309778
0.0072481340770080335
0.005644922264435622
0.008090157087812876
0.8752391345350682
0.005934578180152485
0.006177080807264279
0.005698811737127132
0.04186538409721662
0.007066257106674189
0.006237706464042229
0.006028884757362628
0.006345485409425248
0.006271387384474418
0.006109718966399893
0.006042357125535504
0.03722927861911742
0.017220322423058116
0.02090457580198663
0.36856782283015826
0.015775118058948018
0.019316886500569917
0.015429083211203358
0.3919964175215762
0.019683276339358388
0.015856538023123232
0.01636541279921834
0.01481843347988923
0.015551213157466172
0.01544943820224715
0.015836183032079433
0.168264742385801
0.03859545070128623
0.2026096411743385
0.05186332333849572
0.03344426504991929
0.036255999648533196
0.03562994936681061
0.11304051753489978
0.07140268213120717
0.03795841708128773
0.03964985117576646
0.03728843344646177
0.0428569859523104
0.05038057267125791
0.040759168341625844
0.013601419278533462
0.00999524588072962
0.009264734870885112
0.018749782586009043
0.009485047715123936
0.012407091754501963
0.00900963578808227
0.847172458575387
0.013636205517097488
0.009589406430816008
0.009369093586577188
0.009716955972217424
0.00931111652230381
0.009056017439500968
0.00963578808223471
0.01092130771494981
0.008647726926707466
0.009033423667570005
0.03877267237091845
0.008739076154806487
0.014260629497680751
0.008333079585477505
0.8370228271571112
0.013184738588958926
0.008647726926707467
0.008698476497873586
0.008373679242410396
0.008454878556276198
0.008596977355541349
0.00831277975701105
0.013261411849988277
0.009224711994257659
0.009018612881905214
0.38966235279903905
0.008649055852859461
0.009139429602939413
0.009047040345677972
0.4894640712392242
0.010638978316952026
0.008492704802109327
0.008890689294927845
0.008300819421643258
0.009032826613791588
0.008464277338336578
0.008713017646348142
0.020356234096692117
0.013794779426480235
0.017983246133173217
0.7135832118249129
0.013251565314349402
0.015967635875003567
0.013122909340423684
0.09533407667896042
0.01593904565857563
0.013966320725047863
0.013280155530777337
0.01338022128827512
0.013709008777196427
0.013222975097921464
0.01310861423220972
0.011588567725457648
0.01004469603834898
0.011579037653315001
0.1486310051367088
0.009882684811924003
0.012026951044019364
0.009634902936215203
0.7154892262534429
0.014218867636827991
0.009577722503359327
0.009206049689796124
0.009625372864072558
0.009272760194794652
0.00918698954551084
0.010035165966206343
0.007736493066531288
0.004473308619979505
0.0040582264496744815
0.5365703356737583
0.004198715799623872
0.005210877707213809
0.0041284711246491745
0.40362590240460294
0.005258771803787467
0.0039752100156134765
0.004115699365562869
0.004214680498481758
0.0043902921859185
0.00414762876327864
0.0038953865213240484
0.27690961011379445
0.01650236055505334
0.023433351988175703
0.4552068535020884
0.015756166860390063
0.02347640162440626
0.015469169285519575
0.06098698465997962
0.015038672923213836
0.016401911403848654
0.01633016201013104
0.016143613586465228
0.016660209221232108
0.01608621407149112
0.015598318194211282
0.024879614767255278
0.01794834379104047
0.019456199231480176
0.06352449049078263
0.017316017316017358
0.026192908215380194
0.01777810204776502
0.6680772411109485
0.039423123692786645
0.017802422296804357
0.017267376817938655
0.017072814825623846
0.017996984289119167
0.017534899557371506
0.01772946154968632
0.01640449438202245
0.01223470661672907
0.018077403245942546
0.07342072409488137
0.011548064918851433
0.011622971285892625
0.011735330836454411
0.7604244694132326
0.01455680399500623
0.011161048689138559
0.01147315855181022
0.011560549313358296
0.01182272159800248
0.012571785268414461
0.011385767790262173
0.005876800341037103
0.005441804016756042
0.007116539865238119
0.14933423812568786
0.0053200050459573465
0.007651585344103822
0.005276505413529242
0.7743848064483856
0.006359646260989076
0.0051851561854302205
0.005293905266500483
0.005694101884839058
0.005676702031867814
0.005624502472954088
0.005763701296724023
0.017941454202077437
0.011755843439326908
0.6814781806028603
0.054980849009559574
0.0112677849571888
0.013347338489777299
0.011936212878377955
0.11543644099266848
0.01277440027161516
0.011151075320155766
0.011225345089176783
0.011448154396239847
0.011777063373332924
0.012381831492504066
0.011098025485140741
0.24643005766601261
0.02367873491468992
0.020224719101123546
0.3376434219130843
0.017781344747636835
0.05687533440342414
0.01743653766125672
0.13796444920040438
0.0353248915046667
0.018518518518518472
0.019083288746210045
0.01738897806313533
0.020813269127875827
0.014898044111527219
0.015938410320432757
0.08192376857448064
0.020822347516867495
0.02428372476642468
0.360388864100381
0.025608783244770835
0.0982977054854719
0.024364850795711213
0.19467542827783002
0.027704539001338613
0.026852715693830423
0.02314796035641375
0.022620641166051517
0.025554699225246467
0.01991644018983497
0.023837531605348967
0.01580027422724053
0.012597889002383395
0.012919967976147754
0.7334658458253961
0.012892361206967958
0.012211394233866156
0.012570282233203597
0.09603474772014099
0.01349971012892362
0.01302119279647371
0.013472103359743819
0.013334069513844807
0.012174585208293086
0.012735922848282413
0.013269653719091928
0.01492012535351223
0.013177405793778223
0.020698616525261795
0.7717343117022086
0.01253535121913939
0.01543988381869606
0.01229075900022935
0.047573186578002004
0.01588320721547048
0.012321333027593088
0.012306046013911224
0.012688221355958155
0.013253840862187618
0.012550638232821258
0.01262707330123065
0.01574736125297926
0.012512768130745698
0.017690954488707326
0.5563783906480538
0.013193735103847502
0.08997276132107572
0.013406537282941803
0.18718079673135848
0.016300646918624498
0.012626262626262654
0.012200658268074033
0.01272557030984
0.013264669163545604
0.013151174668028624
0.013647713085915366
0.034726669383477994
0.016407599309153753
0.03379519124410558
0.15438279870369295
0.01778541072364212
0.024383380877530097
0.016873338378839964
0.5806601851312796
0.02672177912324627
0.01566047621819879
0.016077700801459354
0.015359686402359785
0.017581649880654405
0.013778114144883698
0.01580601967747573
0.01650946350506688
0.016922826400110284
0.01816291508524049
0.1625518269387348
0.01480590733155466
0.026480277579447185
0.014668119699873522
0.6145704157428631
0.027244372627860718
0.014192126063156875
0.014354965991507306
0.014780855034885371
0.014893590369897212
0.0157954730499919
0.014066864579810393
0.015108851162324492
0.010898785277527199
0.012074323154451116
0.834704794189745
0.010506939318552561
0.0116642518020358
0.010689193252959365
0.017860885571867314
0.011928520006925672
0.010297347293984734
0.011126602695535705
0.011081039211934006
0.011445547080747638
0.009905501335010091
0.010707418646400055
0.02258047006459324
0.015885939676853256
0.01632017948578774
0.7134198194286129
0.017315312381262604
0.016265899509670927
0.016591579366371793
0.03247751904322502
0.047368325824603305
0.01708009915142309
0.01688107257232812
0.016555392715627254
0.01803904539615341
0.016609672691744067
0.016609672691744067
0.16860999222669776
0.024415235672390682
0.15940569571055058
0.24364002543989788
0.02293124160836693
0.0461628153487387
0.030828210020493293
0.05602077591689637
0.031534873860504596
0.025987562716415866
0.023849904600381628
0.02754222316444072
0.022542576496360732
0.09121263514945938
0.02531623206840509
0.016058279331772285
0.009426827128448086
0.00835587179999154
0.8295849896837351
0.008107797401874468
0.016796451931047427
0.008652350958716797
0.04133161496433174
0.008852020596225632
0.008960931307594103
0.008628148578412684
0.008773362860237303
0.008749160479933198
0.008374023585219603
0.009348169392459745
0.008032912527294564
0.007562940147209824
0.010831055774876025
0.14204734429453528
0.0072231139646870115
0.009218688993969916
0.007194192587451027
0.7558095816522776
0.008734255925267179
0.007447254638265887
0.007092967767125083
0.00757017049151882
0.007201422931760025
0.0068832877821641955
0.007150810521597047
0.0131028522039758
0.011627772976087575
0.010798040910400455
0.8237856525496967
0.01044079515989627
0.014220685681359839
0.010901757418611347
0.029478536444828583
0.011800633823105715
0.010671276289253816
0.011016997983290125
0.010544511668107166
0.011109190435033127
0.009933736675309703
0.01056755978104292
0.04138499075325956
0.021531695339332007
0.02135297682875653
0.6583368299998446
0.01709481405504526
0.01462383638708872
0.017832999207422214
0.07433135965934691
0.026178376614294303
0.017413399226071102
0.019441465802601476
0.019713428753477192
0.018516791769624022
0.015665065970441473
0.0165819696333939
0.3487658499165198
0.012431749469789288
0.013796760074003897
0.10912188078155326
0.013108614232209758
0.013887008708993287
0.013255268264067518
0.3425838184197464
0.054837326835431605
0.012285095437931517
0.01372907359776186
0.012194846802942128
0.013401922295925298
0.013356797978430587
0.013243987184693844
0.435524247540316
0.012691389648949208
0.014185635830859132
0.14862898061361113
0.01217713609283735
0.05139624691933025
0.012565251984242526
0.22151714501950287
0.01783392521006777
0.012264462168403517
0.012652578059808692
0.012390599833110198
0.011779317304147047
0.012390599833110201
0.012002483941705023
0.6052321451633734
0.011776766111326355
0.015869172155495277
0.1735357742477077
0.011308601317318865
0.021349928968100198
0.010727431228206127
0.056058698179000374
0.022649489861810652
0.01251130052951053
0.011494252873563229
0.012051207542296273
0.012180356450987992
0.012051207542296265
0.011203667829006843
0.6021354355442793
0.007241452216986857
0.007890842092545626
0.22810952035761736
0.006992267729853841
0.017322097378277158
0.007097982360758755
0.06942430832427207
0.010571463090491734
0.007211248036728305
0.007218799081792948
0.007203696991663673
0.0068790020538842854
0.007211248036728309
0.007490636704119874
0.022620239552045045
0.021266733414914488
0.1607334890792449
0.13103051878221514
0.020951533355582704
0.04043831349427066
0.020265509697037075
0.4360700114955316
0.023899580969332833
0.020061556717469457
0.02137798049467865
0.019690733118255616
0.01902325063967068
0.022026921793302883
0.02054362739644746
0.022860220710733736
0.012952037378026663
0.5950797289341503
0.16008417571680897
0.0126514098179951
0.01866396101862644
0.012238046922951695
0.07287713101098559
0.016534515801736174
0.012425939147971425
0.01215036388460915
0.012551200631317901
0.013440557163077956
0.012438465296306071
0.013052246564703844
0.02883323326757584
0.017268490722474765
0.38556765874717686
0.29595162535380387
0.015681733710724184
0.02277210738485292
0.016024816307859433
0.09118849529690944
0.02052777539525976
0.01609629184892929
0.016768161934985846
0.0163678989049947
0.018312033622094537
0.021185350373102322
0.017454327129256382
0.015687488097505253
0.009625150764933667
0.5376198184472799
0.23462197676633015
0.00909350599885737
0.012442074525487219
0.009204595949977785
0.1006713007046277
0.01895670665904908
0.008506316257220849
0.008728496159461707
0.008498381260712251
0.008641211197867081
0.008958611058211146
0.008744366152478904
0.6037794961621168
0.015095199441762413
0.02866663818515825
0.06364193047663798
0.014995514162430024
0.05672092394013181
0.015465459050711308
0.07801085145469296
0.027100155224220657
0.015835718659660204
0.016561997123367634
0.01567907036356643
0.016448071089844894
0.016405348827273875
0.015593625838424378
0.6039902728224787
0.008653282922413333
0.011369082485755357
0.035536148534710765
0.00826277579565827
0.019773860872960927
0.0078101425351012645
0.24612599179935044
0.009807053978735103
0.008218399985799742
0.008049771908337328
0.008147398690026088
0.008147398690026094
0.007996520936507098
0.00811189804213926
0.5508932418547615
0.021030128268867444
0.033906731629710654
0.06562593218653678
0.019886646117132315
0.06585794305790332
0.019654635245765776
0.07934771800735806
0.02020151801398692
0.02020151801398692
0.02064896755162242
0.020731828577110464
0.02121242252494115
0.020168373603791697
0.020632395346524782
0.05350454788657026
0.046625391729725414
0.04945348926087275
0.1804631965145611
0.04738974241381929
0.04654895666131604
0.0478483528242756
0.19315141787051915
0.048077658029503784
0.04700756707177238
0.04670182679813482
0.04708400214018174
0.04723687227700055
0.051058625697469856
0.04784835282427561
0.010269771481300517
0.010313195462193968
0.012245562611952423
0.7174075883406587
0.010497747380991138
0.01167019486511424
0.010790859252021908
0.1405742821473159
0.01362427400531942
0.011073115127829321
0.010237203495630445
0.01042175541442759
0.010964555175595709
0.00959669977745207
0.010313195462193973
0.02853413160556601
0.01349818201700428
0.01575357445528855
0.7034500669783205
0.012883074988381312
0.017544219360835438
0.01210393941879219
0.07932830312474373
0.04491648213455806
0.010723365865660625
0.01289674403346183
0.01174170972415867
0.012131277508953223
0.012418327455643944
0.012076601328631184
0.04601524214135322
0.015251458065477879
0.03862708927273747
0.40861236886727387
0.01539120875025624
0.026347662436879287
0.01497195669592116
0.044766802690666574
0.022770044906553415
0.01308998080757265
0.01420798628579949
0.01521419121620364
0.29383978981496994
0.0152887249147521
0.015605493133583045
0.5957617081212586
0.018022343865040445
0.017622203015461396
0.10728576458913551
0.017526169211562425
0.029978552450462482
0.017350107237747645
0.060277217580588204
0.030122603156310948
0.01746214667562978
0.017286084701814995
0.01787829315919199
0.017990332597074127
0.016565831172572702
0.018870642466148033
0.47184896430482326
0.01716731636474817
0.026951005121149577
0.18385691355193776
0.017045020255293135
0.02141710616831004
0.016861576091110612
0.1278911564625851
0.017503630665749483
0.01661698387220059
0.016983872200565645
0.01612779943438052
0.017152029351066307
0.015699763051287962
0.016876863104792503
0.7073374776374897
0.007059474625789909
0.007670823841332335
0.13329987000785104
0.007046604115989017
0.013970938388869548
0.006975816312084102
0.06406296253394586
0.009144497213534605
0.007394107880613132
0.007304014312006881
0.0071431329394957156
0.0073554963512104535
0.007110956664993482
0.007123827174794376
0.03558919406297685
0.008825773338881958
0.01394090719933418
0.2851383687057844
0.009224580385629079
0.011071230406436398
0.009016507143847972
0.5611561936468303
0.010811138854210017
0.009042516299070609
0.008929809959772514
0.009241919822444171
0.008947149396587606
0.010412331807462902
0.008652378970731034
0.011508577882499522
0.007263451015520007
0.006757151480926118
0.3266995112262185
0.007419235487702744
0.014630758345828493
0.007678876274673962
0.5659779694792252
0.007665894235325407
0.007140121641708679
0.0073283612122628135
0.007782732589462454
0.007717822392719652
0.007029774307245902
0.007399762428679896
0.7277301285226427
0.010966570209511898
0.014268707039634336
0.05067042067485245
0.010141036001981286
0.013278065990597606
0.010375661513595251
0.08230141557392007
0.014355605377269137
0.011183816053598897
0.010479939518757008
0.01082753286929622
0.010879671871877092
0.011722585746934666
0.01081884303553273
