0.05574427314693851
0.06279940771709787
0.05574427314693851
0.05635397613448315
0.0634091107046425
0.05565717272014641
0.05548297186656223
0.05670237784165151
0.13091194146851298
0.05635397613448315
0.05835728595070125
0.055831373573730594
0.06732862991028657
0.054960369305809685
0.11436286037801563
0.01955888472742408
0.034840708373791975
0.018148610533129904
0.5430942802977761
0.1578582327645997
0.017871179544088435
0.017778702547741276
0.018795949507560018
0.047394460627918814
0.018957784251167537
0.018264206778563857
0.018842188005733604
0.019258334489295807
0.018680353262126068
0.03065612428908307
0.018748240999328914
0.030114091489684185
0.018856487194475156
0.6210733692710703
0.0622415622090884
0.018899785672533646
0.018964733389621395
0.01822865926262694
0.05479422398302704
0.019224524257972376
0.01896473338962139
0.018791539477387396
0.018055465350392957
0.01840185317486094
0.04464073087830967
0.017218409873564152
0.016690546213206717
0.01691677349621705
0.017394364427016626
0.7034663047030139
0.016992182590553826
0.016816228037101328
0.016967046225774888
0.06269009375864065
0.018022773546489776
0.017042455320111678
0.017067591684890596
0.01779654626347944
0.017520046250911248
0.027398637609029036
0.005877987928505903
0.006047432908552294
0.005796186903655916
0.00584293034642733
0.025767322827744583
0.005854616207120192
0.006000689465780875
0.0057494434608844945
0.8833926390763498
0.005755286391230924
0.00586045913746662
0.006187663236866545
0.005562469689798825
0.006006532396127297
0.020298340023488574
0.004573170731707303
0.005555174933771792
0.004561752078194925
0.0049385676441033935
0.011156024481593115
0.004812962455467238
0.004795834475198674
0.004544624097926363
0.03729332237142594
0.0045902987119758685
0.00498424225815291
0.004778706494930107
0.00471590390061203
0.004561752078194929
0.8941376632867452
0.011911534632342522
0.014886455222111645
0.011461148248234049
0.010987057317593547
0.032060399184563604
0.01120039823638177
0.01146114824823405
0.012018205091736636
0.12717489214431324
0.01161522780069221
0.0113189209690419
0.012350068743184985
0.011769307353150371
0.011603375527426199
0.6981818612809938
0.0014365604638038056
0.0017146044245400257
0.0012991935070115058
0.0013140887191938047
0.0025404611888696334
0.00134553416713421
0.0013968398979843466
0.0013306389549519113
0.005162018532954
0.0013306389549519123
0.0013902198036811028
0.0013471891907100202
0.001343879143558399
0.0013802896622262361
0.9756678433884294
0.037453183520599204
0.07261975162625661
0.035284841316775055
0.1285629804849203
0.07601025034496349
0.035442538931598606
0.035679085353833975
0.033904987187068775
0.07640449438202256
0.03627045140942238
0.0378080031539523
0.035797358564951684
0.03698009067612847
0.03441750443524541
0.28736447861226116
0.013362329346381529
0.03156940920623416
0.014268454754137957
0.013241512625347332
0.6990576295759338
0.014014739639966153
0.014099311344690094
0.014292618098344787
0.08254198381055927
0.013471064395312286
0.013507309411622545
0.014147638033103776
0.013893922918931954
0.013471064395312293
0.03506101244412227
0.011903909921515339
0.03032037978005205
0.011844271094253232
0.011963548748777439
0.7524511558004722
0.011319449414346754
0.011736921205181458
0.011486438130680635
0.05518977074834806
0.011438727068870955
0.011677282377919358
0.011629571316109678
0.011880054390610502
0.01195162098332501
0.03320689901953772
0.014309558703794162
0.07977120990066734
0.014279026217228446
0.016925175052922962
0.5090885035010585
0.013943168865005677
0.01282364435759647
0.013810861423220973
0.22471910112359547
0.013444471584432497
0.01340376160234488
0.014085653802312314
0.013057726754600218
0.013444471584432491
0.03289366552678716
0.008390485918575828
0.00987402110997619
0.008426966292134852
0.008755289654166078
0.8129286443893189
0.00860936815992998
0.008597208035410303
0.008597208035410298
0.06668612286589815
0.008451286541174201
0.00867016878252835
0.008512087163772577
0.008585047910890629
0.008658008658008679
0.016258086482805603
0.01406980212787109
0.018511153094030675
0.013904080076894976
0.013539491564747553
0.639024228563853
0.013556063769845172
0.013241191872990573
0.013489774949454728
0.1505087666964966
0.014102946538066308
0.013953796692187817
0.013406913923966675
0.014600112690994612
0.012661164694574217
0.0414305127440257
0.010535300262427017
0.012662742999821603
0.010522561084358794
0.010280516701062403
0.7147825422303756
0.010369690947540023
0.010764605467655187
0.010051211495834251
0.1317103620474406
0.010828301357996345
0.01087925807026927
0.010815562179928117
0.010255038344925946
0.010114907386175405
0.02542739942418912
0.005496542291419015
0.007394766780432323
0.005515716276156522
0.005279237131060588
0.8265265687515184
0.005662716825810747
0.005362324398256452
0.005285628459306428
0.09184977822090984
0.005330367757027278
0.005566846902123209
0.005285628459306425
0.005528498932648194
0.005387889711239804
0.01452748910278534
0.00837315424684662
0.009427870334495684
0.008136381247578471
0.007888845839252671
0.03964871496835849
0.007813508975849169
0.008007232338886752
0.008233242929097263
0.8466249085195225
0.00826553015627019
0.008104094020405548
0.008373154246846629
0.008383916655904268
0.008082569202290255
0.014636876318395114
0.0014127523770320976
0.0017718692882201126
0.001382261318535002
0.0014483252786120426
0.0023935480920220073
0.0013771794754521532
0.0014279979062806457
0.0013399126261779246
0.005840731649888117
0.0013704036846750203
0.0013941189523949836
0.0013399126261779248
0.001324667096929377
0.001400894743172116
0.9747754248844307
0.015585780931730103
0.1876733031079573
0.01671594717129905
0.015375517445298671
0.5178132597411127
0.01629542019843618
0.016150864051514568
0.01696563506143637
0.06156777712070436
0.01642683487745583
0.01553321506012225
0.016045732308298862
0.018976279650436967
0.015204678362573132
0.05366975491162364
0.01155098183345581
0.015132952967668877
0.011527646516620554
0.011387634615608965
0.38294421692510544
0.011889343927567131
0.011270958031432632
0.011936014561237674
0.17147957576394038
0.011854340952314236
0.01125929037301501
0.012146032412755038
0.011340963981938422
0.011410969932444226
0.302869077204896
0.015353478958754963
0.19664859918890207
0.015012290537449307
0.01573343879157264
0.039570102589154874
0.015997084389854293
0.014275633718721151
0.014004233838137111
0.5580834515861385
0.016307255681950333
0.015376741805662177
0.014678856398446034
0.013352874124735379
0.01534572467645256
0.0402602337140686
0.011451823549093907
0.029153039968051492
0.01158134464484237
0.011851180260985025
0.650433355999525
0.012002288206024912
0.011602931494133795
0.011797213137756496
0.1147448974084989
0.011063260261848498
0.011408649850511085
0.01193752765815067
0.011300715604054016
0.011570551220196673
0.07810122073632753
0.0201938298776014
0.02409359434727204
0.019318635211140665
0.018803814819104935
0.03292276407068476
0.019910678661981752
0.01808306627025492
0.018829555838706723
0.27203109515167934
0.019228541642534413
0.019473081328751383
0.018353346976073676
0.017658339446825447
0.01931863521114066
0.4617810211462478
0.02118115068029366
0.05582005543917564
0.021646670475464945
0.02029243107133028
0.4021033030745465
0.021329270615120896
0.02050403097822634
0.021138830698914462
0.04403394062506609
0.02147739054994812
0.022641190037876333
0.019213271546160482
0.02581518864131697
0.021265790643052066
0.2615374849235062
0.006705903335116801
0.006456215444979475
0.006444325545449124
0.006349206349206334
0.011604541941620562
0.006509719992866043
0.006432435645918775
0.006349206349206332
0.14221508828250415
0.006206527554842144
0.006200582605076971
0.00638487604779738
0.0063848760477973774
0.006682123536056103
0.7690743713215619
0.006535127180409985
0.007957929682868507
0.006716464754252737
0.006960573026733363
0.050823342330466745
0.007072165379867372
0.006988471115016872
0.006779235452890614
0.8550206097127199
0.0071558596447178725
0.007072165379867373
0.006883853283953745
0.006549076224551738
0.006367738650708983
0.011117388180974911
0.013791172249641206
0.018166544156253264
0.014421225804193338
0.014036193076411472
0.6777101053589554
0.014106199026917267
0.014666246630963617
0.014491231754699132
0.10560397633798872
0.014508733242325572
0.014053694564037938
0.01461374216808427
0.014596240680457817
0.014088697539290818
0.0411459974097798
0.005799348876857929
0.7612064822120052
0.006171160141832404
0.00627091438365482
0.0352087130795948
0.006107680169763592
0.006211968695305212
0.006007925927941169
0.04269481549999546
0.005608908960651491
0.0060895430348867794
0.005980720225625963
0.0062981200859700244
0.006143954439517192
0.09419974426639824
0.010823790835618158
0.019757002311703683
0.011648119276741399
0.010098023403759655
0.05463863949966847
0.010277225238786443
0.011298675698439157
0.011388276615952545
0.7878160672365275
0.011495797716968613
0.010778990376861463
0.010608748633586018
0.010268265147035105
0.011092593588158348
0.018009784420192475
0.04841509089248185
0.0640814835114642
0.049968027770165235
0.22983465789714064
0.058920252123869456
0.04937425778752156
0.050379099296610774
0.05106421850735347
0.040330684205718365
0.05147529003379912
0.04878048780487792
0.051612313875947634
0.0982460948204987
0.049100210103224524
0.058417831369324894
0.0168165861049756
0.5966260123563493
0.015354738201180133
0.01774491287599899
0.10022728000256086
0.015493453695700874
0.015312056510558366
0.0167632339916984
0.036044687730080946
0.016048315673783814
0.01596295229254029
0.01697664244480721
0.018417149503291794
0.015248033974625718
0.08696394464184716
0.01910269067431396
0.4987071599830756
0.018162443389277992
0.021414131916694043
0.09599141240812996
0.018468023756914687
0.018898970429222832
0.01637597354770967
0.03942770281917467
0.019745192985755194
0.01905567831006216
0.01778634447526362
0.022456239324275543
0.018232961935655694
0.15617507404447373
0.01918682155779852
0.04773693899574683
0.01959944137624582
0.021630800482447796
0.6722846441947565
0.018472671872024383
0.01761569224909543
0.018377451913921154
0.04443598044816864
0.017631562242112625
0.018234621976766358
0.018044182060559903
0.020742080873484434
0.01823462197676636
0.027772487780105378
0.011686159563972145
0.0266578541528971
0.011839420673007849
0.014310756056208511
0.04242459074494477
0.011398794984530199
0.011389216165215486
0.011705317202601609
0.32801708861365725
0.011006063392626223
0.012088469975190856
0.011647844286713218
0.012586568579556891
0.011331743249327082
0.4719101123595504
0.031696490497988596
0.03564988209182966
0.03232071022333194
0.0314884172562075
0.38899292550977965
0.03263282008600358
0.032286031349701746
0.031037591899015084
0.07466361492578723
0.03266749895963375
0.031072270772645277
0.03329171868497709
0.03682896379525596
0.030309335552781203
0.14506172839506162
0.019727053511877247
0.04148068339233493
0.019419219126776462
0.021804935611307783
0.04222461648966186
0.020317069416653826
0.020804473859730128
0.01935508696321378
0.0673131188753784
0.019880970704427674
0.01990662356985276
0.01972705351187726
0.3018059617259248
0.01829049304807346
0.3479426401929093
0.004735518957467554
0.005833461597660463
0.00469447437278744
0.00475091067672259
0.007649684469755269
0.004868913857677908
0.0047714329690626495
0.004843260992252842
0.9240469960494588
0.004832999846082813
0.004945872453953106
0.00459699348417218
0.004817608126827771
0.004673952080447389
0.00993792006567133
0.012484394506866427
0.026927547462223946
0.012269146325713551
0.013905032502475368
0.4628696887511301
0.012559731370269929
0.012366008007232353
0.012882603641999245
0.14297860433079337
0.011870937190580765
0.012366008007232346
0.012043135735503037
0.01516423436221966
0.012559731370269939
0.2267531964354901
0.02153558052434454
0.12131217557001119
0.019991458045863702
0.02211051974505552
0.10072935146855903
0.020106445890005906
0.021601287863854384
0.020599250936329586
0.49722386490571013
0.019827189697089156
0.02089493396412379
0.01995860437610883
0.021716275707996568
0.020517116761942303
0.05187594454300547
0.008771535580524337
0.021101123595505557
0.008531835205992506
0.008741573033707857
0.048531835205992455
0.008928838951310853
0.00931086142322096
0.008756554307116096
0.06366292134831457
0.008651685393258416
0.007715355805243449
0.008666666666666658
0.74323595505618
0.008239700374531835
0.0371535580524344
0.013809627245380882
0.1150253746963924
0.01377671583631181
0.014612665626666129
0.025519506592155242
0.015047096226377827
0.015099754480888338
0.015343298907999445
0.18458692890477416
0.013526589127386886
0.014638994753921395
0.013789880399939433
0.014369121199555027
0.014237475563278767
0.5166169704389724
0.02283290465231716
0.06608456297098506
0.022810342493569814
0.02400613690717932
0.593565272325256
0.022223726366138757
0.022787780334822486
0.02073462388881373
0.04868913857677898
0.023081088398538004
0.022674969541085718
0.023193899192274752
0.025066558368304712
0.022990839763548595
0.03925815622038709
0.014294301435375094
0.06511041092813874
0.01320439397842643
0.012986412487036707
0.22400570715177456
0.013428980969555238
0.012325862513128425
0.012154119519912281
0.47016626042843246
0.01342898096955525
0.01273540349695155
0.01254384400451816
0.012728797997212476
0.013032650985210288
0.09785387313477202
0.020801919678324166
0.0316649642492339
0.02026687419945848
0.02070463868216676
0.16124325113089155
0.02029930119817761
0.02025066070009891
0.02018580670266062
0.45657214196540047
0.020931627673200705
0.01991017721354798
0.02028308769881804
0.01943998573212056
0.02033172819689673
0.1271138349790035
0.0096245971605261
0.019858897308596756
0.010669802282031198
0.011061754202595609
0.23880759515721625
0.010488343059547673
0.009791539645210942
0.010466567952849651
0.5996283715123543
0.009653630636123465
0.00969718084951951
0.010103649507882603
0.010103649507882603
0.009740731062915555
0.03030369015474836
0.008817861168684807
0.010408712410457842
0.009854187120468377
0.009881458856041641
0.038134976909930604
0.009181484309661496
0.009272390094905667
0.009199665466710336
0.8271153776226312
0.00989964001309047
0.008699683647867381
0.009017853896221992
0.009272390094905675
0.008972401003599906
0.022271917384822426
0.008342240412940904
0.008585555758318342
0.00804678606498258
0.008681143929716638
0.11740834397837967
0.008194513238961742
0.008064165732509544
0.008090235233799979
0.7573798413236354
0.008359620080467858
0.0082553420753061
0.00795988772734778
0.009463228968429837
0.008081545400036501
0.02508755007516703
0.009436733494896063
0.053337739590218015
0.009172358081809481
0.008856576338400505
0.38833810677829134
0.009098920467063206
0.008988764044943797
0.008841888815451253
0.4348388044356313
0.00912095175148709
0.008871263861349761
0.009436733494896063
0.008423294411397496
0.008878607622824388
0.02435925681133871
0.010746916672630573
0.5295033278465616
0.010621675135380166
0.011140532932560442
0.1657482287268304
0.01019823946181925
0.010526253011760802
0.011838307211527012
0.05480808225387058
0.012035115341491952
0.010776736086261623
0.0107051694935471
0.013031083756769027
0.011194207877096338
0.1271261241918939
0.01775440274125426
0.028384731851143492
0.016877838871623214
0.01804127818949713
0.21552314925492067
0.017834090365766154
0.01735596461869469
0.016782213722208908
0.4339469280420751
0.017595027492230426
0.017116901745158952
0.01781815284086378
0.016511275798868404
0.017865965415570926
0.1305920790501235
0.03055914619999336
0.10879100239744566
0.02855943345154839
0.04410416183310686
0.1954746831946792
0.03390673162971064
0.03105631235292167
0.03169710428336259
0.14047705854407655
0.030194557687845944
0.031741296830289555
0.029564813894136725
0.039994254968899495
0.03022770209804116
0.193651740633942
0.021722846441947538
0.03254802464661107
0.021626193065120182
0.021722846441947538
0.2722000724900326
0.021360396278844947
0.022036969916636437
0.022133623293463783
0.33746526519270287
0.022278603358704813
0.02355926060166725
0.02160202972091335
0.022737706898634743
0.021626193065120182
0.11537996858765252
0.014999323135237578
0.135011957944136
0.014791751274761965
0.020486440142592825
0.3872839673299942
0.013627543883398761
0.014710527503271512
0.013808041153377571
0.2672352330670998
0.014394657280808642
0.014304408645819233
0.013808041153377568
0.015071522043229101
0.015459591173683498
0.04500699426921165
0.062359550561797865
0.07668539325842699
0.06217228464419488
0.07500000000000007
0.07565543071161057
0.06292134831460681
0.06189138576779034
0.06254681647940083
0.07116104868913856
0.06104868913857685
0.06179775280898886
0.06114232209737837
0.06357677902621733
0.06104868913857685
0.08099250936329593
0.016332043961441597
0.019545240580421945
0.016577638607478296
0.015963651992386522
0.6498229671926485
0.01670043593049667
0.016475307504963007
0.01688463191502421
0.12328851231043167
0.015799922228362046
0.01608644931540488
0.017109760340557858
0.01627064529993241
0.016598104827981356
0.02654468799246839
0.02045520023048111
0.027746382111118472
0.021674090818429595
0.02120869623030379
0.5105378631739903
0.02103140305387494
0.019856835760033647
0.020455200230481124
0.15466613478713742
0.02231677858298426
0.0211865345832502
0.02094275646566051
0.022538395053520347
0.02074330164217801
0.0746404272765552
0.008480703468490473
0.01206318189219997
0.008330890734408078
0.008076860446181408
0.0423644357596483
0.008441621885686371
0.008128969223253546
0.00751669109265592
0.1713922813873962
0.00788145253216089
0.008617489008304835
0.008539325842696626
0.008715192965315094
0.00840905390001629
0.6830418498615862
0.013491347494464035
0.02204816971486372
0.01314962136745128
0.013149621367451273
0.5544438065556742
0.0135596927198666
0.012835233330599534
0.013231635637934343
0.164424943273463
0.013614368900188648
0.013737390305913252
0.013764728396074266
0.013846742666557318
0.013860411711637835
0.11084228655786105
0.015168539325842665
0.028214731585518064
0.015468164794007477
0.01491885143570535
0.4587515605493132
0.015118601747815217
0.016117353308364533
0.015468164794007474
0.30121098626716614
0.0156429463171036
0.016017478152309594
0.01610486891385766
0.01953807740324592
0.016042446941323337
0.03621722846441947
0.012414809357155991
0.220347516424142
0.01269724320009821
0.011837661938969695
0.177417572296924
0.012304291766439462
0.011813102474366026
0.012169214711119267
0.4474857248111991
0.012070976852704576
0.012292012034137626
0.012697243200098197
0.012353410695646801
0.011923620065082552
0.020175600171916202
0.007772335862223484
0.6351547744806171
0.007586670508018803
0.007272960081948827
0.10856301418099144
0.007663497551137982
0.00799641473798775
0.007433016421780447
0.15843656967252465
0.007356189378661269
0.007561061493645745
0.007945196709241632
0.007823553890969602
0.007791542623003278
0.013643202407247314
0.0038881287689281267
0.004459370436400984
0.004012512035232705
0.0042106039037918385
0.006444895909633245
0.004173749602664559
0.004247458204919117
0.004053973124000893
0.9323078624044672
0.0039388034329781415
0.004081613849846354
0.004182963177946378
0.004270492143123669
0.00425667178020094
0.01147090122586619
0.017463377878243903
0.02732531081709991
0.01901469317199653
0.5656317177492617
0.17543159807636918
0.01784012587815525
0.017618509407619158
0.01781796423110163
0.027857190346386524
0.0177293176428872
0.018216873878066586
0.017817964231101643
0.018438490348602683
0.018305520466281026
0.023491345876825543
0.016100722804980858
0.048108683334024356
0.01636330970051273
0.01771770526694031
0.5888856641375403
0.017358375830949315
0.017040507483726514
0.016888483491576487
0.090509556780961
0.01643241151512638
0.01643241151512638
0.017731525629863052
0.018920076841217864
0.017012866757881048
0.08449769890957336
0.007025077651080855
0.008366165669536445
0.0070389749362462
0.0067054400922779735
0.8412026710582087
0.00716405050273429
0.007108461362072913
0.007247434213726344
0.051510287465343696
0.007455893491206494
0.007205742358230307
0.007351663852466422
0.0073377665673010715
0.007344715209883743
0.019935655569684452
0.015142016685152165
0.09333558373921017
0.015624246515889492
0.012353120830721272
0.11631383517384383
0.014507080741348004
0.013397952130652147
0.014201668515214368
0.07219784282522389
0.014008776582919432
0.014523155069039253
0.014145408368295
0.019393676359486273
0.014603526707495467
0.5562521097555098
0.034801218973177894
0.12029218135715444
0.03661572103193985
0.031172214855654003
0.13124898225044787
0.0345453276571986
0.03666224672575421
0.03261451136390066
0.16581757275455378
0.03221904296647819
0.0344057505757554
0.03875590294740264
0.04745620769069711
0.03724381789843436
0.1861493009514505
0.015394218765005244
0.0919619706136566
0.015835974262940516
0.016508210890233316
0.454816095265533
0.015874387784500104
0.015797560741380928
0.01666186497647168
0.25726495726495724
0.015221357917987094
0.015192547776817406
0.01575914721982134
0.01616248919619702
0.016623451454912095
0.020925765869586044
0.00769009152760234
0.8027569088934686
0.007636903574673676
0.008022516233406466
0.02690423952308136
0.007827493739334716
0.007987057598120696
0.0076280389158522284
0.034815947521219755
0.007326640515923149
0.007964895951067082
0.007508366021762742
0.009139463244908372
0.0077299824922988335
0.04906145424727962
0.01171648646738749
0.015574871033849247
0.011292488163380708
0.01115115539537844
0.7683555932442931
0.01132075471698116
0.01192848561939089
0.01125008833298004
0.06586106988905388
0.011363154547381833
0.011617553529785909
0.011730619744187723
0.01157515369938523
0.011716486467387502
0.023546039149176787
0.0107728242922154
0.012363577785832257
0.010188876807216803
0.010883572953163407
0.07719181668076196
0.010450646369457547
0.01080302847247395
0.01055132697031938
0.4650134912005156
0.010108332326527341
0.010269421287906262
0.010078128146268794
0.009977447545406967
0.010098264266441156
0.3312492448954936
0.029351066269204303
0.05575938240464729
0.032045402430635195
0.02830008407857528
0.3205877856760681
0.030937093938699072
0.0310899640755179
0.03493082626308952
0.046663609263930296
0.028319192845677625
0.029618589008637206
0.028930673392952716
0.03164411832148592
0.029217304899487914
0.24260490713139185
0.006714296205373519
0.011283164951373782
0.005969428970089895
0.005806817108866004
0.14540647719762076
0.0062317061656122965
0.006614630871075005
0.0062107239899705045
0.33617117258888546
0.0066933140297317254
0.006368090307283947
0.006226460621701848
0.006525456624597388
0.006656595222358589
0.4371216651454584
0.019103005665029243
0.04654357931982001
0.019705267912596677
0.022283703159994728
0.03711441100634259
0.02055219919823837
0.020627481979184313
0.02198257203621101
0.06169423898518811
0.020646302674420785
0.020194605988745198
0.020834509626785607
0.018895978017427952
0.02066512336965727
0.6291570210603583
0.015561797752808946
0.016891385767790194
0.015805243445692847
0.01509363295880146
0.5787265917602995
0.017453183520599182
0.01569288389513104
0.016048689138576728
0.0884831460674157
0.016329588014981234
0.01619850187265913
0.016029962546816438
0.015299625468164758
0.015112359550561755
0.14127340823970028
0.004703025327929132
0.00510777053796909
0.004583311955945475
0.0045833119559454735
0.006225095343149829
0.004628917050034482
0.004720127238212511
0.00459471322946773
0.9237596839566973
0.004691624054406873
0.004839840610196154
0.004782834242584895
0.004457897947200698
0.0045377068618564715
0.013784139688403188
0.006000492279854438
0.006146845750094791
0.005940620405665201
0.005747699922166557
0.006705649909194316
0.00558138916052979
0.005894053392406906
0.005674523187046375
0.9141104702603099
0.005820876657286734
0.005914010683803315
0.005820876657286727
0.0056346086042535545
0.006020449571250843
0.00898743355885071
0.010368022339833418
0.013849187256483568
0.01001896244304193
0.010198209417069984
0.1610864253436352
0.010169907263276077
0.009764243058896786
0.010377456391098046
0.48208945367409195
0.009651034443721175
0.010773686544212693
0.009452919367163857
0.010424626647421218
0.009443485315899216
0.23233238049415575
0.010134390834985654
0.011872414383980777
0.010550537318547867
0.01165210153974196
0.21397273016572435
0.010232307654647351
0.010048713617781669
0.010305745269393624
0.17523438838706507
0.010440380896428455
0.010281266064478201
0.010207828449731926
0.010281266064478201
0.010428141293970745
0.4843577880590433
0.011663621165584573
0.017041846480826347
0.01211720643313508
0.011378510425981387
0.8033643067273174
0.011909853167969138
0.011819136114459035
0.01133963168876278
0.03229527104959634
0.011495146637637241
0.011935772326114877
0.011611782849293095
0.011585863691147332
0.01154698495392873
0.018895066288246998
0.03841971728887295
0.07406064999395927
0.03751359188111652
0.03805726712577038
0.08112842817445952
0.03848012564939002
0.03721155007853101
0.038057267125770386
0.3487978736257105
0.03835930892835585
0.039205025975595185
0.037453183520599384
0.0377552253231849
0.03787604204421907
0.07762474326446797
0.0066089420417637
0.009495173286912486
0.006194470191938154
0.006179398488308134
0.01370771445150302
0.006345187228238356
0.006676764708098783
0.006390402339128412
0.8831566176082718
0.006337651376423343
0.006706908115358828
0.006405474042758431
0.006413009894573436
0.00639793819094342
0.022984348035780238
0.010305441179891564
0.015120850489682912
0.010072812710819518
0.009688975736850644
0.01643520133993996
0.01027054690953076
0.010212389792262758
0.010433386837881186
0.8337171703073026
0.010317072603345167
0.01002628701700511
0.010631121036592426
0.009677344313397042
0.010712541000767642
0.022378858724730725
0.007111437805546784
0.009724993291096386
0.007070601001085072
0.007420630753614039
0.010127527506504697
0.006872250807985326
0.0074614675580757465
0.007105603976337967
0.8770812185702449
0.007093936317920338
0.0077356575308901035
0.007420630753614038
0.006988927392161652
0.007502304362537464
0.023282812372384956
0.01260249013058001
0.014462496204069227
0.012931470796639331
0.011387792286668683
0.1324779836015792
0.012172284644194741
0.012222897054357721
0.012235550156898468
0.14347352970948477
0.012577183925498524
0.012045753618787318
0.0120710598238688
0.01147636400445388
0.012463306002631845
0.5753998380402876
0.014518253282298188
0.031567683253076455
0.013767131744659801
0.015217928139276417
0.05980162159937443
0.012439807383627578
0.012583858089476038
0.014600567971354455
0.2689323784829402
0.013016010207021412
0.012985142198625314
0.013530477013623046
0.013016010207021412
0.012655883442400262
0.4913672469852243
0.02004098650272071
0.32417496996678696
0.01869832520669924
0.018458059501095397
0.3113702211857822
0.020351918592325692
0.02047911808352773
0.019207123171507377
0.07254610981556082
0.0202388523779239
0.019532188537912557
0.019715921136315522
0.021369514521941965
0.01961698819871392
0.0741997032011873
0.0220455200230481
0.06312878133102853
0.023082685105157014
0.02074330164217804
0.31950446557188134
0.021342552578507628
0.02232209737827716
0.023186401613367907
0.22288677614520314
0.021596081820800903
0.02290982425813887
0.021780466724286945
0.030388936905790833
0.02310573321809275
0.14197637568424085
0.007632096569935065
0.03613625953170048
0.007039312370328459
0.006934901516988655
0.04937286126155255
0.00696521434537763
0.007766820251663838
0.00736601729852073
0.12308355562740819
0.007477164335946973
0.007611888017675748
0.0072750788133538104
0.00695847816129119
0.0073660172985207375
0.7110143345997358
0.011846214595972276
0.01980352035993345
0.011846214595972276
0.010900910602960343
0.6704119850187268
0.011726555862679637
0.012073566189228321
0.012085532062557568
0.15597515884696841
0.011391511409460205
0.012612030489045235
0.011032535209582276
0.011582965382728445
0.011235955056179752
0.025475344318005057
0.010360733293908918
0.12125369603784737
0.010155726394638272
0.009950719495367627
0.3524068598462447
0.010936329588014977
0.010218805440567707
0.009540705696826336
0.32108811354228256
0.010155726394638288
0.010124186871673557
0.010384387936132462
0.01072343780800315
0.010281884486497134
0.0924186871673565
0.006869935691997168
0.029692309641133452
0.006405465546871365
0.006743262016053771
0.09011565306613638
0.006380130811682684
0.006152118194984567
0.006443467649654387
0.7468299912595161
0.006869935691997174
0.0068741581478619545
0.006751706927783336
0.009031833094764574
0.006249234679874502
0.05859079757968832
0.007106501488523978
0.007630322237063829
0.007062849759478986
0.007359681516984905
0.008564469238626556
0.00732476013374891
0.0069318945723440255
0.006931894572344023
0.8937866128877356
0.00713269252595096
0.006870782151681039
0.007307299442130908
0.006905703534917025
0.0069493552639620215
0.012135180674506538
0.0031130614628709836
0.007994298971778845
0.0031103824082557756
0.0032389770297857295
0.009215947876313413
0.003236297975170522
0.00314788917286868
0.003182716882866376
0.886638483012115
0.003209507429018449
0.00315860539132951
0.0031639635005599248
0.002992504005186649
0.003145210118253472
0.061452154763627004
0.00842480386814404
0.010293138196192413
0.00850265113181273
0.007862573630536893
0.013900061412841353
0.00814801359732206
0.00820856146906437
0.00816531298924843
0.8609215386079178
0.008269109340806683
0.008208561469064369
0.008355606300438542
0.008770791706671515
0.008589148091444593
0.023380128188494186
0.02528899394488879
0.2601755010847393
0.02163002298999452
0.027717514490172592
0.18802145732819578
0.020637027922589566
0.024511867370397972
0.024695355589374954
0.10441559002255833
0.02304396161858199
0.025094712301266083
0.02443631339787802
0.025699144081425637
0.023389351207244568
0.1812431866506925
0.01461656075972449
0.01963837338158759
0.014812944493540354
0.0133961761281544
0.14654434765531849
0.014925163770006572
0.014055464377393412
0.014812944493540365
0.6372371614134001
0.014756834855307252
0.014602533350166199
0.014602533350166211
0.01381699841490271
0.014869054131773472
0.03731290942501647
0.016906932372270547
0.03114620874849839
0.01673026641226772
0.01627093491626037
0.135502791322168
0.015104939580241724
0.01646526747226348
0.016235601724259797
0.12378983817398068
0.016253268320260084
0.016182601936258964
0.015952936188255287
0.01653593385626462
0.01586460320825387
0.531057875768497
0.006404860374043848
0.007484536837096953
0.006563456916639219
0.006600056118776613
0.009692688699386335
0.005965669948395127
0.0060998670228989025
0.006276763166562971
0.892605741194842
0.006520757847478927
0.006368261171906454
0.006648855054959804
0.0066732545230514
0.006380460905952253
0.019714770218009166
0.026563330490352435
0.37612637668261195
0.027935377807443682
0.024560883054597624
0.10936824019480597
0.02902312703180433
0.02590820879840794
0.027675801287993976
0.05706975191901213
0.02600709509153164
0.028244397473455224
0.025376694972868086
0.03400452404791042
0.029727691870310647
0.152408499276894
0.011252310158153835
0.16763161768313622
0.011047871383478068
0.011391328524933339
0.4785748164139802
0.011178712199270545
0.011865626482181115
0.010647171385113577
0.15866084425036386
0.010802544853867157
0.011342263219011169
0.010778012200906061
0.009878481592332714
0.011849271380207053
0.07309912827306474
0.025255592671323
0.13385717177852008
0.026242534669500935
0.03694705941896948
0.1649584978236662
0.027318048385464117
0.023724567263893097
0.025913554003441638
0.09107703208826803
0.026027431926308325
0.02684988359145662
0.027368660795627074
0.04352667274015585
0.0271029456422715
0.2938303472011336
0.016145621082455264
0.03613358948982173
0.015699287807339313
0.01633967902815785
0.6578758417263404
0.016009780520463455
0.016708389124992767
0.015815722574760868
0.06706642603481415
0.01602918631503371
0.01575750519105009
0.01573809939647983
0.016378490617298368
0.01633967902815785
0.06196270206283613
0.005617977528089884
0.0055706350208306965
0.006212389008121867
0.005602196692336823
0.009168665572528725
0.005949375078904177
0.005560114463661991
0.006075621764928669
0.907676850566007
0.005796826999957912
0.005875731178723225
0.006086142322097377
0.006049320372006899
0.00587573117872322
0.012882422253082539
0.01144809222846442
0.01851445458801498
0.012420997191011236
0.011301790730337078
0.05427054073033708
0.012947682584269662
0.01295499765917603
0.0130281484082397
0.3406849836142322
0.013181764981273408
0.012025983146067416
0.012618504213483145
0.011162804307116105
0.01231127106741573
0.4511279845505618
0.03115927575737427
0.14320856326042153
0.02881014116969171
0.026039935287990586
0.15515369102231677
0.03031713316933712
0.03040577975755158
0.027857190346386517
0.1818584757219157
0.02774638211111849
0.03073820446335567
0.030272809875229907
0.10582186468098313
0.03166899363960729
0.1189415597367197
0.007105742328018806
0.006180515462391359
0.006794866101167986
0.006876286065343202
0.012975381563559386
0.006802267916093003
0.00671344613699277
0.006824473360868063
0.8889209634202305
0.006454382614617086
0.006735651581767825
0.006772660656392924
0.006913295139968298
0.006928098769818336
0.01700196888277006
0.021906579040350597
0.03507408192589463
0.022448354651025935
0.021647468965679782
0.04960780156879383
0.023107907568369845
0.021506136197677533
0.02143546981367639
0.6310743645914301
0.022307021883023692
0.02101147150966961
0.023013685723035
0.023579016795044042
0.021176359739005585
0.041104280027324434
0.01035372451102788
0.011219309196837297
0.010436953807740321
0.01029546400332916
0.49121098626716625
0.009912609238451942
0.009962546816479395
0.010278818143986687
0.22816479400749073
0.010062421972534333
0.010037453183520605
0.009604660840615896
0.010836454431960046
0.010162297128589272
0.15746150645027046
