0.2512383713906004
0.010899394190441669
0.01039023800894043
0.012530419924403246
0.32420304112946446
0.013367507205854435
0.0119435958508086
0.011123768100933736
0.01083035606413641
0.011210065758815304
0.010752688172043003
0.2868879338614746
0.011115138335145582
0.010562833324703555
0.012944648682234754
0.003988347898460256
0.0037020391177694538
0.004111527257594671
0.004004993757802744
0.9441864336246362
0.004600915522263835
0.0038085726175613836
0.003861839367457345
0.003948397836038282
0.004058260507698707
0.003732001664585935
0.00411152725759467
0.004034956304619227
0.00405493133583021
0.0037952559300873895
0.008150466279566664
0.00819445491792978
0.008313852650629672
0.00819445491792978
0.885183369781062
0.007823693537440625
0.00793052308775106
0.008005932182087833
0.008131614005982463
0.007999648090893105
0.008514943568861085
0.008533795842445274
0.008634341301560971
0.008401829927355914
0.00798707990850364
0.004387235028379463
0.004406540793080802
0.0043582763813274535
0.00427622688134676
0.45432256071662985
0.48854685509093004
0.004459631646009488
0.004305185528398769
0.004252094675470084
0.004271400440171424
0.0044161936754314735
0.004898837792964967
0.004348623498976783
0.004363102822502788
0.004387235028379463
0.006029273224420377
0.005808690057673291
0.00593736357160909
0.005716780404862003
0.9166976861744898
0.007058661335906782
0.0057765216791893425
0.005877622297281755
0.005528365616598866
0.005992509363295865
0.0058270719882355495
0.006589922106569223
0.005859240366719499
0.005840858436157242
0.005459433376990403
0.009180869837156852
0.0081384353057684
0.008302246446415156
0.48056976493101267
0.40555915443667556
0.008741558141785994
0.00830969240735364
0.008034191852629552
0.008637314688647153
0.008458611626123424
0.009218099641849295
0.0121667001734909
0.007915056477613727
0.008190557032337824
0.008577747001139247
0.013847675568743832
0.015125751564253892
0.013680970004112083
0.014914591182387022
0.7911623823336543
0.012969692928349963
0.015303570833194433
0.01464786227897623
0.013847675568743839
0.014603407461741094
0.014247768923860022
0.021260516342702214
0.014214427810933671
0.014514497827270828
0.015659209371075487
0.008749063670411995
0.009078651685393263
0.00870911360799002
0.007920099875156069
0.8768339575530589
0.009877652933832718
0.008729088639201013
0.009138576779026224
0.008729088639201004
0.008769038701622977
0.008189762796504378
0.009138576779026221
0.008569288389513114
0.008898876404494398
0.008669163545568051
0.012079141910308436
0.011598721493421168
0.011481067513775303
0.012147773398435186
0.5281291056336651
0.01605976822166009
0.011657548483244094
0.010873188618938361
0.011147714571445373
0.010990842598584216
0.31455771908151475
0.01461850697099828
0.011785006961193773
0.011569307998509703
0.01130458654430652
0.010908115518731562
0.010431258009715972
0.011126675210363712
0.010808770204353316
0.2424125016143615
0.010341847226775556
0.011673074439444065
0.010172960192332539
0.010093483940829946
0.011424711153498444
0.010540537855532058
0.6170238130718568
0.011325365839120196
0.010202763786646005
0.011514121936438877
0.016018989002600292
0.015327178606359914
0.016293327608005954
0.46515899711348085
0.32575920227104677
0.014873923519167956
0.015482239557241387
0.015446456260884131
0.015064767766406672
0.016460316324339853
0.015601517211765593
0.020551539874519954
0.016352966435268054
0.01580428922445673
0.015804289224456727
0.00857660800711439
0.008345732218288774
0.008285875532296932
0.008166162160313298
0.877832503890684
0.013348040976177027
0.008200365980880054
0.008739076154806484
0.008131958339746545
0.00841413985942229
0.008422690814563982
0.008234569801446812
0.008226018846305123
0.008072101653754713
0.009004155764198857
0.01446671390491615
0.01103350541552788
0.01051894591220432
0.010847926578263646
0.8397948510308065
0.012804939771231897
0.010653912339305592
0.01096602220197725
0.011025070013834045
0.011438404696831654
0.01087323278334514
0.011379356884974857
0.011995141208624344
0.01128656746634274
0.010915409791814282
0.03975452371282883
0.04965931140291504
0.05460042416858445
0.046162176797075904
0.1986823699291547
0.034384729930959784
0.0527503271513018
0.044740760795992936
0.04225892333378457
0.043048598889941773
0.147218085826452
0.11215649113307163
0.045440187717160754
0.04155949641261671
0.04758359279815891
0.013304638689388812
0.013146150830392956
0.012862540977453006
0.05565426290633371
0.7709016290883606
0.013463126548384661
0.012378735934202507
0.012612296989564807
0.012729077517245956
0.013171175229181778
0.012378735934202516
0.018659860030196092
0.013279614290599994
0.012470492063094845
0.01298766297139709
0.01161350730941165
0.011855140751480022
0.011930651202126392
0.012995348556240205
0.8113069348797874
0.033534191132052686
0.011152893560468786
0.011696568805122648
0.01143983327292499
0.011772079255769018
0.011530445813700635
0.014868007732270152
0.011772079255769017
0.011409629092666448
0.011122689380210238
0.024776721405934832
0.021854549944437526
0.08273655183767546
0.01997160143227554
0.4991254064287772
0.0184179116763386
0.02487961476725517
0.020342017533028722
0.019899576079351312
0.02003333744906774
0.021093139070667108
0.15961847141622443
0.024056467876692536
0.02212207268387038
0.021072560398403047
0.013936660806644746
0.013579963820734283
0.01362242774762839
0.33859036748282345
0.47726905993358676
0.013928168021265919
0.013121353410277961
0.01355448546459782
0.013919675235887113
0.013715848386795414
0.013690370030658955
0.02075636746583776
0.01389419687975065
0.013596949391491914
0.01282410592201923
0.007456149426476583
0.008049330601940956
0.008035535690883645
0.009746104661990211
0.8846952359274654
0.009283975141570281
0.008001048413240367
0.00833212627861583
0.0076492781812789404
0.007883791669253223
0.008207972079100033
0.007780329836323394
0.007690662914450871
0.008297639000972547
0.008890820176436916
0.0077446954982420615
0.008310181201288309
0.00762995926863848
0.007490636704119837
0.8844442258992448
0.012301362902498772
0.008293790311344933
0.007916799842647437
0.00805612240716608
0.008023340627279342
0.007834845392930598
0.007629959268638474
0.008457699210778631
0.008138076856882932
0.007728304608298691
0.01966719682588543
0.019222547158517605
0.01845296119576554
0.01804251534896445
0.7340310912728941
0.017871496246130665
0.018829203221999897
0.01937646435106799
0.0184871650163323
0.01780308860499715
0.01833324782378191
0.0228139483180271
0.018897610863133404
0.018931814683700154
0.01923964906880097
0.035439571503362834
0.03133180298820033
0.03409045145181436
0.09856630824372771
0.471708751157827
0.02921751037010197
0.033546776207160484
0.034191132052676196
0.03682896379525602
0.03372800128871178
0.03018404413837553
0.03457371833595112
0.031855342112681824
0.03143248358906213
0.03330514276509208
0.005814524846856883
0.005432349504809952
0.005601598584859307
0.006698987781308348
0.9184055644729794
0.008686299559952392
0.005372293379631148
0.005590679289372251
0.005819984494600413
0.005377753027374669
0.0053886723228617345
0.00511023028794182
0.005623437175833418
0.005317696902195873
0.005759928369421606
0.014338420258259276
0.015107049024540239
0.015107049024540227
0.017007658337525874
0.7813041533903506
0.015148974229973746
0.015065123819106718
0.015176924366929412
0.015288724914752097
0.01649058080384596
0.015232824640840754
0.020752976689585804
0.014534071216948982
0.014631896696293816
0.01481357258650569
0.011704119850187236
0.011361560244815903
0.01136156024481591
0.013485429798118172
0.8307641362930481
0.012229377911756614
0.012651868091714598
0.012583356170640332
0.011875399652872915
0.012012423495021437
0.012320727139855641
0.012492006942541307
0.012023842148533815
0.01121311774915499
0.011921074266922413
0.013289839313761074
0.012987797511175594
0.013063307961821962
0.01313881841246834
0.8000332245982849
0.018439652047843456
0.012640449438202299
0.013093512142080516
0.013833514558414932
0.012504530627038832
0.012806572429624309
0.025341307236921642
0.012761266159236484
0.013138818412468339
0.012927389150658502
0.011222134693257023
0.010793703442652387
0.01077988307972965
0.012852937518139203
0.24520087897508183
0.010282350014511353
0.011097751426952438
0.010614038724656882
0.01136033832248433
0.010848984894343302
0.010779883079729656
0.6116478018712773
0.010710781265116005
0.010807523805575111
0.011001008886493342
0.00482582612442412
0.005090981405985888
0.005004805939478312
0.00520367240064963
0.40294322362533563
0.5322196811507744
0.004872228298697424
0.00502469258559544
0.005137383580259189
0.0049716615292830935
0.004998177057439268
0.004958403765205004
0.004998177057439267
0.0049716615292830875
0.004779423950150808
0.22456363507879304
0.020252985654724106
0.020592184297929538
0.01876899159070037
0.43143240760370266
0.021595646950745576
0.019927920288318905
0.019574588368313252
0.02060631757472977
0.02103031587873655
0.01994205356511912
0.1013214613808212
0.020139919440322306
0.02091724966433475
0.019334322662709402
0.04131931859369341
0.04092666425033231
0.040745439168781025
0.08798477709314974
0.3276247432644677
0.045940558173251246
0.04116829769240071
0.03905400507430234
0.03983931376102459
0.04346381539205031
0.04355442793282598
0.08387700857798729
0.0426785067053281
0.0414401353147276
0.04038298900567848
0.0048883453160660124
0.0045416271369841665
0.0046749802827848784
0.005296024933228177
0.26847417330574835
0.004850244417265809
0.004728321541105158
0.004415894170943499
0.004534006957224125
0.0046102087548245295
0.004495906058423924
0.6704386556478861
0.004537817047104147
0.0045149565078240255
0.004998837922586597
0.01568133291329759
0.016229712858926302
0.01586801544797969
0.015342970819186261
0.773052376118636
0.013954519467488031
0.017501487626448202
0.01736147572543662
0.01667308387879632
0.015412976769692045
0.016019695007408914
0.01688310173031369
0.017058116606578168
0.017629831869042156
0.015331303160768623
0.010209108661716437
0.008280061966915367
0.009526522908171442
0.46815292295090793
0.4096701626928319
0.009597749247671794
0.008594644966375234
0.008867679267793232
0.009051680644835797
0.008790517400001181
0.008867679267793228
0.012755450298853855
0.00884987268291814
0.009443425512087702
0.009342521531128878
0.027794204612655204
0.027435800942601656
0.027149078006558792
0.025500421124312313
0.4671075031808319
0.03076895507409997
0.02698779635503468
0.027041556905542705
0.028206368833216852
0.02768668351163918
0.026521871583965025
0.17219504327724308
0.028815655072307947
0.02784796516316328
0.028941096356826703
0.01209532604791955
0.012069673182494479
0.011864450259093936
0.011569442306705662
0.829344312759736
0.01254425119285824
0.011595095172130724
0.012518598327433171
0.012518598327433161
0.011890103124519002
0.01138987224873019
0.012954697039659334
0.012467292596583033
0.012454466163870496
0.012723821250833711
0.023053481285039618
0.022134598832205032
0.024600460604368737
0.02771768208993415
0.6721101728429525
0.0177262893432898
0.02423988647730705
0.022343964454369897
0.022343964454369914
0.02211133598529785
0.023065112708493245
0.029136715751273634
0.025251820317770457
0.022564961499988326
0.021599553353339337
0.015789087170448666
0.015884556069618815
0.016244400381875555
0.011140486157009593
0.7871043548505546
0.012029081295439493
0.015546743041785964
0.014760960564000844
0.016295806712197946
0.016376588088418843
0.01653815084086065
0.016596900932657664
0.015869868546669566
0.015480649188514318
0.01434236615994709
0.012504337629081845
0.012193224922520953
0.011642794749374774
0.01364109559536201
0.524320637541731
0.014490672601739824
0.012229122542508757
0.012372713022459937
0.011822282849313748
0.012181259049191697
0.012384678895789196
0.3132426320134974
0.011834248722643005
0.012121429682545374
0.013018870182240246
0.015755213731912583
0.01516093812623518
0.014082949818262205
0.014290255262103155
0.7932888317647216
0.01594869881283081
0.014400818165485009
0.014663405061016885
0.01553408792514888
0.014843069779012386
0.013143165139516542
0.014843069779012385
0.015202399215003366
0.0145804828834805
0.014262614536257696
0.018335035750766095
0.018437180796731373
0.017943479741232556
0.08811712631937357
0.6663942798774262
0.01838610827374872
0.017722165474974464
0.01860742254000682
0.01860742254000682
0.018181818181818195
0.01847122914538645
0.026796050391556026
0.017364657814096025
0.01807967313585294
0.018556350017024166
0.02877253187210571
0.021936864633493865
0.020248703898452083
0.05863360454604164
0.6343702145716871
0.020562351248131966
0.020027305769266278
0.022379660891865483
0.022564159332853665
0.018671242228003218
0.01966753380933935
0.04989760336525155
0.02071917492297194
0.020368627885094415
0.021180421025442365
0.012362865002817271
0.012650116557842497
0.012263431772231593
0.019864549843668863
0.8141040513517392
0.013655497000430864
0.012650116557842508
0.012837934882282088
0.012661164694574243
0.012495442643598142
0.012871079292477319
0.011247003192911512
0.012727453514964689
0.013390341718869095
0.01421895197374962
0.006528895248371661
0.006364695487634171
0.006263048016701438
0.006450704886115713
0.36988732768798904
0.5473247167554133
0.006450704886115717
0.0062786860891526275
0.006630542719304395
0.0064116097049877405
0.006364695487634171
0.006521076212146069
0.006231771871799056
0.0060988482559639475
0.006192676690671087
0.013150739489748244
0.011595934529690655
0.011412115224068084
0.011810390386250313
0.8359182923186508
0.012530349333272064
0.011932936589998692
0.011856345212655958
0.011006180924151555
0.01152700229008218
0.011427433499536621
0.011963573140935792
0.011680185044767661
0.011549979703285007
0.010638542312906408
0.012517411087380446
0.010808803045779554
0.010870709134243343
0.014176494258210286
0.7809576871885358
0.01739561085832792
0.011291670535797183
0.011916922029281572
0.011297861144643574
0.011570247933884302
0.011991209335438138
0.06248800569536018
0.01067260965115919
0.010951187049246297
0.011093571052713032
0.037775361443357164
0.017813754312485715
0.018511806478461044
0.024015679325574208
0.7142147584336779
0.020082423851905545
0.01848495831823122
0.017129126226625307
0.01810908407501375
0.018189628555703205
0.019357523525700377
0.022230276670291153
0.018162780395473383
0.017988267353979567
0.017934571033519923
0.025156415751986363
0.025437855859366577
0.02487497564460613
0.029421315840748242
0.6200775042757246
0.027169794981706432
0.02654196704985824
0.02678010867917995
0.027472884328115902
0.024874975644606143
0.027516182806174412
0.03500681951029426
0.024831677166547623
0.027451235089086656
0.027386287371998923
0.020196976002219456
0.017922041892079334
0.01772784019975031
0.07381513848430205
0.6873445230498912
0.022555139409071986
0.017829564895732182
0.018726591760299623
0.018254959078929114
0.01753363850742128
0.018597123965413593
0.015841309474268258
0.017626115503768452
0.017209969020206214
0.01881906875664678
0.01379486821597225
0.012313800296213583
0.01229053744930637
0.014593559293119628
0.270655469483022
0.012499903071471216
0.011701211994323864
0.011840789075767088
0.012825582928172081
0.01231380029621358
0.013042702832639327
0.5638293747722178
0.012290537449306365
0.013089228526453726
0.0129186343158009
0.014058131560900997
0.013943837808373336
0.012660231049216661
0.014823020520124512
0.7041022665330308
0.039088463364456434
0.014453763781189021
0.014603224842186712
0.015535158516642942
0.013442703662675195
0.013003112306799612
0.08922825341562483
0.013627332032142942
0.013425120008440162
0.014005380598195923
0.018858006439319275
0.017517576713318883
0.016860503318220664
0.01873973322820159
0.6196333530455354
0.015060122215651521
0.016952493593534405
0.01718904001576977
0.017898679282475856
0.017202181483671735
0.015270385702082953
0.15786845390630147
0.01713647414416192
0.01738616203429924
0.016426834877455835
0.0340407823553891
0.02541822721598003
0.026133999167707013
0.022688306283811896
0.6192592592592594
0.029446525176862286
0.025135247607157733
0.026250520183104475
0.028331252600915516
0.026167290886392035
0.026849771119434037
0.03612151477320016
0.02744902205576364
0.024019975031210977
0.022688306283811906
0.013962546816479411
0.013752808988764055
0.014666666666666679
0.013153558052434467
0.8026666666666675
0.018127340823970006
0.013543071161048699
0.013947565543071172
0.01403745318352061
0.013827715355805254
0.014277153558052445
0.013438202247191021
0.013662921348314616
0.013842696629213494
0.013093632958801508
0.02003223062804965
0.018122267484369674
0.01815211065848966
0.02132294790873962
0.7237715803452853
0.0222182431323396
0.01921154333974965
0.019651730158019652
0.018428160019099665
0.017406031305489674
0.018935493979139652
0.026769327185639527
0.01907724905620965
0.01833116970320967
0.01856991509616965
0.01526358383678692
0.01599759095100971
0.015432970093915274
0.016900984322360854
0.5464777068864919
0.02055219919823838
0.016091694427192126
0.015602356351043583
0.015752921912935453
0.016844522236651404
0.015696459827226013
0.01669395667475956
0.016355184160502873
0.015150659665368025
0.24118720945551733
0.01283232025541839
0.012881439184625738
0.012611285073985349
0.01278320132621105
0.8219684410879831
0.011776263277460522
0.0128323202554184
0.012930558113833078
0.012844599987720237
0.012832320255418401
0.012365690427948644
0.01311475409836062
0.012513047215570667
0.01275864186160738
0.01295511757843676
0.011913788745663005
0.01193676615886583
0.0113738195353967
0.011190000229774125
0.829588014981274
0.02025458973828727
0.012040164518278527
0.01164954849383056
0.011672525907033384
0.011339353415592463
0.011902300039061595
0.010236437581857025
0.010994692217550136
0.011994209691872886
0.011913788745663017
0.008306283811901786
0.007931751976695793
0.008189762796504367
0.008888888888888889
0.8843528922180605
0.008822305451518932
0.008339575530586766
0.008572617561381602
0.008098210570120681
0.008223054515189348
0.008231377444860594
0.007840199750312112
0.008239700374531837
0.008164794007490645
0.007798585101955888
0.014761678195415346
0.01583525479144554
0.015713257450987565
0.017701814100452587
0.7690102355768644
0.028034988837243265
0.015103270748697682
0.015640059046712777
0.015810855323353946
0.016042650270224095
0.015335065695567834
0.01797020824946012
0.014627481120911568
0.014639680854957367
0.013773499737705723
0.015105702589371267
0.016773053616534153
0.017096569487476215
0.013624995333905706
0.7785658292582767
0.014222255403337184
0.01689748279766572
0.016163350628989524
0.016325108564460556
0.01684771112521309
0.015367003869747542
0.01475730088220289
0.016412208991252633
0.016810382370873622
0.01503104508069233
0.009393430625511212
0.008609927246114776
0.007981402557148406
0.009643118515648542
0.4029359851909252
0.010521331094752251
0.009023203753928281
0.008386069137715791
0.008515218046407516
0.008825175427267648
0.008592707391622536
0.01303542985061776
0.008170820956562916
0.008687416591329806
0.47767876361444744
0.0061237627073301255
0.005730838683788122
0.00615302300695559
0.006838550026752271
0.907370251471375
0.008284844836811125
0.0062491639914392764
0.0060109015516318885
0.006433085874799357
0.006040161851257356
0.006453986088817553
0.010550428036383092
0.0060067215088282465
0.006006721508828254
0.005747558855002678
0.029382286226723682
0.025636967874663755
0.028617397267500195
0.024951205359497877
0.6175555203882472
0.02721949675581584
0.027826132826924126
0.026401856833887252
0.02827451600991722
0.026982117423643034
0.027694255420161483
0.02716674579311077
0.02914490689455088
0.02756237801339878
0.025584216911958675
0.008733527535025657
0.008733527535025654
0.009271743653766129
0.01103065612428908
0.8237702871410739
0.047496185323900666
0.009194062976834505
0.008977666805382157
0.00927729227354694
0.008944375086697173
0.008400610348175887
0.017333888195311408
0.009410459148286861
0.009044250242752112
0.010381467609932025
0.017607142363558457
0.01639095042635819
0.016736459499426457
0.016197465345439963
0.7624694224470339
0.016750279862349185
0.016556794781430947
0.015948698812830807
0.01634948933759
0.016017800627444463
0.01670881877358099
0.020924029465013746
0.017468938734331176
0.01587959699821717
0.01799411252539492
0.011003548666791806
0.010887345472097833
0.011164445397906552
0.012549945026950211
0.8406675426599807
0.011897419395207071
0.010199065011218079
0.011155506690622406
0.010851590642961212
0.011521993689272656
0.010681755204562325
0.014587970287736996
0.011119751861485798
0.0102705746694913
0.011441545323715283
