0.005465144969967476
0.005715569402553591
0.005571943625040969
0.006617833902312376
0.0059880901086031835
0.6360485970707712
0.009829158979004847
0.2788476056846346
0.0060470135045058
0.005722934827041415
0.006470525412555841
0.005483558531187047
0.005715569402553592
0.010528874305348402
0.005947580273920131
0.006283467979075739
0.00674157303370786
0.006283467979075738
0.006221561890611938
0.006543473550623696
0.007143962608722561
0.014906986102083145
0.9010864518525402
0.006741573033707859
0.006462995635620761
0.005918222057139316
0.006586807812548364
0.006462995635620761
0.006339183458693156
0.006277277370229359
0.024333080581788118
0.02486156108545301
0.026056386571999723
0.02300039061602444
0.02578065761356586
0.040003676386112436
0.10241033064497594
0.5577996829116981
0.024126283862962707
0.026401047770042048
0.022609774591576468
0.024356057994990916
0.024723696606236044
0.028951540635555256
0.024585832127019137
0.01324965132496509
0.01240342876843273
0.013288828295174925
0.011424004513186937
0.013469042358140162
0.4041966370488771
0.12701957281431675
0.31808565652766657
0.012850046228824805
0.012419099556516664
0.013014589503706103
0.011815774215285254
0.012097848400796044
0.01161988936423609
0.013045931079873974
0.004918550606922077
0.004952393845043098
0.0052908262262533375
0.0053303100040612
0.004817020892559007
0.006480980100175996
0.7406705473579713
0.19099431433599554
0.004800099273498493
0.004991877622850965
0.004907269527548401
0.005093407337214032
0.004980596543477288
0.006841974640133574
0.004929831686295749
0.06731450551675267
0.0673145055167527
0.0678206296183824
0.0641765360866485
0.06620103249316736
0.06022876809393676
0.06286061342241123
0.08047373215912534
0.06660593177447108
0.06620103249316736
0.0639740864459966
0.06458143536795226
0.06680838141512298
0.06721328069642675
0.0682255288996862
0.013497620727713587
0.012665327760589158
0.013208127521757262
0.013316687473990884
0.012810074363567318
0.013986140512764885
0.6734516636812683
0.15681485100146556
0.012647234435216889
0.012918634315800941
0.013859487235158993
0.013009100942662291
0.012484394506866454
0.013063380918779104
0.012267274602399212
0.03669831315506785
0.03968876114159632
0.04267920912812479
0.03469500333884975
0.03783061870336504
0.05649914351246996
0.4348343640217168
0.05586040704932796
0.03475307029004447
0.03701768138663885
0.02952704468251899
0.03838225473971495
0.04288244345730634
0.03524663937519965
0.04340504601805888
0.008310936977193517
0.008235383004673573
0.008580772593336155
0.008192209306090754
0.00832173040183922
0.010847391768934378
0.7965547388530905
0.09157141469416834
0.008591566017981857
0.008181415881445043
0.008116655333570807
0.008753467387667455
0.008483631771524806
0.008969335880581563
0.008289350127902094
0.014845080013619344
0.016384065372829423
0.014450119169220291
0.01548518896833503
0.015308137555328572
0.03045284303711268
0.02029281579843376
0.255062989445012
0.014382022471910123
0.015321756894790596
0.01624787197820905
0.01525366019748043
0.013973442288049025
0.5281307456588354
0.014409261150834182
0.01227712463667522
0.012161439127731277
0.012219281882203241
0.011655315026101553
0.01237834945700115
0.015169262360273616
0.36067849550995645
0.4756554307116102
0.011930068109843399
0.012465113588709109
0.013245990774080677
0.012002371552933362
0.012089135684641312
0.014026867959452249
0.012045753618787335
0.006809669731018062
0.006626332469029106
0.006678714543883093
0.007211265638231944
0.006800939385209058
0.007927153994569738
0.8228525531896321
0.08789712160498675
0.006704905581310089
0.0063556917489501945
0.007307299442130924
0.006285848982478209
0.006696175235501095
0.007324760133748911
0.006521568319321143
0.011929532528783449
0.012165348869468717
0.011776945484810643
0.012026633374947958
0.012054376473852123
0.01482868636426688
0.015133860452212515
0.602691080593702
0.011915660979331376
0.012179220418920786
0.01362186156193645
0.012317935913441515
0.012331807462893597
0.23320848938826458
0.011818560133166865
0.025936329588014992
0.027036516853932612
0.025772471910112386
0.026217228464419488
0.026732209737827757
0.03492509363295881
0.2671114232209739
0.37607677902621706
0.028464419475655436
0.027036516853932574
0.030243445692883893
0.028581460674157323
0.027691947565543093
0.02268258426966294
0.02549157303370789
0.008549409392106
0.00852059925093631
0.008837510803802916
0.008016421780466704
0.008880726015557453
0.01222990492653411
0.015787957360991044
0.8680063382310563
0.008938346297896835
0.008527801786228733
0.00805243445692882
0.008585422068568114
0.00805963699222124
0.010263612791702653
0.008743877845001418
0.016331330023517117
0.016135354063234922
0.015830502569462605
0.015939378102952723
0.016222454490027016
0.017485410678512326
0.503658217925268
0.28538454838428684
0.015416775542200174
0.016614406410591424
0.01674505705077956
0.016483755770403282
0.01626600470342306
0.015351450222106107
0.016135354063234922
0.015261821599405203
0.014981273408239685
0.015640561657478687
0.01353645022373717
0.014574478531049654
0.015205711961172118
0.08838670762670259
0.7196061103396019
0.013774916186227884
0.014616560759724477
0.013915190281810642
0.014897108950890019
0.01458850594060793
0.016313877316275975
0.014700725217074145
0.006403580889741487
0.006220882433543441
0.006348771352882073
0.0065497396546999225
0.006558874577509825
0.007837763770896141
0.8740294144514474
0.040869644651502585
0.006440120580981095
0.006275691970402855
0.006814652416187088
0.006312231661642464
0.006385311044121682
0.006732438110897968
0.006220882433543441
0.008713855155802714
0.007969835685191494
0.008657107908044236
0.007894172688180177
0.00848056091501784
0.03047327204630575
0.6313320470623848
0.2318440333421603
0.008978675645342316
0.008625581659289524
0.009117391139863049
0.008594055410534809
0.00887148639957629
0.011317923302942024
0.009130001639364931
0.015152487961476727
0.015131086142322107
0.014168004280363846
0.013279828785446781
0.014820759764580005
0.02790797217763509
0.2617014446227929
0.5214767255216702
0.015088282504012868
0.014360620652755498
0.014852862493311943
0.01469234884965223
0.014767255216693444
0.026902086677367563
0.01569823434991976
0.011693010855075202
0.010791595251698063
0.011248651050593509
0.010651939313146674
0.010816987240525587
0.012238938614866978
0.6723544721640327
0.1812099282676319
0.011134387100869649
0.011515266933282522
0.010728115279629242
0.011261347045007268
0.011286739033834795
0.011781882815971529
0.011286739033834791
0.0062691419897789435
0.006170344623177843
0.006314049883688535
0.006089510414140581
0.0056853393689542545
0.0063589577775981275
0.8856914468425262
0.03467787567698645
0.00603562094144907
0.0061883077807416784
0.006287105147342778
0.006215252517087434
0.005793118314337276
0.006323031462470451
0.005900897259720295
0.01040366208905532
0.010201533797039386
0.010177753997978689
0.009892396409250317
0.01007074490220555
0.01140241364960463
0.38756316509125543
0.4813863622852385
0.009987515605493106
0.00936924082991496
0.009916176208311013
0.009975625705962759
0.00974971761488613
0.009714047916295081
0.010189643897509038
0.014151229881566911
0.013948780240915027
0.014353679522218787
0.015102743192630785
0.01360461585180681
0.01688430003036742
0.7314100617471408
0.08081789654823371
0.013807065492458692
0.014495394270675107
0.014373924486283975
0.013989270169045394
0.013746330600263132
0.014697843911326999
0.014616864055066249
0.019270894081360273
0.01969856019076503
0.019296813239505998
0.019270894081360262
0.019491206925599087
0.08803442064201752
0.022757020851962757
0.5642859919909803
0.018143410702020427
0.020605730725866054
0.01908945997434005
0.020087347562951174
0.019944792193149593
0.11055816907066857
0.01946528776745334
0.016036655211912908
0.01648068780004372
0.01451793505540751
0.014215478075086519
0.015406000231669138
0.4203444148422713
0.035934463364093755
0.3400517394493996
0.022812978622083167
0.014955532388637876
0.013552646820340518
0.01634554744713434
0.017581116388020086
0.026725613601554687
0.015039190702343682
0.006775788013759319
0.007172926175070729
0.007227914535867697
0.006616932749234755
0.0072645734430656726
0.009769598768260727
0.1430125067971724
0.7585888764655927
0.0073562207110606116
0.00717292617507073
0.007594503607847454
0.006922423642551218
0.0070201807284124935
0.01040501982635898
0.007099608360674774
0.008010025635894062
0.008005260599822735
0.008043380888393315
0.008548474711953562
0.008581829964452831
0.006270787469861131
0.01035442338298501
0.8844288151261305
0.008229217295174918
0.008567534856238854
0.008510354423382986
0.00788613469803966
0.007819424193041139
0.008877262200874854
0.007867074553754369
0.028620474406991277
0.02690387016229715
0.026123595505617974
0.028152309612983772
0.028401997503121116
0.0319288389513109
0.08392634207240941
0.5642634207240947
0.0264669163545568
0.02624843945068666
0.024968789013732846
0.025749063670412
0.027309612983770305
0.02400124843945067
0.026935081148564306
0.006197232273217805
0.006617787088173687
0.00628451723481242
0.0061496222941661936
0.006300387227829623
0.008776106138513312
0.8271361010601153
0.08565828731035356
0.006355932203389832
0.006578112105630678
0.006102012315114586
0.006649527074208093
0.006681267060242499
0.007966736494635945
0.006546372119596275
0.014311379068846893
0.014083005998599336
0.01292591577601172
0.012971590390061231
0.013915532413751135
0.013854632928351778
0.14099753357084124
0.6803690508815203
0.013885082671051464
0.01400688164185015
0.012225571693919206
0.013961207027800633
0.014311379068846873
0.014509302396394773
0.013671934472153731
0.015135635769821347
0.016094307278591565
0.01606993427413128
0.016963611104340824
0.015208754783202114
0.027314013665131167
0.03231860391430453
0.726778620000487
0.015289998131402983
0.017199216814123303
0.016459902345495443
0.016646762046357448
0.017256087157863947
0.034585293329108646
0.01667925938563778
0.008617546650757344
0.008805364975196935
0.008783268701733446
0.008628594787489091
0.008507065283439955
0.011048136731740177
0.7753471876967944
0.1096969496094484
0.008716979881343009
0.00883850938539215
0.008882701932319114
0.008451824599781249
0.008462872736512994
0.008518113420171688
0.008694883607879534
0.013443017656500768
0.012867843766720137
0.0132022471910112
0.012667201712145498
0.013576779026217194
0.015543071161048654
0.405243445692884
0.42065275548421655
0.013376136971642553
0.013937934724451541
0.012894596040663422
0.013336008560727624
0.013175494917067916
0.012854467629748493
0.013228999464954485
0.005964331419581321
0.006075869113451446
0.005888016155354398
0.005271623636598448
0.005752996841722143
0.006263722071548491
0.04676951616122478
0.8761990302091035
0.005999553849224516
0.006046517088748784
0.0058880161553543945
0.005518180644100832
0.005512310239160299
0.007103189978044679
0.0057471264367816135
0.015774773059099863
0.015584333142893434
0.015187583317463364
0.016869802577286895
0.014267123722465573
0.02672506824096998
0.7075953786580335
0.08042912461118512
0.014473433631689219
0.01412429378531074
0.014917793436170902
0.014695613533930051
0.015251063289532166
0.018472671872024383
0.01563194312194504
0.026952290944730263
0.029402499212433007
0.02814239210332876
0.027722356400294003
0.027477335573523727
0.031642689628618374
0.3437292169834436
0.2758584479680769
0.028807448633133774
0.02989254086597356
0.031187650950330756
0.02821239805383453
0.028667436732122197
0.03286779376246979
0.029437502187685902
0.056803995006242045
0.0576065632245406
0.054485464597824
0.0555555555555554
0.05724986623863013
0.06830747280185473
0.05198858569645072
0.06795077581594425
0.055823078294988254
0.05626894952737634
0.05831995719636154
0.05742821473158536
0.056268949527376336
0.18904940253254865
0.05689316925271966
0.01628881058440263
0.016665558584313976
0.016576911996099536
0.68062850431044
0.01637745717261707
0.022228131994769827
0.08213106398067505
0.03377435010970013
0.015956385878598486
0.016709881878421196
0.018438490348602673
0.016842851760742867
0.01602287081975932
0.015313698114043846
0.01604503246681292
0.009512116476920402
0.009995783416424828
0.009846962819654232
0.010132202296797874
0.010107398864002772
0.012947391919041602
0.021157328174219312
0.8429198601086391
0.009834561103256683
0.009710543939281193
0.011980058040032732
0.009834561103256692
0.009797355954064033
0.01253813527792246
0.009685740506486096
0.006974041069352985
0.006916641554378892
0.0065004950708166765
0.006773142766943642
0.006694218433854255
0.008186605823180804
0.022565184324192463
0.8879848465280474
0.007110364917416471
0.006887941796891838
0.006514844949560198
0.00665116879762368
0.006730093130713065
0.0067300931307130675
0.006780317706315403
0.00788060477548401
0.0078887291103041
0.007913102114764358
0.008538675895911021
0.0083680648646892
0.00942422839130045
0.25428355553389087
0.6399132321041221
0.007921226449584448
0.008018718467425481
0.007856231771023757
0.007555631382680545
0.007774988422822893
0.009180498346697853
0.0074825123692997715
0.012980463162768397
0.014179295747864827
0.013790708634074942
0.010632404858165702
0.01324503311258278
0.38601582459012335
0.12959793635439146
0.3182859174376398
0.012782035700407595
0.013393853709353368
0.016221445047994623
0.01301353440649518
0.013038337839290282
0.01902423295384081
0.013798976445006649
0.029635087288430364
0.027711262561142754
0.02836618161724068
0.034997237060232014
0.029021100673338584
0.03681873068500433
0.05339636929248274
0.5464071549906878
0.03260268926137405
0.02812058697120394
0.03205010130779142
0.02822291807371925
0.0281001207507009
0.037146190213053334
0.02740426925359686
0.008942768907286945
0.008969051843090879
0.008725934686904534
0.008528812668375066
0.009560417898679273
0.011078257441356182
0.0788290952099349
0.8042052697286286
0.008331690649845597
0.009389578815953743
0.007490636704119867
0.008936198173335968
0.009389578815953746
0.009238451935081153
0.008384256521453458
0.013366625052018308
0.012151477320016653
0.012967124427798583
0.013116937161880985
0.013017062005826047
0.016862255513940907
0.6833458177278402
0.1418060757386601
0.013050353724511037
0.013050353724511028
0.013682896379525591
0.013166874739908453
0.013233458177278407
0.013766125676238044
0.013416562630045778
0.019232158149420656
0.0180146717429659
0.018179754645536037
0.01750910535384488
0.018406743636569984
0.5871070253092726
0.013825693090248772
0.16647578956057
0.017457516946791728
0.018489285087855044
0.020367103104590327
0.018540873494908232
0.019995666573807525
0.027733927631782597
0.018664685671835827
0.01360572012257406
0.01416411304051755
0.013197139938712969
0.013483146067415743
0.013551242764725918
0.02233571671773918
0.6340619679945522
0.17683350357507646
0.013551242764725913
0.013878106911814786
0.01846782431052094
0.013265236636023161
0.013428668709567586
0.012788559754851892
0.013387810691181477
0.010359646595601624
0.010839815615096487
0.010575722654374313
0.010587726879861682
0.009819456448669907
0.01247239028137901
0.2360630942091615
0.6120954576010761
0.010863824066071228
0.010455680399500596
0.010731777585710141
0.010671756458273285
0.010371650821088997
0.023576298857197756
0.010515701526937453
0.041560952035761815
0.0416414965164513
0.04268857476541425
0.048125327211952944
0.042326124602311714
0.060327816036406245
0.06588538520397907
0.36571221457049663
0.04144013531472761
0.04333293061092999
0.04135959083403816
0.0394265232974911
0.04212476340058803
0.04103741291128034
0.04301075268817213
0.010042651732652761
0.01018443034534904
0.00961731589456394
0.010326208958045311
0.010160800576566324
0.029289098406172012
0.01435508453549777
0.20079396023109908
0.009948132657521912
0.010408913148784804
0.010479802455132942
0.009451907513084955
0.010101726154609546
0.6450572431148759
0.00978272427604293
0.01285706299960867
0.012711722287439194
0.011906758343115867
0.012465761082229274
0.012667002068310113
0.013829727765666034
0.014075688970875942
0.8160880988316845
0.012968863547431358
0.012801162725697333
0.014970093353457408
0.0128123427804796
0.0126334619039633
0.01494773324389288
0.012264520096148443
0.013905032502475394
0.013646734685091949
0.014794724984573928
0.013948082138705967
0.014048531289910642
0.03666394018970537
0.02766656621751546
0.5446496477104769
0.013417136625195567
0.01498127340823975
0.01499562328698327
0.013460186261426142
0.01364673468509196
0.2362707535121328
0.013905032502475396
0.009418919420031898
0.008669855749619912
0.009863907739088523
0.009500500611858946
0.009908406570994186
0.06127489153409709
0.026120814328623895
0.4241480327808061
0.3758816331071308
0.009960321874884125
0.01328290132384026
0.010041903066711173
0.010390477249972196
0.011495531575629481
0.010041903066711173
0.013544116366170169
0.013533228812821159
0.013522341259472142
0.014752634787910428
0.013054176465464662
0.5390645414162526
0.02297273756641404
0.2653732253288041
0.013881630519989524
0.015177249368521875
0.013446128386029056
0.014393345527393051
0.013696542113056329
0.01935806985454226
0.014230032227157883
0.05736731524618612
0.0577327121585822
0.059011601351968514
0.07024755640814821
0.05818945829907733
0.09902256325934032
0.06531469809080097
0.10432081848908353
0.058463505983374374
0.05873755366767145
0.07874303462135734
0.05791541061478024
0.05718461678998808
0.05828080752717632
0.05946834749246362
0.00816857266695561
0.008279709710043444
0.008635348247924507
0.007968525989397512
0.008101890441102912
0.010724724657975752
0.01168050322853111
0.3494593182853775
0.008501983796219107
0.008213027484190744
0.009024327898731923
0.008324164527278575
0.008457528978983976
0.5361250958556996
0.008335278231587358
0.013149998965381667
0.012663728350611452
0.01357419248039398
0.01186707223705176
0.012984460032693945
0.012456804684751799
0.015084735241169522
0.8181347900759409
0.013356922631241346
0.012984460032693936
0.012094688269497387
0.013046537132451847
0.012839613466592176
0.013056883315744831
0.012705113083783389
0.008584774649665429
0.0079956234482178
0.008300719606110318
0.007953541219542972
0.008311240163279032
0.010047132096115801
0.012782476959979795
0.3665362117577745
0.008111349577073582
0.00833228127761644
0.00902663805075116
0.008163952362917122
0.008027185119723917
0.5197681269200007
0.008058746791230045
0.00667005899907857
0.006968034143367302
0.007188077326842057
0.006628800902177048
0.006711317095980079
0.6235565396375707
0.011570604064380976
0.2786021756769767
0.008393730602964168
0.0072935146855903745
0.008613773786438926
0.007210998491787342
0.006890102182553324
0.006761743658859713
0.00694052874543295
0.03385099835396848
0.03280135499415548
0.03344545432858617
0.03683293971707349
0.03399413153939751
0.22553018917436007
0.08129964932369577
0.18158830124764427
0.03277749946325063
0.03206183353610541
0.14153486485841751
0.03294448817958452
0.03406569813211201
0.034113409193921695
0.033159187957728105
0.012346698979217124
0.012319159873687272
0.011768377763090223
0.01342990379672465
0.011639861937284248
0.1236322244253506
0.03711353455239778
0.3683906146728353
0.011566424322537973
0.011814276272306643
0.012704707351105203
0.012254901960784282
0.012723066754791772
0.3367940809282516
0.011502166409634985
0.015016943106830707
0.014963438558944135
0.014767255216693378
0.01428571428571425
0.014214374888532152
0.016568574995541246
0.6459960763331555
0.15919386481184244
0.015123952202603852
0.015213126449081469
0.01505261280542175
0.014571071874442622
0.014588906723738146
0.015944355270197923
0.01449973247726053
0.010699673906462204
0.010319087284081969
0.01023259032445011
0.010985113873247373
0.01064777573068308
0.6682668604198563
0.014073055332105098
0.18320921019626174
0.011175407184437483
0.010249889716376479
0.01461798617778587
0.010085545493075932
0.010483431507382531
0.014834228576865543
0.010120144276928679
0.008985028066537755
0.009171826986839998
0.008602090279918168
0.008798229146235528
0.009367965853157353
0.008555390549842617
0.23455406427750883
0.5787030550963413
0.009816283261882733
0.008826248984280858
0.008826248984280857
0.008564730495857728
0.008760869362175074
0.07925878188424061
0.009209186770900457
0.019266781907231356
0.020887352348026512
0.020203111495246336
0.02221982137712477
0.019446845289541936
0.05605373091328145
0.03336574474214927
0.6542422932872376
0.020293143186401633
0.02108542206856815
0.020833333333333336
0.02045520023048115
0.020059060789397894
0.031547104580812446
0.020041054451166825
0.02257499226883825
0.02156135106346426
0.02176751537642167
0.0250661443837405
0.022076761845857804
0.04478919699000107
0.02082259560870013
0.6597429818231793
0.022368827955880823
0.021733154657595427
0.026646737449747448
0.022042401127031583
0.022815517300621913
0.021630072501116728
0.02436174964780262
0.016189440618581647
0.016984817365390082
0.01688413676452825
0.016622367202287505
0.01658209496194278
0.060146590954854855
0.4456727477749586
0.2935947001731707
0.018978293262454236
0.016491482421167138
0.015766582094961994
0.01677338810358026
0.015706173734444887
0.016803592283838813
0.01680359228383879
0.019382022471910135
0.02027153558052436
0.021044007490636705
0.02080992509363296
0.019920411985018746
0.02106741573033709
0.569194756554307
0.16942883895131086
0.02029494382022474
0.02071629213483148
0.018328651685393268
0.01966292134831462
0.019592696629213514
0.02153558052434457
0.018750000000000024
0.024148136507687115
0.024069563395406127
0.024671957256226944
0.024462428956811017
0.02430528273224905
0.03787224011943118
0.030355412377884323
0.6323040255624522
0.0241481365076871
0.0238338440585632
0.02671485817553236
0.023860035095990183
0.023598124721720272
0.031272098687829035
0.02438385584453003
0.051838610827374836
0.05268981954375208
0.05243445692883889
0.05303030303030303
0.052689819543752105
0.05320054477357847
0.07048008171603677
0.23459312223357143
0.050817160367722124
0.05286006128702751
0.052179094313925714
0.05243445692883892
0.052945182158665276
0.06409601634320738
0.05371127000340481
0.016318887105403964
0.01620423450278986
0.016158373461744244
0.01801574562409234
0.01631124359856302
0.03418940609951848
0.013146831766414435
0.7484827638920734
0.014637315600397466
0.014362149354123672
0.014943055874035008
0.017358404035771605
0.015523962393946348
0.02777650385997097
0.016571122831154934
0.01729534510433385
0.02120117710005352
0.01906099518459068
0.024357945425361193
0.017964151952915994
0.023461744248261134
0.040222043873729275
0.7076645264847511
0.018967362225789177
0.019208132691278756
0.016158373461744223
0.017803638309256273
0.018378812199036917
0.019154628143392173
0.01910112359550562
0.012871234900036934
0.013521830106732795
0.013592164723672895
0.012669022876334174
0.013680082994848006
0.014321886374426333
0.02117951152608536
0.8069842274621508
0.013020695961034633
0.014049339733783486
0.01151729352394016
0.013161365194914823
0.013249283466089933
0.012625063740746607
0.013556997415202842
0.01224820325943922
0.012799316170102699
0.011798315169101686
0.011370921483281036
0.012428158495574233
0.015329936678251284
0.0962310625231974
0.7402008750323359
0.01326045146269866
0.012057000821045764
0.011438404696831668
0.012416911293315796
0.01252938331590017
0.013530384316901175
0.012360675282023606
0.014071696094167967
0.015248796147672512
0.014053861244872444
0.015230961298376988
0.014606741573033667
0.024469413233458113
0.6344390939896558
0.166434813625825
0.014089530943463489
0.015391474942036699
0.014303549135009771
0.01414303549135006
0.014321383984305294
0.014214374888532152
0.014981273408239662
0.00499559374311521
0.005012117206433122
0.004940515532055505
0.0051663361974002954
0.0051828596607182064
0.01257986340603654
0.015675258867591947
0.12154659616655651
0.005072703238598797
0.0050727032385987966
0.7931537783652789
0.004951531174267447
0.004968054637585358
0.006554307116104851
0.005127781449658502
0.011246970698391687
0.010872438863185695
0.011346111478299156
0.011643533818021561
0.011246970698391688
0.02351839612249388
0.24606741573033683
0.5912645957259308
0.01091650143203346
0.011026657854152867
0.012304472350738017
0.010993610927517047
0.011577439964749914
0.015080414188147135
0.010894470147609577
0.027490636704119793
0.02893258426966287
0.029906367041198468
0.02307116104868909
0.029325842696629165
0.05320224719101126
0.05691011235955053
0.5283333333333331
0.027902621722846382
0.027940074906367015
0.024794007490636656
0.031029962546816427
0.031423220973782744
0.048970037453183464
0.030767790262172252
0.012272882037948464
0.012752654223542909
0.012226452471600625
0.012396694214876066
0.012597889002383414
0.01556938124864583
0.43290927662735634
0.40013000278577415
0.012566935958151513
0.011885968985049707
0.014594360355340967
0.012737177701426966
0.012180022905252769
0.012257405515832523
0.012922895966818369
0.051864517179612275
0.054225696140693495
0.052760136785539646
0.05129457743038576
0.05153883732291141
0.05194593714378753
0.13214460185637503
0.1949193942354664
0.05105031753786013
0.052027357107962705
0.05088747760950967
0.05259729685718922
0.051375997394560995
0.049991858003582336
0.05137599739456099
0.014162326246710552
0.013343379085181423
0.01349624922200019
0.01220777235452768
0.013572684290409595
0.012699140651445171
0.024077046548956677
0.7998165558358179
0.01311407387995327
0.013976698223430617
0.014074971882814117
0.012961203743134486
0.013408894858103761
0.015330690863825474
0.013758312313689524
0.022584269662921288
0.02279026217228459
0.02363295880149807
0.020992509363295827
0.024101123595505567
0.032696629213483104
0.04501872659176027
0.6557116104868912
0.02277153558052429
0.024756554307116027
0.01870786516853927
0.022471910112359498
0.0219662921348314
0.01857677902621717
0.023220973782771482
0.012819996509739157
0.013088478112037354
0.013571744996174114
0.014242949001919625
0.013732833957553045
0.013142174432496987
0.01867289543983998
0.49364369806559
0.013088478112037354
0.012739452029049695
0.012229336984683113
0.013598593156403943
0.013101902192152265
0.3291315962573664
0.013195870752956636
0.014649409756791321
0.015060288563346432
0.015076091594367774
0.013906667298787877
0.014807440067004825
0.016324531045054432
0.09570315586529497
0.7093506534553337
0.01471262188087672
0.015486970400922877
0.01599266739360607
0.014522985508620521
0.015423758276837472
0.014617803694748618
0.014364955198407026
0.01893345527393081
0.01846529047992331
0.01888990506053475
0.015188136921870897
0.019826234648549736
0.027795923700026103
0.043027610835293065
0.42628037627384363
0.01495949830154164
0.017550735998606348
0.019869784861945777
0.01673416949743051
0.01738742269837118
0.3078020207299017
0.017289434718230072
0.0070009340624461805
0.007073482601953396
0.007136962574022208
0.007499705271558284
0.0071823054112142215
0.010011698451995548
0.563910729022137
0.33991711329361274
0.007336471057667048
0.006919316955500573
0.007381813894859059
0.007282059653036644
0.00713696257402221
0.0071460311414606155
0.007064414034514995
0.01306614154986676
0.01228618865593263
0.013089308467508365
0.00977643924475846
0.013220587667477475
0.015629947102204684
0.017413799760608476
0.815691725549248
0.012015907950113872
0.011714738020772972
0.012680026255839963
0.01336731147920766
0.013228309973358013
0.013181976138074794
0.013637592185026415
0.007801512930970654
0.007312993145919358
0.0075128421488948865
0.006861482435493162
0.00745362762949473
0.006854080620568143
0.20652544003789733
0.6968660715607464
0.0072611804414442205
0.007446225814569707
0.008452872644372385
0.007483234889194808
0.007646074817545241
0.007275984071294258
0.0072463768115941804
0.01173960422332719
0.011281741344102262
0.011593088101975211
0.010311072040145416
0.011657188905066715
0.010979551843813802
0.2587291557924232
0.5982985815407997
0.010741463146616838
0.010613261540433867
0.009706693039568495
0.011712132450573702
0.011171854253088288
0.010512531707004384
0.010952080071060308
0.0073494814898462345
0.007311840099373271
0.007509457399356332
0.007500047051738094
0.007565919485065776
0.007565919485065774
0.4461445805808067
0.4565336043513446
0.007537688442211048
0.007452995313646884
0.007340071142227989
0.007528278094592809
0.007349481489846235
0.007829409218376519
0.007481226356501607
0.017030182859660674
0.0168759638686935
0.017030182859660674
0.630293016082838
0.0171183079973562
0.023859881031064047
0.046706322978629526
0.11070720423000675
0.016303150473672572
0.016897995153117382
0.021083939193654935
0.016809870015421856
0.016215025335977046
0.015840493500771054
0.01722846441947561
0.010874135789792775
0.010874135789792762
0.0111479449643559
0.010209170651568036
0.011118608267081281
0.018071405521166425
0.15289308729623222
0.6948005593530282
0.01052209542249732
0.010629663312504267
0.013172177076304747
0.011099050468898208
0.011030598175257412
0.012233402763516877
0.011323965148003623
0.01783047264538954
0.017393901794535926
0.01835895314905445
0.6435973438110345
0.017968337124606472
0.020656694469336625
0.0970795707819214
0.043726017324969516
0.01741687920773875
0.0179913145378093
0.018427885388662902
0.01753176627375286
0.017370924381333114
0.016750534224856922
0.017899404884998003
0.021384559623051826
0.02197138369664646
0.019710385060149462
0.020055575691675705
0.020763216486304553
0.03641761162602045
0.15744144703912763
0.49156871882497116
0.019917499439065196
0.019641346933844204
0.01922711817601271
0.021384559623051823
0.019227118176012678
0.09062980030721969
0.020659659296846676
0.025410944652517677
0.023772367873491476
0.024604660840615918
0.026555347482313776
0.02606117353308366
0.04364336246358723
0.5075166458593423
0.1518934665002081
0.024890761548064924
0.023980441115272588
0.025228880565959223
0.02491677070328759
0.024370578443612144
0.023044111527257626
0.024110486891385792
0.011274566585582424
0.011261696075781532
0.01117160250717528
0.011441883212994037
0.01109437944836992
0.013012085408703005
0.42135474986164206
0.4293988184872007
0.011223084546378851
0.011544847291401181
0.011364660154188678
0.011390401173790464
0.01145475372279493
0.011300307605184213
0.011712163918812796
0.007876420568709712
0.007903211114861794
0.0074959948133502645
0.008358650399447045
0.00810681926561755
0.043770394303258284
0.008230055777917092
0.3797613498148777
0.008021089517930912
0.007479920485659025
0.010651921150064565
0.008272920651760402
0.007769258384101419
0.4789774584344675
0.007324535317976993
0.012106345940813428
0.011965676706933246
0.011622795449350298
0.011218371401944763
0.011218371401944762
0.010084225703785775
0.041726011499709885
0.7207451952664797
0.010813947354539222
0.011262330537532315
0.010005099259728164
0.011526085351057673
0.011007367551124482
0.10263578976982995
0.012062386805225877
0.005385770648193008
0.004962796885426989
0.005019955502016992
0.00493564654254674
0.005190002386372252
0.15479124958738633
0.006556093322873312
0.7541722217697171
0.006314598167780553
0.005174283766810001
0.005232871348814754
0.004602697600909974
0.0051971472134460005
0.027437564928616022
0.005027100329090744
0.012241793827584512
0.012650671376936037
0.013272165251950338
0.014327069329277249
0.012650671376936025
0.031009273342819322
0.017573557071128326
0.7952913661416686
0.01230721423548074
0.012519830561143537
0.01139132852493333
0.012789689743715542
0.012217261174623411
0.016976595849075113
0.012781512192728507
0.027627230667547846
0.02749504296100455
0.02679004185944033
0.09094514210178431
0.027318792685613498
0.031813174708085395
0.034500991407798984
0.5283102004846885
0.02745098039215679
0.02868473231989417
0.030711610486891302
0.02784754351178666
0.02806785635602548
0.03454505397664675
0.02789160608063443
0.011469126626736008
0.011945185249955035
0.014082591313387415
0.017002093686393913
0.01221721874893734
0.03074950086710671
0.22385928095716956
0.5960836891628648
0.014937553738760365
0.011430264698309963
0.00830673720106674
0.011575996929907625
0.011133942494061381
0.013635679136487916
0.011571139188854369
0.01305206857325321
0.013557653288628988
0.016019052560853085
0.012766014063237982
0.013956799116557214
0.19560141297623074
0.020176821601772206
0.5700268092947759
0.013956799116557226
0.013544348427698038
0.011435527970143872
0.013910232103298923
0.014741785911482747
0.06371697899827702
0.013537695997232566
0.01550091181834224
0.015098927387885546
0.016991195560523156
0.015373453340392565
0.015079318391277909
0.04084553993372157
0.026785889366041146
0.7490244524187701
0.01438319901170655
0.01560876129968428
0.014402808008314198
0.016098986214875377
0.01591270074710277
0.013304704198286155
0.015589152303076642
0.01587710018964841
0.015905690406076364
0.016267833147496927
0.01578179946822196
0.016000991127502816
0.033888936539249605
0.01869800154387169
0.7586413929153442
0.016143942209642503
0.01607723170464399
0.013180089773279554
0.014666781027532343
0.016401254157493966
0.01683963747605567
0.015629318313939624
0.011031432552313033
0.011120911147754738
0.01104421520880472
0.01048177832317114
0.010635170201071211
0.013843616980480904
0.2343060934923496
0.6213010187777221
0.011069780521788053
0.010302821132287733
0.011721696002863338
0.010954736613363002
0.011312650995129831
0.01039229972772944
0.01048177832317114
0.009189543997837732
0.009575659291864526
0.0096992161859531
0.009289933974284698
0.009243600139001483
0.014819104984748411
0.014309432796633038
0.8231205838063237
0.00938260164485113
0.00912004324491291
0.010471446774006693
0.00955249237422292
0.009351712421328985
0.043329858295686974
0.009544770068342383
0.007300911384221888
0.007736576933617233
0.00763117397811836
0.007104159200623992
0.007729550069917304
0.008165215619312645
0.015669906050832343
0.8854129336453262
0.007272803929422193
0.0072868576568220446
0.008045758936413926
0.007666308296617985
0.007497663567819788
0.008045758936413922
0.0074344217945204695
0.0070844199631155316
0.006848814253333017
0.006889435927433451
0.006385727168588077
0.007011300949734752
0.007076295628295437
0.011284701065100286
0.8979746033293521
0.006629457213190677
0.007019425284554835
0.007539382713040381
0.007368771681818564
0.006897560262253534
0.007141290306856139
0.006848814253333016
0.026769422836838617
0.026541342552578544
0.028281955248247385
0.02350427350427353
0.028606069336406453
0.16362959761836163
0.03481225391337753
0.46438346297896854
0.026613367905502762
0.028077883414962104
0.03494430039373863
0.026565351003553287
0.026661384807452244
0.031066935561317625
0.029542398924421422
0.012751917246299236
0.012603293502169871
0.012439807383627575
0.015471731763866554
0.013064027108970894
0.015650080256821786
0.3415968135069259
0.4864157897865762
0.012974852862493277
0.013301825099577873
0.012276321265085278
0.012930265739254466
0.012424945009214636
0.013970631948160001
0.012127697520955915
0.007697433422945232
0.007904230141770623
0.008111026860596029
0.007697433422945232
0.007643819458805317
0.014192382221609493
0.5714406072164397
0.3173640311573723
0.007911889279504893
0.007582546356931123
0.009803696299870554
0.008187618237938765
0.007705092560679508
0.008968850286834707
0.007789343075756523
0.007825040128410924
0.0075527401972024875
0.0077103875257968375
0.007175342046931141
0.007137124512726446
0.03392283879844073
0.0067645035542306855
0.5259162653825575
0.007113238553848516
0.0073329893755254985
0.006869601773293595
0.00788236642971796
0.007514522662997786
0.35171119009401536
0.007571848964304835
0.027684692380138817
0.030269181067525224
0.02875791225879927
0.030488205532557974
0.02610771623190306
0.1208357973585649
0.4137810193398589
0.11954355301487167
0.028100838863701058
0.029152156295858187
0.029305473421381154
0.02739996057559626
0.027969424184681388
0.032240401252819906
0.028363668221740346
0.010247926288458435
0.010362813354472545
0.009845821557409056
0.009960708623423166
0.010627053606304986
0.013935801107511313
0.16452976723880428
0.6987890903242112
0.009788378024401995
0.009696468371590711
0.010029640863031633
0.009914753797017516
0.010604076193102172
0.011281909882585412
0.010385790767675365
0.010985599551362935
0.012067135332171679
0.011686594964850082
0.011466282120611262
0.011496324781189294
0.014210178453403832
0.016803861483306287
0.8320715415890564
0.011676580744657411
0.011436239460033243
0.010905485789821543
0.011165855514831059
0.010965571110977594
0.010675158725390052
0.012387590378337235
0.008054530006362857
0.008366957376524516
0.008797497532966811
0.01127786604486
0.009197556970368934
0.5943778313730417
0.014962222958839604
0.26016436727742404
0.009109924903128473
0.009186126700728874
0.021850865461916256
0.008991812116847842
0.008774636993686684
0.017922662795615354
0.008965141487687697
0.0370088237161175
0.036500983939567
0.03713578366025513
0.038151463213356135
0.03802450326921851
0.037199263632323946
0.04030978226369578
0.4713387926109312
0.03732622357646155
0.037834063353012086
0.04138894178886559
0.03719926363232393
0.036818383799911064
0.03624706405129176
0.03751666349266802
0.016116773348717518
0.01536587822678863
0.017298059577117837
0.016354862045914475
0.01608930157596402
0.3936979753303478
0.030402095180535306
0.36211459392141226
0.016876825728230887
0.017096599910258872
0.02866221623948059
0.016711995091709928
0.015585652408816595
0.020805289231980797
0.016821882182723912
0.005657433880259099
0.005669574296311157
0.0055603105518426356
0.006021646361820844
0.00531750223080147
0.006482982171799051
0.007654532320822657
0.9185802997468725
0.005736346584597478
0.005451046807374111
0.005329642646853531
0.005566380759868662
0.005487468055530288
0.005851680537092031
0.005633153048154987
0.006822518164472791
0.006899608765201295
0.00657839792883252
0.006623367445924152
0.007452091403755595
0.008017422475764634
0.13025741836426588
0.7780433120691772
0.006302156609555375
0.006629791662651526
0.00806881620958364
0.006854639248109672
0.006514155761558768
0.008242270061222775
0.006694033829925278
0.005945147600441208
0.005832975004206468
0.005776888706089098
0.005920220356833488
0.005932683978637348
0.006967164588357726
0.006493546959811047
0.9126424747767446
0.006007465709460508
0.005932683978637348
0.005976306654950858
0.005826743193304538
0.0058703658696180475
0.008874098724348302
0.006001233898558577
0.015643429138990673
0.015291658907029245
0.01659527800194512
0.6248887785296
0.016057276470709994
0.01785751236368906
0.019595671156910226
0.15883460591387835
0.015498582572888902
0.015953814637780152
0.016864278767562687
0.015933122271194186
0.016305584869741586
0.01872659176029964
0.015953814637780166
0.015600334292877719
0.016405113442907116
0.014847143549901479
0.016745596929457998
0.015940817779428622
0.04093024215598276
0.0319125886030891
0.7299862774837236
0.017519423035255517
0.016838456062153714
0.013464574240876596
0.016807503017921808
0.01661146707111978
0.02052186832574985
0.015868594009554173
0.015483363187320192
0.01583618303207946
0.015361233241057365
0.015184823318677739
0.015985452966400675
0.026027248548010643
0.01625685284698476
0.7638278239157579
0.015388373229115775
0.01628399283504314
0.022404060142213536
0.014764153503772448
0.015184823318677725
0.016650382673831603
0.015361233241057365
0.012573568753344005
0.013457556935817776
0.013283085584013749
0.012468885942261585
0.013573871170353817
0.01930816293297971
0.017354083792774522
0.793658547933096
0.012887617186591269
0.013317979854374558
0.013864656756693856
0.013015562844580891
0.013411031242003374
0.025286714588131292
0.012538674482983203
0.005806200511711287
0.005838102712325083
0.0056466895086422966
0.005818961391956802
0.005474417625327785
0.008485985363270328
0.008326474360201343
0.9126836769200335
0.006169885598708583
0.005895526673429921
0.00587000491293888
0.005965711514780277
0.005748776550606448
0.0064952880449693304
0.005774298311097485
0.0065084984278458245
0.0065158278179672695
0.00691161488452546
0.006589121719181745
0.006552474768574513
0.006933603054889806
0.007864435600313694
0.9042122005027985
0.0067723564722179455
0.00686030915367533
0.007439330973269716
0.006545145378453054
0.006545145378453067
0.007131496588168896
0.006618439279667533
0.024947981689554664
0.02467748647523923
0.2213483146067418
0.021806075738659954
0.12434456928838947
0.07330420307948399
0.16100707449022053
0.10992509363295885
0.02688306283811895
0.02305451518934659
0.03485226799833539
0.02309612983770282
0.024615064502704887
0.027715355805243376
0.0784228048272996
0.006745330878208274
0.006482281763180657
0.006651384765698416
0.006977064622399275
0.006745330878208276
0.011868525547079567
0.010772487567797811
0.27566294640061123
0.006901907732391386
0.006952012325729978
0.6180714742023974
0.006682700136535033
0.007177482995753655
0.015626370047474133
0.006682700136535034
0.016630996968075573
0.016452648475120343
0.016749895963379065
0.01828072052791149
0.0169282444563343
0.02535521074846911
0.514698888294394
0.2631977884786875
0.015442007015040685
0.016244575233339238
0.015560906010344171
0.01631888710540392
0.01673503358896613
0.014817787289697364
0.01658640984483677
0.023904451233193503
0.02430142045944872
0.026320785653877327
0.02614819033811423
0.025216175632993304
0.13027494433801065
0.022937917464919976
0.5319560227135439
0.026148190338114222
0.024629351559398646
0.031412347468889684
0.025078099380382808
0.02732183848530351
0.027494433801066642
0.026855831132743053
0.009831460674157277
0.010032102728731914
0.010259497057249836
0.009737827715355779
0.009711075441412495
0.010313001605136408
0.016171749598715875
0.8538523274478337
0.01016586409844834
0.00984483681112892
0.01016586409844834
0.01016586409844834
0.00984483681112892
0.010192616372391626
0.009711075441412493
0.050823099033185194
0.05199895479487842
0.04794878494904619
0.054611967598641134
0.049298841564323626
0.05766048253636428
0.07377406149290118
0.2512411810817871
0.05169410330110607
0.05025694625903658
0.051607002874313995
0.05086664924658123
0.04982144412507613
0.057573382109572184
0.05082309903318513
0.01333265697787471
0.0145078245872118
0.014296463506395778
0.01209830826590915
0.013417201410201115
0.36589139422223343
0.047928238685841375
0.4059823640314169
0.014364099052256902
0.01370465248011091
0.024720792012242008
0.01472764011126046
0.01428800906316313
0.016815887589722772
0.013924468004159583
0.012074906367041208
0.013213483146067425
0.012359550561797761
0.013602996254681659
0.011715355805243454
0.014861423220973795
0.09143071161048673
0.7413333333333333
0.012299625468164804
0.011895131086142331
0.01397752808988765
0.0125243445692884
0.012569288389513118
0.01399250936329589
0.012149812734082405
0.010484427360536178
0.010484427360536178
0.010336585846639072
0.010028582692686777
0.010435146855903804
0.011691799724029173
0.012344766410408046
0.8378671397595111
0.010509067612852368
0.010854031145278931
0.010496747486694257
0.010176424206583877
0.010866351271437018
0.023050956041789833
0.010373546225113347
0.022587506357793493
0.023974661303000876
0.024552642530170615
0.026494659453460925
0.02432145003930272
0.025199981504600722
0.02651777870254774
0.6616960281130068
0.024390807786563114
0.023766588061219767
0.024228973042955567
0.024714477273778145
0.02353539557035189
0.020321819947288138
0.02369723031395939
