0.013585291113380983
0.017319260015889227
0.7862671660424464
0.01175802973555782
0.013573941663829298
0.015299057995687202
0.017500851208716382
0.014504596527068436
0.013937124049483595
0.013812280104414938
0.014039269095448862
0.014765633866757461
0.013585291113381004
0.013971172398138696
0.026081035069799124
0.012263064521149109
0.016558249556475457
0.7956778403726643
0.013757041924740879
0.012366812951954093
0.011215205370018765
0.04156162138047661
0.011692448151721687
0.011059582723811285
0.011049207880730794
0.01128782927158225
0.012065942502619642
0.010779461960637825
0.011267079585421254
0.01739861184599581
0.009311990149299669
0.00925213346330784
0.8676825201375004
0.009508662117558532
0.00939749970071656
0.009619824534400486
0.009363295880149797
0.009542865938125278
0.009388948745574874
0.00965402835496724
0.009970413695209741
0.0090469105399073
0.009568518803550348
0.00951721307270021
0.009175174867032638
0.017366351761790338
0.019770063539978046
0.5355991577692065
0.020198632306631666
0.016825982447314026
0.016732815324128444
0.22462593400041012
0.01671418189949133
0.016825982447314005
0.01688188272122536
0.017850820802355286
0.016062012037192316
0.016919149570499583
0.01751541915888724
0.030111614213576356
0.012232807849503691
0.014967032654049337
0.3373065037524389
0.014724939832813524
0.011962233519887195
0.012375215391407113
0.01969496304524284
0.01184830748636446
0.012061918799219588
0.01176286296122241
0.01226128935788437
0.01315845687187591
0.012631548966833262
0.012261289357884377
0.4907506301533729
0.0364808412561222
0.11171132238547965
0.20329155862863726
0.040946413137424385
0.038641601843849065
0.03561653702103144
0.22709593777009532
0.036624891961970635
0.037633246902909846
0.036768942667819125
0.03514837222702391
0.03514837222702393
0.03806539902045519
0.03648084125612218
0.050345721694036304
0.011499387233847597
0.06619019803227624
0.7279890961985592
0.02567891053614177
0.010800719284380757
0.012140787318604036
0.020032299075696657
0.010926708586743633
0.011121419326758976
0.011487933660905517
0.01153374795267384
0.011373397931484723
0.011877355140936213
0.011797180130341657
0.04555085959064934
0.012026251589183249
0.013263237466927803
0.4236848434869257
0.016441603958354808
0.012533072191870257
0.012103563206542281
0.027050475895955734
0.011313266673538797
0.010995430024396107
0.011605332783561833
0.012816548122186723
0.39706387657629805
0.011141463079407606
0.012335498058619396
0.015625536886231646
0.010601502220584919
0.024757304735201203
0.8052843781338896
0.02174877032125143
0.009932939017484975
0.011304175791189978
0.029253051172373323
0.010785698205112456
0.010451416603562485
0.010219466104527803
0.010853918940122666
0.011208666762175693
0.010178533663521686
0.01077887613161144
0.012641302197389868
0.022803051064218476
0.29703343381748437
0.3826390791997807
0.023362565086324987
0.020873298620626618
0.022243537042111964
0.04546907828628847
0.02298574952041653
0.023042842787978406
0.022357723577235734
0.020245272677445834
0.023944916415456256
0.02281446971773084
0.021387138028683642
0.028797844158216825
0.022503516174402265
0.020164667583242462
0.5914758450670841
0.024731743548412597
0.021286682785758307
0.021871394933548276
0.11936029330425581
0.020401713048562708
0.022677349515637123
0.021539531282099914
0.02165015249924936
0.026580698177910526
0.02141310703392912
0.021618546437206662
0.022724758608701164
0.009212087375252942
0.012922511456952085
0.374043315420941
0.011840789075767065
0.01021238979226275
0.009572661502314617
0.021622816200246555
0.009572661502314629
0.010200758368809149
0.009805289971386674
0.009561030078861018
0.010072812710819522
0.009386558727056998
0.010003024170097912
0.4819712936469168
0.020818133177683787
0.019358918235322778
0.1601974804221995
0.0206722116834477
0.02084245342672313
0.020818133177683787
0.03691813804173358
0.020574930687290292
0.019504839729558875
0.021645021645021707
0.021523420399824956
0.0216936621431004
0.020696531932487047
0.022301668369084163
0.5524344569288383
0.012741250470404808
0.015796641757611585
0.5158862426751251
0.3045893589950357
0.012257405515832489
0.01184524129527088
0.02793756608067666
0.01257100872712936
0.013054853681701697
0.012033403222049004
0.012096123864308382
0.011719800010752124
0.01296525276418831
0.011988602763292286
0.01251724817662134
0.01189439476646631
0.012644874436255263
0.8351918325155934
0.010195195514113993
0.012991794283610514
0.012212994626282371
0.010811155243091702
0.01254575447986804
0.01183067479450309
0.012326274576439188
0.011441274965839021
0.011335075012567
0.01152623492845664
0.011759874825655088
0.011292595031258203
0.01729926007125237
0.03455284552845526
0.7265460856855754
0.019023476751621426
0.017424865259888525
0.017093724308029575
0.031035900246642906
0.01608888279894031
0.01765323833013609
0.01652279163241065
0.017025212386955303
0.01689960719831913
0.018361194847903498
0.01755047044852468
0.016922444505343893
0.013222492155076421
0.02982336268853122
0.27698906771940485
0.514702905152343
0.013197185949994928
0.013538819718594991
0.029911934406316433
0.01398167830752099
0.014158821743091396
0.013361676283024586
0.013538819718594981
0.013222492155076418
0.012994736309343035
0.013108614232209716
0.01424739346087661
0.016328403724593234
0.15173720596290213
0.5885627155778599
0.04321179553226452
0.016535654542493793
0.016239581945493
0.019511184142351704
0.016032331127592447
0.01708338884694525
0.015899098458942093
0.01643202913354351
0.01628399283504312
0.01669849447084422
0.016609672691743987
0.03283445100738701
0.013808211433820976
0.016267401597060336
0.8111935552257782
0.014133276800226177
0.013129814147410117
0.013681011942618927
0.012536216521800614
0.013172213977810793
0.013030881209808538
0.01273408239700378
0.013143947424210338
0.012734082397003776
0.013299413469012826
0.012847148611405585
0.014288742845028663
0.01480625853197518
0.04814075863115026
0.74297315271798
0.017781511428471362
0.015226294235009936
0.01653307197778473
0.0178631850373948
0.0152496295518452
0.01450289941311674
0.015272964868680457
0.01636972475993789
0.01988168994364518
0.0153546384776039
0.01517962360133941
0.014864596824063344
0.012872259190574895
0.012520756820964086
0.8194005066482426
0.01181775208174248
0.012278341393646294
0.01296922536150201
0.01563579506199776
0.012532877592329985
0.012302582936378068
0.012314703707743962
0.011975322109499056
0.01196320133813317
0.012181375222719181
0.012496515278232312
0.01673878525629372
0.017863906072465612
0.01507595842275807
0.5108677355552745
0.1270567689264823
0.01747464545722343
0.01828472835921391
0.14913941842359982
0.0179796322013214
0.01837941337373227
0.017527248243066965
0.018737112317468337
0.019063249589698267
0.017706097714934997
0.018053276101502324
0.01679080924125742
0.0078109983049958875
0.010566108072529874
0.8888461740087724
0.00689068679702471
0.007304244499973779
0.007414914871185503
0.00922641410523003
0.007269295961696399
0.007345017794630728
0.008294453084499736
0.007513935729638099
0.007787699279477622
0.007368316820148993
0.007851771599652833
0.008509969070543622
0.016643736146143846
0.018267981349843327
0.592333562638539
0.01790491477489872
0.015726515325231203
0.016662844913246183
0.017541848199954146
0.015210578613467831
0.01580295039364058
0.01635710463960864
0.015841167927845266
0.016987693953986086
0.01622334326989222
0.016204234502789867
0.19229152335091332
0.020309978380682672
0.017683688072835782
0.6706403580889743
0.020370877866082018
0.023849760969519792
0.023065680095003184
0.0476157851466155
0.019990256082336105
0.01953350994184096
0.022060838585913924
0.018741816631649436
0.029277427605736716
0.021352882068146496
0.02405529673274258
0.021451843731920463
0.023210423590230577
0.025188584691670648
0.5587118214907422
0.021627894709078485
0.021680645671783554
0.02265653848182734
0.024423695732447164
0.022287281742891848
0.021812523078546236
0.021786147597193703
0.024001688030806618
0.021469641820963302
0.023579680329166047
0.022577412037769744
0.14498602099488303
0.008077335025207563
0.008807296889816687
0.8848843317437904
0.00801593636369839
0.007934071481686155
0.008384328332753462
0.008971026653841164
0.008206954421726951
0.008166021980720825
0.008254708936234088
0.008752720301808533
0.008036402584201442
0.00807733502520757
0.008125089539714702
0.007306440719592322
0.006084252020102734
0.006421985976479608
0.637031772195926
0.007576330394543832
0.006280843427545991
0.006099374436059911
0.009542244468976366
0.006109456046698023
0.005897742223297594
0.006094333630740845
0.006356455507331859
0.007561207978586666
0.0055902530988350746
0.006663944631794384
0.27668980396308096
0.03434565488791186
0.02910763719263963
0.5201243011453069
0.028999077240406006
0.03145524615969169
0.029826846876187387
0.05862237420615533
0.032065895891005794
0.029379037073223698
0.031835205992509344
0.03228301579547306
0.04548661998588718
0.03438636486999944
0.03400640503718177
0.028076317646420233
0.01552388136737211
0.017217876947102397
0.7564219637114392
0.017482563756435247
0.01548417834597218
0.016437050859570472
0.031166871798944014
0.015828271198104895
0.015762099495771675
0.01615912970977096
0.016728206349836613
0.01785312528950125
0.016900252775902957
0.015550350048305404
0.01548417834597218
0.023727209120467482
0.025270609540272396
0.6234720335843935
0.023747787792731557
0.02471498538914263
0.02539408157385679
0.046075647199242585
0.02549697493517712
0.02492077211178328
0.02411820389348473
0.025702761657817774
0.02432399061612538
0.025147137506688007
0.022821747540848602
0.035066057537967564
0.01996902909824258
0.018816623451454906
0.7310033131662347
0.01833045231921638
0.019698934024776734
0.018780610774992827
0.021319504465571886
0.0192127628925382
0.018600547392682232
0.018456496686833777
0.018996686833765476
0.01960890233362145
0.01939282627484876
0.01843849034860273
0.019374819936617698
0.023978406879668644
0.10089343627727909
0.19923419747661775
0.0343564957211308
0.024731655263323167
0.02692862971564881
0.38530747180549424
0.025861527838804917
0.026028916368505937
0.02565229217667867
0.024627037432260034
0.02615445776578169
0.024647960998472666
0.023915636181030795
0.02768187809930332
0.012809907860573051
0.017554743686955733
0.4582615289170748
0.015096160474253816
0.01245375795592932
0.013097125525608318
0.35185312837480787
0.012901817513384336
0.01243078054272649
0.013131591645412553
0.012097608051285574
0.012488224075733549
0.013372854484042174
0.012568645021943426
0.029882125870269546
0.031334594133570676
0.04842956205732919
0.5440723847665664
0.027848852300960455
0.02959172321726557
0.02999962917640081
0.048763303296621666
0.02892424073868063
0.029480476137501415
0.029851299736715266
0.029962546816479422
0.03070419401490712
0.030185040976007733
0.031037935254199574
0.02981421737679388
0.00985418712046834
0.00999963637685902
0.8529580742518449
0.013155885240536706
0.00967237554997999
0.009810552343551132
0.016653939856732466
0.00991963928584414
0.009832369732009747
0.00966510308716046
0.009774190029453464
0.01013781317043016
0.009330569797461902
0.009323297334642367
0.009912366823024604
0.022549937578027483
0.01481407169609418
0.6704454253611561
0.0169319600499376
0.021290351346531133
0.021580167647583387
0.05516541822721594
0.019930444087747475
0.020766452648475122
0.02185883716782595
0.021992598537542363
0.027454521134296424
0.020900214018191567
0.02211521312644909
0.022204387372926702
0.06075738660008308
0.05701206824802316
0.16138160632542653
0.07632126508530984
0.057012068248023164
0.06050769870994574
0.05817727840199735
0.0592592592592591
0.06067415730337064
0.05784436121514758
0.058177278401997344
0.057344985434872923
0.05792759051186003
0.058676654182272005
0.05892634207240934
0.009061053051406202
0.009447425327325861
0.8713442639296549
0.007185277969925275
0.00933525273109112
0.0093103254874834
0.008799316993525142
0.00965307508708955
0.009173225647640941
0.009316557298385332
0.009503511625443231
0.009628147843481831
0.00977771130512815
0.009235543756660242
0.00922931194575831
0.01246796767198896
0.01193820224719101
0.5447220579538734
0.013256455746106843
0.011802680859452002
0.01259116893356988
0.029691504041001373
0.012110684013404299
0.011617878967080615
0.01243100729351468
0.011815000985610103
0.013244135619948751
0.011827321111768182
0.01255420855509561
0.27792972600039423
0.012017263189225389
0.015539350646129421
0.8140610660515418
0.015601359228117164
0.011893246025249896
0.012562938710717555
0.02286876503708112
0.011744425428479295
0.011483989384130764
0.01233970781556167
0.011992459756430278
0.011794032294069494
0.012215690651586168
0.011533596249720965
0.012352109531959221
0.010903311649911292
0.21407451212300416
0.6406712004730929
0.011556278336290166
0.010681549379065642
0.010656909126749454
0.012751330573625076
0.01085403114527893
0.010878671397595107
0.011223634930021686
0.010706189631381825
0.011802680859452002
0.011359156317760698
0.01108811354228267
0.010792430514488475
0.017147096480836635
0.3952806595589379
0.24272774048413925
0.036448050160940985
0.017302652834117093
0.016536836941044127
0.13766737265319304
0.01773342427397063
0.017362482200763415
0.017350516327434146
0.01776932189395842
0.015938543274580892
0.016393246461092956
0.017817185387275482
0.016524871067714855
0.017861077015075645
0.06428414062254102
0.3792685613571267
0.019497686715135444
0.016995562269851716
0.01696408900638903
0.333270386806408
0.018034179964120437
0.0167752494256129
0.016617883108299456
0.016051364365971068
0.01635036036886661
0.016491990054448707
0.016680829635224832
0.03485663928492736
0.02388782314789434
0.03786425504704482
0.14188818854480675
0.027907189184251346
0.023819311226820045
0.023682287384671544
0.5371562985292775
0.023088517402027907
0.023842148533844837
0.02254042203343376
0.022197862428062435
0.02336256508632498
0.023111354709052657
0.023659450077646783
0.02199232666483962
0.02061361916530168
0.021782235121698905
0.6610247420902895
0.03365997107196568
0.021188348324185546
0.022261176087435455
0.04674463825588858
0.02370757780395989
0.022663486498654167
0.020508252152839638
0.019799419523549522
0.02164813165129265
0.021322451794591784
0.022720959414542555
0.020354991043803942
0.021925296082599435
0.02103451766373112
0.2534264601680332
0.04289907885413504
0.022269460471707657
0.022087255795120952
0.44101629719607227
0.02216823565138169
0.021682356513817173
0.021338192124708975
0.022350440327968398
0.021905051118534254
0.02241117522016396
0.021945541046664633
0.021540641765360826
0.010325239347472178
0.25566066732693543
0.6033377730724128
0.010962740343567482
0.010416310918342934
0.010564302221007921
0.014070557699532105
0.010393543025625238
0.010837516933620193
0.010723677470031747
0.01049599854285485
0.010370775132907553
0.010507382489213691
0.010860284826337873
0.010473230650137166
0.012543283160200742
0.013473723882882288
0.22819353167031775
0.017925706074953526
0.01333239111488004
0.01306150330954236
0.5960356158575366
0.013002614656208085
0.013520834805549714
0.012778837773537837
0.01322639153887834
0.012755282312204134
0.013532612536216576
0.013120391962876642
0.01349727934421601
0.008914754760142614
0.4155733476866491
0.46759290407948123
0.00941936352015068
0.008847473592141532
0.009273587656148349
0.009576352912153191
0.009127811792146022
0.008982035928143683
0.008522281280136329
0.008533494808136512
0.009105384736145658
0.0087577653681401
0.00886990064814189
0.00890354123214243
0.024158283820616872
0.18852089338588546
0.471263015471498
0.02957036688432649
0.022413083122536582
0.023785712885071652
0.040688667960860396
0.023471968939349337
0.023099398003804093
0.02270721807165127
0.022766045061474192
0.026315273447457672
0.02419750181383217
0.023354314959703484
0.033688256171931635
0.01786092855628582
0.021447247544343188
0.752367323864038
0.01632393470426122
0.016518267260264338
0.01810826090028976
0.02056391774432908
0.01770192919228328
0.016783266200268564
0.016853932584269704
0.017313264080277047
0.018320260052293164
0.016076602360257267
0.016783266200268578
0.016977598756271663
0.01132156233279827
0.010037453183520596
0.8559871589085072
0.00886748706973426
0.010665239878723011
0.011235955056179763
0.009302657392545028
0.01065097199928659
0.010187265917602988
0.010857856251114665
0.010608168360977343
0.009773497413946841
0.010729445336186898
0.009823434991974312
0.009951845906902073
0.016431841150942234
0.473503358896617
0.20790678318768227
0.021068901967778317
0.015647107781939205
0.01690743713215619
0.11753165685749924
0.0163010522561084
0.015813566375364085
0.01624160275845665
0.01606325426550141
0.014636466321859542
0.016134593662683508
0.016526960347185024
0.01928541703822598
0.012372034956304597
0.014956304619225947
0.8094382022471904
0.017827715355805226
0.012734082397003738
0.01235955056179774
0.020774032459425704
0.012621722846441944
0.012421972534332073
0.012022471910112338
0.013208489388264655
0.0128589263420724
0.01230961298377028
0.013058676654182252
0.011036204744069899
0.01955450423812338
0.05884092253104671
0.6978316577961756
0.016301990932387142
0.018430908732505417
0.01878572836585845
0.02117090479006505
0.018174650108417095
0.01847033313621129
0.01874630396215256
0.01803666469544647
0.018963138182534964
0.018332347723240657
0.01829292331953478
0.020067021486300005
0.029044339736619514
0.09745076718617855
0.09894889452700256
0.03549595263984537
0.029817566751238325
0.02957593330916997
0.4465627642865774
0.029817566751238332
0.03001087350489304
0.02952760662075626
0.02921348314606739
0.02793282590310494
0.029551769964963122
0.028053642624139136
0.02899601304820584
0.015933320759122988
0.01763083914890554
0.7102542684953157
0.07592128544355525
0.01527766550804296
0.014280710263250028
0.03144450731549585
0.015017199723367326
0.014819604990165125
0.01455015762670758
0.015115997089968435
0.014747752359909777
0.015609983922973929
0.01577165234104846
0.013625055012169998
0.018004144565486005
0.09713112416585867
0.6457727333219262
0.03703492461833876
0.01768094450464837
0.0173577444438107
0.021540333466415706
0.018403391699461973
0.018004144565486033
0.017243673834103298
0.01665430901728169
0.01769995627293293
0.01768094450464837
0.01716762676096501
0.022624004258636088
0.008187045105183147
0.1909178153158891
0.7038565738405234
0.00800869661222792
0.008153073963667873
0.007397216064952836
0.010395169303676515
0.008229509032077257
0.0075925501286657135
0.007881304831545612
0.008000203826849102
0.007974725470712637
0.0074991294894986875
0.00782185533389386
0.008085131680637304
0.015369138091948167
0.49769099305479786
0.23189459777220223
0.020084118153279287
0.015793365089754322
0.014847944923214914
0.08255457377307492
0.014969152636873814
0.015114601893264497
0.015514587348338861
0.015950935117510875
0.016023659745706208
0.015114601893264494
0.014375234839945211
0.014702495666824246
0.017757725622894193
0.019218255173311397
0.23312076121064895
0.02195132532211189
0.016731016731016773
0.018726591760299664
0.5312278570705539
0.018914580712333567
0.01719375876679252
0.018162624904197965
0.01715037670093854
0.01684670223996071
0.018162624904197986
0.017497433227770344
0.01733836565297244
0.011175383869893097
0.009963960144159427
0.8363164642579523
0.014638036685948498
0.011659953360186577
0.011064336695034179
0.02030144260375341
0.01035767285502287
0.011235955056179785
0.01099367031103305
0.010630243193312953
0.010923003927031931
0.010751385565886317
0.01033748245959398
0.009651009015011565
0.018073561893786564
0.018534524152501633
0.7305483530202627
0.02329780082589065
0.02126188418323244
0.01878421204263896
0.018841832324978346
0.01918755401901465
0.01805435513300677
0.019610102756170124
0.020051858254105395
0.01912993373667526
0.018611351195620813
0.018150388936905744
0.017862287525208832
0.006948642582671466
0.006837464301348729
0.8973477031261945
0.01053414215532994
0.007247434213726343
0.006920848012340789
0.007678250053851978
0.007212691000812989
0.00708066679174223
0.006615107738703241
0.0071918450730649695
0.007303023354387717
0.007282177426639704
0.007059820863994219
0.006740183305191329
0.018261778981523685
0.018279656396091994
0.6578262851626394
0.02746864748420084
0.017779088788179447
0.01806512742127233
0.10620971995030076
0.017716517837190356
0.017153379278288756
0.015383515236026582
0.01650085364654563
0.016920972888900793
0.01641146657370412
0.016581302012103
0.019441688343031824
0.012270501034545994
0.4705219873759199
0.35223016683690866
0.013972918467300508
0.012218118959692006
0.01183834891700062
0.02767083104161758
0.012676462114664385
0.01224430999711901
0.012178832403551509
0.012021686178989573
0.012060972735130054
0.012676462114664383
0.012833608339226331
0.012584793483669896
0.02074427168060128
0.017314215816088472
0.7185714826164251
0.018272613778231736
0.01701156382804323
0.021034313169144628
0.044742052232688935
0.018159119282714794
0.018108677284707244
0.01851221326876756
0.017515983808118633
0.017932130291680854
0.017642088803137494
0.018512213268767577
0.015927060870881096
0.00977073637033204
0.012936235563286451
0.48776111450644855
0.008705122780624611
0.009802077946499899
0.009598357701408777
0.3846003165499195
0.009684547035870407
0.00944948521461142
0.009277106545688151
0.009394637456317644
0.01009198752605266
0.009841254916709733
0.009449485214611416
0.009637534671618613
0.015193889733902469
0.03393683659617616
0.7503393683659617
0.02633171417823792
0.016322391770112667
0.01602799993457957
0.0171892121747379
0.015520991773383685
0.014703236674680655
0.015635477487202114
0.016584073401697635
0.015161179529954355
0.015520991773383688
0.015570057079305866
0.015962579526683316
0.00797458233388038
0.30511719900685863
0.5836805117198994
0.008995076379245034
0.008290199048941613
0.008448007406472233
0.012256449101544414
0.008163952362917122
0.008184993477254536
0.008458527963640931
0.008048226234061333
0.008321760720447744
0.00801666456255521
0.008342801834785155
0.0077010478474939794
0.012365741170644136
0.013518742068282411
0.8114495310613795
0.012621103785557313
0.011731203763890183
0.011692512458600306
0.029475036369827002
0.012141331599962875
0.012396694214876042
0.011909183768223613
0.011545485498498775
0.013743151638963716
0.012775869006716815
0.011630606370136503
0.011003807224440528
0.010521345762430662
0.38146099317930965
0.41519438010833976
0.0336440607673117
0.010253367277274753
0.009927964831014014
0.05503129605880212
0.00989606263040022
0.010017290992732655
0.010023671432855413
0.009838638669295382
0.013201130613989717
0.010380976079729952
0.010425639160589263
0.010183182435924407
0.009755047569848019
0.007228033923113354
0.8534590382711267
0.008894054845236553
0.010405097076929692
0.009780877351586377
0.020353868009815323
0.010288863059107149
0.009600068879417964
0.010275948168237964
0.010581600585475042
0.010650480003443966
0.009526884497825988
0.011102501183864986
0.008097636574970937
0.00726261861791933
0.006326289029904345
0.9010498534862512
0.006452426694611028
0.006821136791445943
0.007558556985115774
0.007621625817469115
0.006966680250722884
0.007519745395975255
0.007485785255477303
0.007364499039413186
0.007311133104344975
0.007184995439638294
0.006952125904795189
0.0061225281869166275
0.018000458610410438
0.5707916125251601
0.16497235598359197
0.021758516140538586
0.018064154500751568
0.017834849295523425
0.045593518306198885
0.017376238885067084
0.017197890392111878
0.017274325460521246
0.01747815230961295
0.020217075594282635
0.01738897806313533
0.018357155596320875
0.01769471833677287
0.01039417340701973
0.011309153460454566
0.8556405470360744
0.010711366492210474
0.009820785906867233
0.010711366492210474
0.011272554258317172
0.010577169417706696
0.010076980321828986
0.009930583513279414
0.009881784577096223
0.01033317473679074
0.010345374470836539
0.009637789896180266
0.009357196013126916
0.016421780466724285
0.39889369057908364
0.25441659464131383
0.021757418611351196
0.015545952175165658
0.01606453471622011
0.1440622299049266
0.01677902621722846
0.016248919619706124
0.016744454047824823
0.016398732353788525
0.015776433304523184
0.016260443676174022
0.0159723422644771
0.01865744742149236
0.011250700404022514
0.011870005013418249
0.8333775693768638
0.014126043233359854
0.012046949187531316
0.011737296882833448
0.012356601492229183
0.011781532926361716
0.011530862013034871
0.012002713144003049
0.011442389925978336
0.011427644578135582
0.011958477100474782
0.011766787578518957
0.011324427143236292
0.02055011410663784
0.01706685884626724
0.6767014992192704
0.021161594653912943
0.021478254223037542
0.0208995315622236
0.04982474530743278
0.02120527183586114
0.019567377512802887
0.019348991603061774
0.019348991603061794
0.032637774210807914
0.020757580720891886
0.02228628208907961
0.017165132505650733
0.011688339014434198
0.011751462357446443
0.8361212809830405
0.012635189159617907
0.010678365526238272
0.010720447754913098
0.019673441905483324
0.01147792787106004
0.01076252998358792
0.01120439338467364
0.010625762740394727
0.01084669444093759
0.010352228254008316
0.010552118840213768
0.010909817783949836
0.007850120385232756
0.00713951310861425
0.8916950909577304
0.008343365436062072
0.007524077046548974
0.0076829186730872304
0.007448836276083482
0.007933721241305524
0.007816680042803654
0.0077915997859818184
0.007858480470840028
0.007674558587479949
0.007983881754949173
0.0077079989299090575
0.007549157303370798
0.015833573417843052
0.06765581484682612
0.20782915586286368
0.02380437914145782
0.015101315663113379
0.016109670604052603
0.5227480072985695
0.016325746662825293
0.016541822721597977
0.016169691731489463
0.015857581868817788
0.01639777201574951
0.015593488908095619
0.014693171996542746
0.019338807260155567
0.01986774344569288
0.017926810237203505
0.6600928526841445
0.0213990324594257
0.019555633583021224
0.018404728464419474
0.09233575218476905
0.019867743445692882
0.01904845505617978
0.017712234706616727
0.01945809925093632
0.019614154182272147
0.01989700374531835
0.01855102996254681
0.016268726591760294
0.019677974878668545
0.018196707491840988
0.6981947806399555
0.03982561990437997
0.02003925960716306
0.018630249166034417
0.0268434553271433
0.021412141575442273
0.02000313113431363
0.01996700266146416
0.019533460987270723
0.021315798981177057
0.018847020003131126
0.01940098992015609
0.01811240772185893
0.006592882492390122
0.006663019540181508
0.9061706574646896
0.007139951465162916
0.006768225111868585
0.0066840606545189194
0.007357376313316212
0.006571841378052708
0.00656482767327357
0.006606909901948401
0.0068243347501016904
0.0064806632159239074
0.006747183997531165
0.0066419784258440915
0.006186087615200093
0.014316121241890236
0.07777163791162683
0.7285258181371638
0.026780049528253604
0.015073371400503435
0.013927263052332092
0.012699289822148511
0.01429565502138717
0.0147868443134606
0.012965350688688286
0.014490084116166237
0.01478684431346061
0.013896563721577502
0.01350770553201937
0.012177401199320493
0.00821364598599578
0.011568148510014647
0.8711805894805408
0.013678553981436239
0.00830483634587201
0.008565380231232695
0.01310535743364272
0.00812245562611953
0.008389513108614232
0.007848884546490804
0.008330890734408083
0.008565380231232702
0.008324377137274065
0.008376485914346199
0.007425500732779689
0.011256590419001053
0.009863703428565547
0.8407878581525161
0.010059739375367579
0.011751839126711454
0.011370084914518009
0.010936742295271425
0.011524850135677523
0.012216134790189962
0.012370900011349462
0.011978828117745392
0.01158675622414132
0.0123502646485282
0.01210264029467299
0.009843068065744276
0.015895202766876306
0.3093740479902509
0.4802788380553013
0.015357597261795934
0.015017113775245016
0.01618192570291919
0.02121749726717202
0.015124634876261107
0.016540329372972753
0.01603856423489775
0.01525007616077985
0.01568016056484416
0.015913122950378996
0.016235686253427226
0.015895202766876313
0.011078671345857041
0.012907094478358739
0.8399146735871522
0.01158001317251074
0.01084274578037295
0.011068841113961865
0.019758766109292492
0.010095648156339995
0.010449536504566129
0.010587159751098528
0.01031191325803375
0.010144799315815852
0.01010547838823517
0.01095087833121982
0.010203780707186867
0.01144795420818319
0.26270934916260363
0.5887923114974207
0.011674086636986809
0.01098155607377573
0.01168821991378704
0.014232209737827753
0.010826090028973235
0.011052222457776862
0.010684757260970972
0.0108543565825737
0.011306621440180928
0.011066355734577087
0.011589286976185456
0.011094622288177541
0.016040924454188372
0.1937334429524069
0.6001278889193389
0.015839956152370525
0.015291860783776387
0.015803416461130915
0.01985932218872752
0.015474559239974433
0.016406321366584462
0.015657257696172478
0.015730337078651697
0.015200511555677365
0.014835114643281275
0.014871654334520885
0.015127432173198146
0.008433514051491588
0.3867499541656846
0.49927319871140136
0.009821639035122188
0.00811922160236768
0.007726356040962787
0.015681883659411748
0.008341845420497115
0.007719808281606043
0.008485896126345578
0.007811476912600514
0.007556114297687343
0.007975170896519222
0.008119221602367674
0.008184699195935162
0.01237145499665759
0.013598527512980409
0.8259022188035122
0.010320229297729907
0.012206624360136616
0.012206624360136616
0.014981273408239688
0.01176707599608069
0.012005164693277646
0.011996007435693151
0.012811003360713521
0.01333296704302994
0.0123256687087351
0.012801846103129028
0.011373313919947248
0.01308397397989355
0.014747191011235951
0.4496476443918787
0.013687660161640051
0.01297309284447072
0.013663019909323868
0.36758328405282864
0.013909422432485706
0.013946382810959987
0.013527498521584864
0.014192785334121815
0.014279026217228466
0.013465897890794398
0.014587029371180766
0.016706091070372568
0.009746421180025885
0.017573635250392034
0.27665943383390285
0.4579886995939591
0.009753582400584323
0.009230813299818792
0.1378176896470233
0.009495778460480775
0.010197578075207105
0.010276351501349855
0.009832355826727075
0.009689131415558438
0.009954096576220418
0.010097320987389063
0.01168711195136095
0.024184055644729828
0.02339218833600858
0.13329052969502406
0.03004815409309793
0.022129481005885535
0.022835741037988244
0.5609630818619584
0.022300695559122553
0.023349384697699337
0.024291064740502973
0.022664526484751243
0.022300695559122532
0.022108079186730904
0.023135366506153058
0.02300695559122527
0.03739373402294739
0.03840437548302707
0.47464478925153064
0.03840437548302706
0.03715593603234042
0.0373937340229474
0.03923666845015148
0.03751263301825089
0.037690981511206124
0.037215385529992165
0.0379287795018131
0.03697758753938518
0.03685868854408169
0.03644254206051949
0.03673978954877821
0.00695794479774182
0.0065405779432600696
0.9081243753226352
0.0055520774984348705
0.006611969642053001
0.006403286214812125
0.006502136259294645
0.00715564488670686
0.007051303173086423
0.006441727898777549
0.006386811207398372
0.006381319538260454
0.006535086274122152
0.0068810614298109715
0.006474677913605056
0.006506123256916311
0.006464450730050556
0.9037416720059595
0.007282274069791037
0.007308319399082136
0.007068702369604037
0.007000984513447177
0.006563422981356729
0.006657186166804682
0.0068395034718423675
0.006875966932849907
0.007287483135649258
0.006969730118297862
0.007183301818484865
0.006250879029863553
0.009305852347142738
0.009374784586751207
0.8653523586314652
0.010110061809241504
0.009409250706555435
0.008972679855701823
0.010707474552514867
0.009501160359366727
0.010006663449828803
0.009558603892373785
0.009673490958387885
0.00955860389237378
0.009776889317800585
0.009570092598975191
0.00912203304152016
0.015137981289078993
0.013758951937692911
0.37495494648425887
0.04597025684421653
0.014283923338504657
0.014926425649945892
0.3914092739723883
0.015365207716296013
0.01608606396815692
0.01636030275962573
0.016469998276213264
0.018240797329697658
0.015145816683120959
0.015286853775876356
0.016603199974926694
0.014327545114061969
0.02153217568947906
0.5341504937010552
0.17042560435818868
0.015205992509363301
0.014967654068777668
0.10851889683350363
0.015035750766087852
0.01629553966632618
0.014906367041198496
0.014940415389853596
0.01528770854613552
0.013224378617637046
0.013701055498808304
0.017480422199523313
0.015016606600240314
0.01791392834428666
0.2070996160459802
0.47829364238098626
0.01541704944291339
0.015322827597578532
0.12738793489270495
0.014851718370904333
0.015558382210915657
0.014215720914894169
0.01398016630155706
0.017242597696275938
0.015452382634913952
0.015417049442913376
0.016830377122936
0.01245051555298076
0.010875144197297472
0.26636480518754546
0.0240015448802972
0.011916922029281591
0.012857062999608706
0.5605120465090278
0.013024763821342713
0.013040009350591275
0.011332510074753908
0.012704607707123217
0.01411736008415532
0.01387343161617856
0.012272651045081032
0.010656624944734964
0.01594830232700924
0.020829495916988995
0.7634002578743783
0.022042119481795283
0.015472462700313097
0.01594830232700923
0.017959108491434856
0.01600970098851841
0.01619389697304596
0.014858476085221294
0.01697672990728799
0.01705347823417448
0.015518511696444975
0.016946030576533398
0.014843126419844007
0.0073793108932305946
0.006894248431498842
0.8976597724182344
0.006600030217005812
0.007530395922294583
0.007164611115087032
0.008039313914931177
0.0077530475440730955
0.007140755584182192
0.007275936925976287
0.007204370333261766
0.0075940106713741585
0.007450877485945116
0.007093044522372511
0.007220274020531659
0.011921717571345691
0.011921717571345707
0.8383974257530203
0.010695257688452845
0.012014031756079577
0.011934905312021972
0.012370100754338796
0.01157883631376275
0.010893073798596853
0.010972200242654455
0.012251411088252383
0.011407395684971275
0.011499709869705164
0.010959012501978182
0.011183204093474725
0.013963844407089542
0.020835176501813647
0.7510542923707568
0.015836503583119502
0.013138104927895229
0.013550974667492385
0.020643486979857826
0.01363944675454892
0.013447757232593097
0.013890117667875764
0.01327081305848003
0.013683682798077185
0.012710489840455317
0.01363944675454892
0.05669586245539543
0.012005669604723402
0.03905831995719635
0.5745637501994688
0.014624576422329227
0.013470004599513752
0.013601419278533394
0.2250664113467189
0.013516938413449338
0.013460617836726642
0.012728450339331473
0.013066373799667696
0.01308514732524193
0.013160241427538877
0.013385523734429703
0.01520655571513051
0.017594673325010392
0.17929255097794422
0.5954556803995003
0.017761131918435275
0.017844361215147722
0.017245110278818136
0.018576779026217214
0.01784436121514773
0.016729088639200994
0.016579275905118596
0.01697877652933832
0.017827715355805237
0.017494798168955487
0.016745734498543493
0.016029962546816476
0.007391859077252316
0.008536033255134358
0.2725933242787176
0.6241099724245789
0.007531794048647963
0.006930896818537252
0.012166111042515505
0.007663497551137982
0.007540025517553587
0.007227229699139793
0.007153146478989156
0.007375396139441065
0.007482405235214205
0.0073589332016298125
0.008939375231510041
0.05229826353421873
0.0567926455566906
0.25039155600953383
0.049438202247191095
0.05175348995573724
0.051276813074566024
0.0725229826353423
0.05236636023152886
0.05148110316649651
0.05175348995573728
0.053728294177732484
0.05297923050732047
0.053251617296561235
0.0516172965611169
0.048348655090228225
0.010157757348768613
0.06368459879695829
0.801356259221428
0.011349449551696776
0.010384746339802554
0.010299625468164826
0.010554988083078002
0.010285438656225202
0.010583361706957232
0.010370559527862927
0.0102145045965271
0.00984564748609696
0.010115196912949749
0.010512427647259143
0.010285438656225209
0.020020429009193035
0.018703892861196236
0.10355237770968109
0.08425831347179669
0.02113267506525932
0.022017932130291677
0.046192259675405745
0.021019180569742363
0.020497105890364315
0.021382362955396667
0.021291567358983087
0.021132675065259343
0.021904437634774704
0.02151855635001701
0.5353762342526381
0.012766549552996878
0.01626836423510863
0.8046056979858764
0.017694600016233627
0.01332312937002126
0.01307962570007309
0.01500446423394909
0.013984067902737731
0.012998457810090373
0.012372305515937944
0.013056434874363747
0.013589823865678788
0.012244755974536517
0.013033244048654398
0.015978478913741774
0.01172161172161169
0.012552990081079936
0.8346380211548744
0.011211260649462868
0.010997242457916587
0.01183685228629046
0.013079804091040014
0.012791702679343094
0.01267646211466433
0.012207268387043639
0.011392352965386644
0.011499362061159785
0.011952092850969225
0.011573445281310423
0.0098695312178458
0.016952493593534373
0.29101780668900684
0.48846836191602594
0.01734673763059332
0.01653634710997216
0.016886786254024535
0.020741616838600846
0.016098298179906677
0.017083908272554026
0.016492542216965604
0.01594498105438376
0.016623956895985254
0.01651444466346889
0.01723722539807695
0.016054493286900104
0.007530061107825739
0.009469741770155726
0.2912832643406269
0.588835008870491
0.008034693475261187
0.007671988961166962
0.024671791839148426
0.007608909915237528
0.007671988961166957
0.007924305144884682
0.007932190025625861
0.007585255273013988
0.007924305144884685
0.007758722649319924
0.008097772521190622
0.02621722846441956
0.024253663503145444
0.5197265553979853
0.034798734591469475
0.02558088796771036
0.027217192102105475
0.12439547652812627
0.02805352532635184
0.02547180102541734
0.02508999672739183
0.02834442383913322
0.02939893094796561
0.028562597723719222
0.026271771935566055
0.026617213919493926
0.011459901926715288
0.12608981041739034
0.7122437159735894
0.014131819761380712
0.011946407197189052
0.01168384879725083
0.015089385690567166
0.012795860844048003
0.01200818564423334
0.012741804702884251
0.012641414726437284
0.012232132514768882
0.011807405691339406
0.01232480018533531
0.010803505926869735
0.020822376284962946
0.0626025978165591
0.6332695832337241
0.040409594389991234
0.019674874491991384
0.01800143437724121
0.04449756952745238
0.021244720694876082
0.021101282970754642
0.019969718702685442
0.021483783568411827
0.019451749143358028
0.019794405928759258
0.02165909634233804
0.01601721252689456
0.0186712422280032
0.01970443349753701
0.7419235807457419
0.017139905167801353
0.019685983653438162
0.018929540045386647
0.016770908285825028
0.01780409955535881
0.017877898931754063
0.01887419051309023
0.019944281470821626
0.018966439733584313
0.017840999243556442
0.018726591760299678
0.017139905167801384
0.05910295058006753
0.05919429980816655
0.11829725038823406
0.0621174751073352
0.05974239517676069
0.06120398282634502
0.0942724033981911
0.056453822965195896
0.05928564903626558
0.059011601351968514
0.05882890289577048
0.05901160135196851
0.061295332054444054
0.060564538229651896
0.07161779482963349
0.010090201101437058
0.012673551999394713
0.10125870800028097
0.010760359074965826
0.009998324605066191
0.009890234609335738
0.7615804919175708
0.009014705643919131
0.01027935859396535
0.009620009620009633
0.010036156103571838
0.010209100096740555
0.009792953613178343
0.010592819581583632
0.014203025438980506
0.012423756019261623
0.023049759229534506
0.8128945960406648
0.012718031032637776
0.013081861958266452
0.013953986088817556
0.010609951845906905
0.01291064740502943
0.013616907437132147
0.013857677902621728
0.01356340288924558
0.011626538255751736
0.01189941144997325
0.01476725521669342
0.00902621722846442
0.017525022050082457
0.02890158632767061
0.7526939448556198
0.018879983638199687
0.01606779921003183
0.017000933133923896
0.016451278904781992
0.01615727780547355
0.0168603239125155
0.01678362797356547
0.015735450141248362
0.0171415423553323
0.016988150477432223
0.016438496248290326
0.016374582965831982
0.05243445692883876
0.05528415567497138
0.2533789285132714
0.05137599739456095
0.05300439667806529
0.05137599739456101
0.06342615209249293
0.05259729685718921
0.05039895782445839
0.05219019703631313
0.05145741735873618
0.05381859631981748
0.05259729685718923
0.05194593714378747
0.05471421592574481
0.008431743483910426
0.02145436826415961
0.8664727126805774
0.011661125124206993
0.008173775128028745
0.0076339524573874554
0.011140411220668046
0.008469961018115112
0.007466750745241923
0.007519299854773377
0.0080830084842926
0.00885691355193763
0.008235878621111371
0.008307536497745164
0.008092562867843777
0.015248033974625728
0.14018801284718876
0.6427862607637883
0.02741231580182887
0.013551436772410547
0.01576021426208691
0.024445938303616195
0.015034625521516897
0.014490433966089384
0.01429836635829144
0.014981273408239681
0.017840946679897975
0.014597138192643803
0.014938591717617905
0.01442641143015675
0.01934552148797057
0.03421570494508983
0.5842537929283312
0.09579127785183775
0.02066273090839842
0.020472290992191996
0.061004253158128664
0.021043610740811312
0.02148797054529299
0.020583380943312406
0.021281660636069358
0.019980321208658672
0.018837681711420074
0.019520091411159804
0.021519710531327382
0.014770497916565317
0.03357815717366278
0.76537445076771
0.02091541417384113
0.014462441428733557
0.014867778912722715
0.01896979425069311
0.014348946933216582
0.013749047456912607
0.015078554404397083
0.014575935924250515
0.015354183893509718
0.015467678389026698
0.014705643919127041
0.013781474455631739
0.008116284849887303
0.0073963609561275
0.8860891848576006
0.00829626582332726
0.00845910575167769
0.00811628484988731
0.00859623411239384
0.007996297534260668
0.008279124778237739
0.00836483000368533
0.008133425894976823
0.007884880741178794
0.007936303876447354
0.008004868056805432
0.008330547913506292
0.0104195759125185
0.02228571837784025
0.27974591989458675
0.01457308383640904
0.010047192443480032
0.01044822079475223
0.567655631225786
0.010118804649064355
0.010283512721908286
0.009617519209974118
0.010512671779778108
0.010290673942466716
0.009216490858701928
0.009796549723934919
0.014988434628798092
0.017718236819360366
0.01807836358398151
0.7456544703735716
0.020119081916834675
0.0179583213291078
0.017910304427158314
0.01995102276001147
0.01781427062325934
0.018198405838855226
0.0182944396427542
0.017142033995966532
0.017886295976183568
0.017382118505713966
0.018174397387880483
0.017718236819360366
0.05785321539564909
0.05331102079847002
0.21595346242728447
0.05570164953382742
0.05450633516614873
0.05721571439955374
0.05259383217786275
0.056737588652482344
0.05769384014662523
0.054346959917124855
0.055861024782851244
0.05761415252211334
0.05633915052992266
0.05785321539564907
0.05641883815443464
0.0218055651294777
0.019783552767629397
0.11849451988695124
0.042439282185611535
0.021070287906987402
0.021116242733393048
0.045265504009558616
0.02040394292410558
0.020518829990119693
0.02113922014659587
0.021368994278624095
0.02185151995588336
0.01973759794122375
0.021552813584246676
0.5634521265595918
0.02167409081842961
0.15970421588399114
0.5112691975267603
0.020662042269648143
0.02302595128869979
0.023321439916081182
0.06221513049516507
0.02467330038635136
0.023336214347450302
0.020706365563755356
0.021725801328221377
0.025707510582186476
0.021038790269559488
0.022641816073103886
0.01829813325059651
0.012759331734208639
0.03435593149013171
0.3248579724782216
0.45101207759963113
0.013811387451079415
0.013558894079030425
0.044783907755754755
0.013146488238017074
0.013087573117872323
0.012776164625678574
0.012296427218785504
0.015376846357783107
0.01300340866052267
0.013163321129487014
0.012010268063796665
0.012474662796226312
0.056947190177089366
0.15914683483062644
0.02579598441814099
0.0134964924134364
0.011661369835589684
0.5997430828391014
0.014243053643969517
0.013192028894839133
0.01548593211714753
0.012708223851588618
0.0138593461958743
0.01341307775080703
0.01277495558169213
0.025057764653870825
0.01424015034210775
0.0340784267016054
0.7682931671100182
0.021122007384762036
0.014703352258440243
0.01508714813197289
0.016304707454904036
0.014279853363507677
0.0153386006008391
0.014412196768174106
0.014862164344039962
0.013922526170908315
0.014862164344039969
0.014412196768174103
0.014081338256508038
0.034086381384970894
0.035520758626185304
0.08576380588094652
0.03787154354928672
0.03326958323372379
0.02992270300422343
0.4869710733923021
0.03392700613594705
0.03239301936409271
0.032313331739580814
0.034504741413658405
0.032990676547932064
0.030460594469678838
0.03095864212287829
0.029046139134592378
