0.8620841595064987
0.04632077550121172
0.09159506499228902
0.637089667327605
0.08679224498788288
0.27611808768451207
0.3208385783331005
0.5707336783377621
0.10842774332913704
0.26126395162193444
0.2234872522303931
0.5152487961476727
0.26784878277153557
0.12506196298744218
0.6070892542410222
0.6718893770330341
0.2687687103922865
0.059341912574679606
0.48180904689537196
0.34177898469485224
0.17641196840977605
0.8192786247781235
0.08141185048237787
0.09930952473949867
0.9675683173810523
0.014463402228695597
0.017968280390252927
0.9683937654351272
0.01032552104629039
0.02128071351858215
0.9541312967592451
0.027737333223446223
0.0181313700173072
0.2698136617154257
0.645481847381176
0.08470449090339854
0.8171267397234938
0.09340176631063021
0.08947149396587598
0.8798111403299066
0.047553589927484194
0.07263526974260882
0.9541103281914551
0.01696184853678664
0.02892782327175775
0.11011772918260773
0.6651228974534523
0.22475937336394028
0.20943578591277093
0.6936692038178066
0.0968950102694214
0.1792107292355145
0.5349608944701475
0.285828376294338
0.43556501119163266
0.4005939321410375
0.16384105666733148
0.975187265917603
0.0084160787387858
0.016396655343611163
0.8715846994535509
0.07618806410020261
0.052227236446245454
0.19454991605320948
0.6252356967583624
0.18021438718842844
0.9787091861314424
0.007327458933594398
0.013963354934961968
0.8195588847274241
0.045748370092939326
0.1346927451796365
0.014014172425313429
0.007684056900705103
0.9783017706739818
0.03984381225595664
0.01595346242728501
0.9442027253167579
0.05269424779718998
0.9308306813015529
0.016475070901257823
0.8657238045466429
0.024050605347966162
0.1102255901053916
0.04672488194105193
0.7529921836834393
0.20028293437550887
0.05313670411985018
0.15128106911814784
0.7955822267620024
0.23909359111166892
0.08160190822923861
0.6793045006590919
0.010678616015694642
0.006197610130194383
0.9831237738541132
0.008499238730317793
0.005389917834268053
0.9861108434354113
0.00891370129717808
0.007654836464857318
0.9834314622379637
0.21798434809295678
0.6997777815666686
0.08223787034037505
0.21331411744820156
0.040513491152686244
0.746172391399113
0.03428406799193308
0.8244021895707281
0.1413137424373381
0.08664687275620489
0.02016262055849882
0.8931905066852961
0.03998041961226278
0.04452261420944184
0.9154969661782958
0.3130533398137824
0.09407134212005991
0.5928753180661578
0.16524752222986572
0.0329638971693546
0.8017885806007796
0.08455220448124055
0.03186805966226422
0.8835797358564954
0.06039918456359926
0.029962546816479495
0.9096382686199226
0.3119147940074906
0.5197799625468165
0.1683052434456929
0.01563434362509045
0.009811789884493098
0.9745538664904165
0.18794232961306742
0.029812233036463673
0.7822454373504694
0.1301868706333442
0.057830087061358
0.8119830423052975
0.021582658548323048
0.011643964597326003
0.9667733768543517
0.03405689125152699
0.019666277368343324
0.9462768313801294
0.21252808988764046
0.5877340823970038
0.1997378277153558
0.013628797336662498
0.010588616081749658
0.9757825865815893
0.05479992115119263
0.03422883050322436
0.9109712483455833
0.11627132750728264
0.08186433624635867
0.8018643362463593
0.1758610008166486
0.6643293627326741
0.15980963645067747
0.5549370105549883
0.06084439904664624
0.3842185903983657
0.1995082677265664
0.030051721062956997
0.7704400112104761
0.2703926028537389
0.012763725708161604
0.7168436714380999
0.050999562235517305
0.7924023542001079
0.15659808356437582
0.34547276430777346
0.020139299559760824
0.6343879361324662
0.4887758722649315
0.10105263157894735
0.41017149615612053
0.015976123595505622
0.014770599250936337
0.9692532771535579
0.020512820512820457
0.009536156727167937
0.9699510227600109
0.06574114088159032
0.01499927974647076
0.9192595793719388
0.02554661402976009
0.0063012450652900065
0.9681521409049498
0.06198501872659176
0.9117602996254692
0.02625468164794006
0.15920731543804134
0.016840524523343423
0.8239521600386154
0.02025401209382133
0.008474044316113273
0.9712719435900657
0.017948070529815254
0.006361430234678557
0.9756904992355071
0.08619237089495589
0.04523577154392198
0.8685718575611234
0.031203034423531173
0.8076528543142727
0.16114411126219627
0.04543755334080989
0.013069820915945456
0.9414926257432452
0.6902896608597054
0.10088307047383431
0.20882726866646045
0.02158833148704967
0.014427388299836497
0.9639842802131147
0.3182340971423514
0.5732106520392815
0.10855525081836684
0.2653793536522461
0.6842270515149479
0.0503935948328063
0.06214347450302493
0.3391529818496105
0.5987035436473643
0.2415014320334875
0.7175479180436218
0.04095064992289056
0.8256407096248519
0.009893939705167436
0.16446535066998058
0.2560787111348911
0.6686285000891741
0.07529278877593489
0.1132508643042351
0.05487431575914723
0.8318748199366172
0.22491435468697296
0.09698777002680287
0.6780978752862238
0.6621789727126807
0.015008025682183002
0.32281300160513654
0.9755952165901942
0.00638269687006997
0.0180220865397353
0.7213300659558404
0.029606263632176714
0.24906367041198507
0.21159597015358694
0.6782510234300153
0.11015300641639786
0.020004200357030315
0.019584164653995578
0.9604116349889745
0.6546755455883808
0.18393250799026667
0.1613919464213521
0.043227673619119826
0.9292370973233604
0.0275352290575198
0.0874834404592513
0.8867409188296294
0.02577564071111981
0.801124928359124
0.11378570381329388
0.08508936782758207
0.05839570879173015
0.6901990991141839
0.25140519209408513
0.13887246205401144
0.1652868125369603
0.6958407254090286
0.7388993526877531
0.18038145959169546
0.0807191877205517
0.9164245124628697
0.02789078307288302
0.05568470446424724
0.04905276171775576
0.012281371586487807
0.9386658666957559
0.024275211541129126
0.01976695796920513
0.9559578304896653
0.9482397003745309
0.02747565543071154
0.024284644194756514
0.31449934893211434
0.45625763494556554
0.22924301612232006
0.01631931377643973
0.7740384328202149
0.2096422534033408
0.10523690365209429
0.5259555468328345
0.3688075495150713
0.5596987282380542
0.01850022636539486
0.42180104539655083
0.9564501140491681
0.00939145616851117
0.03415842978232102
0.409808052434457
0.03483146067415731
0.5553604868913856
0.07112560403596449
0.8106546627441243
0.1182197332199104
0.03330702842183065
0.019916575852091296
0.9467763957260785
0.1003419638495359
0.020528686967377714
0.8791293491830897
0.46237183639734647
0.015420585103610565
0.5222075784990436
0.8815346363264401
0.02121297957385196
0.0972523840997074
0.20940288054565934
0.017234554368015593
0.7733625650863247
0.5220074124055116
0.009299733036054797
0.46869285455843374
0.8552442358444345
0.06337015439561307
0.08138560975995199
0.09936617689426695
0.06176894266781896
0.8388648804379135
0.10804429246051131
0.032445855723823476
0.8595098518156653
0.16320996603707727
0.012529141440582788
0.8242608925223399
0.05664651708161151
0.819849048871282
0.12350443404710684
0.28804341108268133
0.5757283593527893
0.13622822956452962
0.49091797308700147
0.2415212210033901
0.267560805909609
0.8513216182122217
0.021865618368684052
0.12681276341909423
0.9058247326588356
0.030589591065466732
0.06358567627569595
0.6820536828963804
0.11707240948813984
0.20087390761548074
0.23780702298921932
0.10213752146833029
0.6600554555424504
0.2234252638747021
0.0805992509363296
0.6959754851889682
0.9532077151622516
0.02117508153567732
0.025617203302073975
0.9244182476822002
0.03952027179140822
0.036061480526391125
0.2897442027253168
0.6638576779026216
0.04639811937206145
0.9546722059610345
0.017033330186006942
0.028294463852956846
0.18481705560357242
0.015330027748714925
0.7998529166477125
0.9532021849764234
0.01877636343275226
0.028021451590827102
0.7917668416662582
0.1146656199401404
0.09356753839360188
0.5376599056374335
0.18915073690354595
0.27318935745902007
0.27537401452604116
0.4378090922258781
0.28681689324808074
0.3319713993871297
0.591411304051753
0.0766172965611168
0.8139560718593287
0.12927696311813622
0.05676696502253538
