0.04099327894925858
0.623313324098303
0.33569339695244044
0.03472094308344081
0.03292503223429729
0.932354024682262
0.1364322822278603
0.08224598284402566
0.7813217349281144
0.038392775581046354
0.7622310091479729
0.19937621527098096
0.032039782205016756
0.2590406949296573
0.7089195228653261
0.018671351076640922
0.19369593318086897
0.7876327157424898
0.011580918588606342
0.8488074117878964
0.139611669623497
0.15853538340232598
0.14823575793416136
0.6932288586635127
0.01170878594447969
0.011882986798063877
0.9764082272574597
0.12238938614867007
0.142808777164138
0.7348018366871919
0.026865859017010957
0.039943087899901704
0.9331910530830875
0.062464727310040526
0.1729516186958084
0.7645836539941513
0.022369298650659286
0.9571084090092843
0.020522292340054357
0.4588835668561709
0.11670919318978772
0.4244072399540414
0.02962895570819879
0.02818844864971419
0.9421825956420858
0.030396513174652588
0.2991537656015614
0.6704497212237834
0.019488913194789688
0.7174218068122811
0.26308927999292936
0.013569994029202604
0.8380502632578873
0.14837974271291307
0.011949790484666416
0.011671672785256026
0.9763785367300761
0.6158128028038345
0.019070198948562007
0.3651169982476034
0.05338206759622755
0.5800279770768472
0.3665899553269257
0.029015577119509705
0.03319713993871296
0.9377872829417773
0.007873106593636593
0.2177191805041386
0.7744077129022253
0.026027248548010622
0.03003492011796849
0.9439378313340219
0.020484920165582485
0.01789079440173466
0.9616242854326829
0.05108305339974504
0.5070852156453918
0.4418317309548629
0.49729873056908946
0.04900401047363361
0.4536972589572769
0.7728051799657214
0.08014346473687547
0.14705135529740365
0.01675920663373114
0.025058657223217998
0.9581821361430498
0.025638683353125632
0.5405895070186653
0.43377180962820855
0.3468432316746923
0.4099785981808455
0.24317817014446227
0.05034929742077709
0.02188753419927215
0.9277631683799494
0.08854516270246608
0.3903108127827227
0.5211440245148111
0.5135567719837385
0.19165146131438276
0.29479176670187923
0.006322623806625323
0.10531857140507019
0.8883588047883083
0.6720505617977529
0.06203990701278573
0.2659095311894615
0.5706986637074029
0.10651038054283997
0.32279095574975747
0.5846422338568934
0.030933192148557748
0.38442457399454855
0.36204849869866074
0.047432235129816536
0.5905192661715223
0.021958852803858158
0.9497460366322894
0.02829511056384999
0.020140907781357256
0.9580157670045293
0.021843325214111742
0.03142124975359743
0.5096392667060912
0.4589394835403114
0.029249152844658385
0.053103263777421125
0.9176475833779204
0.018110922990097974
0.706308894703538
0.27558018230636383
0.009701831520667819
0.011767327453954875
0.9785308410253766
0.049949659699569035
0.2448632757440298
0.7051870645564015
0.01500279822635501
0.015314908089026663
0.9696822936846184
0.055777052877451605
0.4994241069630703
0.44479884015947807
0.009346575708935254
0.13334336543606207
0.8573100588550028
0.03995673856876767
0.016733761941957567
0.9433094994892749
0.023871544652229702
0.14986457239868853
0.8262638829490817
0.047890029704249014
0.020187588789874727
0.9319223815058763
0.006757330036483523
0.10853544719585949
0.8847072227676571
0.007808158876548837
0.011762753205891483
0.9804290879175594
0.01605008128328793
0.09739624031112186
0.8865536784055903
0.010871924113549675
0.055234694949070656
0.9338933809373796
0.04155194135184903
0.44884533602403404
0.509602722624117
0.7932806594496603
0.054435380431994265
0.15228396011834525
0.0654669468042994
0.684723364087573
0.24980968910812684
0.02891991542453737
0.02115551517057797
0.949924569404885
0.012836856304289823
0.7654679671518773
0.22169517654383195
0.2963837220281374
0.09221666194567689
0.6113996160261854
0.015816660401264216
0.01419461732314161
0.9699887222755935
0.026506639427987772
0.7641811372148452
0.20931222335716732
0.72267520230427
0.026669476753120817
0.2506553209426085
0.02419273205790058
0.9174005466140296
0.058406721328069636
0.024324433168217193
0.02647899802666028
0.949196568805123
0.5645574610684009
0.06599363577483038
0.36944890315676826
0.0081994281341871
0.6196045265998148
0.37219604526599825
0.03318501445842267
0.044805104730198296
0.9220098808113787
0.015996767888535816
0.6657276072547799
0.3182756248566843
0.01587446586076348
0.01767100068004426
0.9664545334591903
0.011663597298956432
0.49828598230112886
0.4900504203999146
0.14957439564181146
0.07871978209056871
0.7717058222676203
0.013304447871533096
0.5237448287679618
0.4629507233605048
0.5524103867594813
0.09137999094961628
0.35620962229090253
0.04193418940609954
0.04721776350989836
0.9108480470840021
0.057937132724222226
0.11406124509967638
0.8280016221761014
0.13704994192799075
0.31708622062143565
0.5458638374505737
0.025927098169541644
0.8733449385451293
0.10072796328532994
0.014415942336230702
0.014863496101571188
0.9707205615621973
0.014138231269953125
0.021656508699918472
0.9642052600301273
0.5704427684572372
0.14760658765584128
0.2819506438869219
0.08710702530927254
0.3198085726175607
0.5930844020731665
0.829134952277395
0.024586202730457928
0.14627884499214697
0.1322652240255237
0.018102372034956318
0.8496324039395193
0.027590778051955325
0.06721608650168097
0.905193135446364
0.06811305687710184
0.07345547794985996
0.8584314651730384
0.3521301498127342
0.23312265917602995
0.41474719101123597
0.012783139463579857
0.5424107774601635
0.44480608307625674
0.020923094252485175
0.01965588127622427
0.9594210244712916
0.011787181345898283
0.017382505738794258
0.9708303129153074
0.01843691745645512
0.01163127528260285
0.969931807260941
0.03272505113289233
0.9450421016282811
0.02223284723882372
0.037652049981770554
0.5116834045938152
0.45066454542441403
0.019720461155399393
0.6704747557173647
0.30980478312723614
0.1477059925093633
0.6839887640449438
0.1683052434456929
0.04076193102180559
0.2918820799154433
0.6673559890627507
0.07950421894810476
0.05242717031725892
0.8680686107346355
0.725840348467237
0.04931140150047547
0.22484825003228706
0.3386507606232949
0.044504554492070095
0.6168446848846351
0.01598611491732896
0.17944033372918003
0.8045735513534912
0.1536006128702758
0.1765619679945522
0.6698374191351717
0.027854791899735703
0.01913192924428879
0.9530132788559752
0.01832204517871825
0.09341111067611475
0.888266844145167
0.24884490181665433
0.13048234099898498
0.6206727571843604
0.01622654423087891
0.37881898895416255
0.6049544668149587
0.01356063541263076
0.04173496657030172
0.9447043980170666
0.013652289476863599
0.013265675969554193
0.9730820345535816
0.01303733654730897
0.7403937120122335
0.24656895144045723
0.11094183118559424
0.5205780909456399
0.36848007786876574
0.036020711162839385
0.10359311816404795
0.8603861706731131
0.0369356486210419
0.6269118147769839
0.33615253660197497
0.011635311768070908
0.7355934764541437
0.252771211777785
0.04238749182569396
0.01928541703822598
0.938327091136079
0.035767790262172285
0.03219002562586243
0.9320421841119647
0.1428571428571429
0.23982384656541983
0.6173190105774368
0.19198535462958283
0.025662988528912814
0.782351656841504
0.21477185775844695
0.040332648705247595
0.7448954935363052
0.023055596089303947
0.30196021207257173
0.6749841918381243
0.07965804517206669
0.07817444261155553
0.8421675122163776
0.09305035372451095
0.44283534470800395
0.4641143015674853
0.021368836899081617
0.943307167410598
0.03532399569031861
0.033806947664625504
0.31349701761686793
0.6526960347185072
0.035744293017758215
0.31517637174064733
0.6490793352415941
0.035655430711610474
0.047233814874264306
0.9171107544141239
0.5670737664875418
0.08070346849047387
0.35222276502198335
0.06792357011362914
0.04622928965911255
0.8858471402272584
0.010699463508452262
0.043233120761210664
0.9460674157303371
0.21244995479788178
0.26152654010073595
0.5260235051013821
0.06080197372332209
0.0586617918078593
0.8805362344688185
0.8676040195657068
0.05585231575284987
0.07654366468144326
0.020666315865498712
0.1430546527584322
0.8362790313760688
0.3863506351930403
0.023723947371261433
0.5899254174356984
0.16151685393258433
0.12499999999999983
0.7134831460674159
0.2619139868268112
0.1564639028800207
0.5816221102931678
0.5881297803033565
0.06237892289810151
0.34949129679854213
0.7618719525121903
0.1448130874143171
0.09331496007349309
0.1411908135358664
0.03318066493129923
0.825628521532834
0.11440440828275003
0.04016531060312541
0.8454302811141252
0.9308176100628943
0.012283102382741981
0.056899287554364915
0.16897823033707865
0.7877457865168539
0.04327598314606742
0.007985964643172144
0.038437448070458034
0.9535765872863694
0.008681563775617558
0.006021966923368261
0.9852964693010143
0.011135905901595137
0.006899041703097593
0.9819650523953066
0.0647585255273014
0.024301202444313028
0.9109402720283853
0.06497141730731322
0.03115842039555815
0.9038701622971278
0.01541012665465876
0.6691254252794696
0.315464448065872
0.015069745495296211
0.7406440767937718
0.24428617771093195
0.044487612488318895
0.0715583909111646
0.8839539966005163
0.020561033402124815
0.9556421819664226
0.023796784631455493
0.009232136871711892
0.30293358982206076
0.6878342733062275
0.015337682735290566
0.01305424670774436
0.9716080705569645
0.012220374079228748
0.47610803715898875
0.5116715887617821
0.009974618503729849
0.009742470671990598
0.980282910824279
