0.03760047132096118
0.5384210747801198
0.423978453898919
0.5307320394960845
0.4288866189989785
0.04038134150493701
0.37991376325811205
0.5729864979699749
0.04709973877191315
0.4775030096308185
0.3927819020866773
0.12971508828250405
0.8195195336373468
0.11406766646294599
0.06641279989970682
0.7877307887753371
0.17498541396119174
0.03728379726347083
0.8159417065302034
0.083194274483628
0.1008640189861682
0.11505617977528068
0.7616479400749073
0.1232958801498124
0.014281213903181737
0.9194931569183372
0.0662256291784801
0.21617777396574897
0.7262486777024908
0.05757354833176091
0.48103561024909347
0.5010899074569488
0.017874482293957935
0.8101836989477438
0.11894060995184598
0.07087569110041016
0.8463063704306258
0.11115630348941621
0.0425373260799565
0.851046407044957
0.13563690548105195
0.013316687473990837
0.10279430124109569
0.6528695747962103
0.24433612396269358
0.013125546051161185
0.4609518391341746
0.5259226148146642
0.8827908603189508
0.07971914713487745
0.03748999254617231
0.21670777381931128
0.13314149995432528
0.6501507262263637
0.00460255742991561
0.9907370555198368
0.004660387050247143
0.012768130745658843
0.9772727272727271
0.009959141981613902
0.010324527850824753
0.3517859988843729
0.6378894732648014
0.011685772051686336
0.973441857602144
0.014872370346169683
0.8840593308468793
0.09776140992861218
0.018179259224507936
0.06131313493915351
0.9057567816587094
0.032930083402137114
0.012068248023304189
0.9756074138096609
0.01232433816703479
0.7016717929403888
0.26245475278806496
0.03587345427154606
0.03382457480557237
0.129621966875683
0.8365534583187416
0.774518920315124
0.18686555598605184
0.03861552369882472
0.015949266315656192
0.9692684868552002
0.014782246829144767
0.01156589976814693
0.4100499375780273
0.5783841626538263
0.6064250672574771
0.1767421005433349
0.21683283219918772
0.28233531614893165
0.6457986340603659
0.07186604979070282
0.03838157811210562
0.8915603377134512
0.07005808417444301
0.07923551443049133
0.6979621061907908
0.2228023793787177
0.7661556148339755
0.17916453354170597
0.0546798516243185
0.11510900391851218
0.8593954089180429
0.025495587163444525
0.011253254448106167
0.9734713824809059
0.015275363070988073
0.05030250648228164
0.9139152981849593
0.03578219533275704
0.8821843066537195
0.07800434641882828
0.03981134692745175
0.009697093135091709
0.9804304287314606
0.009872478133451015
0.061444710505311036
0.9035120034383245
0.03504328605636394
0.04377340823970038
0.9334343583678298
0.02279223339246994
0.032704654895666124
0.9092429106474056
0.058052434456928856
0.06965988870187563
0.10996375987505483
0.8203763514230694
0.0073660235241991955
0.3756325849619586
0.6170013915138426
0.2565776182261802
0.18563413989774202
0.5577882418760778
0.4104494382022473
0.18333333333333332
0.4062172284644195
0.11904957176834478
0.12690341452746112
0.7540470137041944
0.04075713439009322
0.9349928750677798
0.024249990542125364
0.8213045061054246
0.15960485965854046
0.019090634236035273
0.356351857475453
0.4522927421803828
0.19135540034416448
0.018628766280954806
0.29047179831181147
0.6908994354072339
0.43953447452429445
0.5221074328230649
0.0383580926526406
0.0258781461444799
0.9532682911792351
0.02085356267628428
0.047172867825253054
0.30106398144188273
0.6517631507328645
0.03310133588075638
0.9266857723392317
0.0402128917800118
0.3878506458763279
0.5398991057096998
0.07225024841397233
0.7226797654764006
0.16072514069455063
0.11659509382904877
0.23877296236846818
0.7253433208489383
0.03588371678259309
0.009836605342223293
0.3559204840103721
0.634242910647405
0.018807136240989085
0.2985300632274174
0.6826628005315934
0.16579318880659075
0.44425535206637157
0.389951459127038
0.1479474186678417
0.26791510611735336
0.5841374752148049
0.4126888369404018
0.5063469321066787
0.08096423095291964
0.5798952097279976
0.39303233163270335
0.02707245863929926
0.7685899161995219
0.11080104118218227
0.12060904261829575
0.06513313581903218
0.6396854677921255
0.2951813963888422
0.0929298147430654
0.7283137457488486
0.178756439508086
0.07628524046434505
0.3812026012260795
0.5425121583095762
0.03558052434456929
0.9413012495442628
0.023118226111166332
0.2842759312365818
0.6283202482252823
0.08740382053813488
0.055880149812734085
0.9063028357410373
0.03781701444622797
0.024097991389766368
0.9591480400389192
0.01675396857131433
0.02956569189175783
0.9300791229506151
0.0403551851576258
0.018832093685709775
0.9681647940074902
0.013003112306799612
0.03256971188840814
0.8257302047352487
0.1417000833763454
0.021146851634013482
0.9611676739815331
0.017685474384456286
