0.01920727432954793
0.9712591880470253
0.009533537623425271
0.7116436313015813
0.15468496238109444
0.13367140631732463
0.023410540264472837
0.9679577432386426
0.00863171649688504
0.10635244904907833
0.8415535775086342
0.05209397344228806
0.3489301325988757
0.6277946438817769
0.023275223519347306
0.04555226544436793
0.781446477102179
0.17300125745345427
0.1338527189445249
0.8477926111524355
0.018354669903039328
0.07868164794007469
0.8
0.12131835205992483
0.4859919724000912
0.0418965540386345
0.47211147356127386
0.06553331772784021
0.9209191635455678
0.01354751872659176
0.40154102526027474
0.5873220148822781
0.011136959857446914
0.6448952525054411
0.03225083359018182
0.3228539139043776
0.1056022629056337
0.8419894712029545
0.05240826589141205
0.08233012306046009
0.8922775102550378
0.025392366684501518
0.0872569026135274
0.3111072865701241
0.6016358108163481
0.8767719148532691
0.03866211539373252
0.08456596975299871
0.23429916784084193
0.7516649204571456
0.014035911702012346
0.1335473515248798
0.8039415016943103
0.06251114678080957
0.7887382151620823
0.0777476430324163
0.1335141418055016
0.28645330215059245
0.09655634077312861
0.6169903570762789
0.0871990924207811
0.9036862635398691
0.00911464403934913
0.029732772684451174
0.8668688679028513
0.10339835941269734
0.14449043958210134
0.7295485905775657
0.12596096984033106
0.12783719146247915
0.2429493253914531
0.6292134831460673
0.03280789789462206
0.8793316606668847
0.08786044143849325
0.1324043269934927
0.8201410248362728
0.04745464817023432
0.24829618714312024
0.5195554736906735
0.2321483391662062
0.4805737333827222
0.03390679233375854
0.48551947428351905
0.10346441947565543
0.09960205992509363
0.7969335205992509
0.9694048659015373
0.019991766324266184
0.010603367774196444
0.19613640843682228
0.240488862605953
0.5633747289572244
0.9252965043695384
0.03874843945068667
0.03595505617977526
0.02437061864323382
0.95492882737382
0.020700553982946363
0.08256489732661756
0.11440010331912692
0.8030349993542563
0.9279914705158693
0.03791793105333661
0.03409059843079365
0.025409612647263703
0.9573275992610312
0.01726278809170479
0.27299209321681234
0.08371480094326544
0.6432931058399225
0.5100497368642896
0.05648084588797767
0.4334694172477332
0.017801708744265253
0.9705777313810054
0.011620559874728714
0.04494382022471911
0.41742837530257615
0.5376278044727051
0.31096618737068177
0.04897723998847597
0.6400565726408427
0.31403053874964004
0.1881302218380869
0.49783923941227315
0.42072409488139817
0.0587891262048565
0.5204867789137455
0.23867656778507848
0.06804426992211295
0.693279162292809
0.8270618103209919
0.07210366236834825
0.10083452731066028
0.3114136175933927
0.5093392874291752
0.17924709497743213
0.8513260451462702
0.12827715355805247
0.020396801295677686
0.15364722668093472
0.6164080613518816
0.2299447119671839
0.12162428543268278
0.29417175898547854
0.5842039555818379
0.0931343936961915
0.7766671530716478
0.13019845323216114
0.9299913569576487
0.03871762860526896
0.03129101443708177
0.8667892407218248
0.052543411644535264
0.08066734763363992
0.6999718094317589
0.09353227820063643
0.20649591236760484
0.8925821889305026
0.08320328755722015
0.024214523512276324
0.5699414877310834
0.27797992722619846
0.1520785850427179
0.8946629213483132
0.07997356245869133
0.025363516192994068
0.047767830319053045
0.927316789841575
0.0249153798393719
0.5626668322055992
0.40809485380842997
0.029238313985970592
0.5220772240976805
0.31188592734418324
0.16603684855813647
0.8459377700950736
0.12544415634303274
0.028618073561893713
0.14080137646966823
0.1970854297557287
0.6621131937746045
0.022996402425961644
0.9681980364780712
0.008805561095967333
0.17343580264928585
0.05765520372261944
0.7689089936280947
0.1624451271474708
0.04552387908995191
0.7920309937625764
0.7864138576779034
0.15688202247191016
0.05670411985018727
0.09065820834005331
0.1495708116051107
0.7597709800548355
0.20249145090376158
0.7751994789122295
0.022309070184009103
0.163312343087624
0.7757336296662133
0.06095402724616191
0.17194416070820567
0.14147088866189994
0.6865849506298949
0.07977289534578592
0.7839762398912198
0.1362508647629954
0.1563923474035834
0.8282594392144953
0.01534821338192124
0.84809572450022
0.12284157789775772
0.029062697602023506
0.6925659901250756
0.059706533941326655
0.24772747593359745
0.8917508774409351
0.03761807174993527
0.07063105080913015
0.07421582397003741
0.8678721910112365
0.057911985018726596
0.2332036876980697
0.08666090463843276
0.6801354076634977
0.1307468451891581
0.04680995445588485
0.8224432003549568
0.8259008537464807
0.08053597599274201
0.09356317026077658
0.9323200770820699
0.04314109437891421
0.024538828539014963
0.05345292069124121
0.920625533872135
0.02592154543662526
0.1453077521023249
0.830277012225284
0.024415235672390685
0.37115162650460537
0.07036016300379247
0.5584882104916027
0.15299057995687246
0.2194983543298151
0.6275110657133117
0.8989953034896843
0.05559717020391164
0.04540752630640261
0.6996143434568183
0.07145770756850951
0.2289279489746728
0.042903959336543625
0.9322833065810591
0.024812734082396995
0.9706921617900497
0.021513917371922636
0.007793920838027022
0.9090713285709162
0.03287025403549078
0.0580584173935935
0.020664386907669776
0.02946588503501058
0.9498697280573183
0.058595322621966706
0.9197867486488793
0.02161792872915365
0.8255433059772466
0.15786692966080804
0.016589764361945678
0.9830599314740736
0.010572389283412743
0.006367679242514135
0.18413990386033238
0.39337638974903455
0.42248370639063393
0.08196401896473342
0.8854322270572186
0.03260375397804769
0.9100693099143318
0.050253275359823206
0.039677414725845586
0.9522212618841835
0.04101411696917314
0.006764621146643617
0.5127221367287134
0.06012887268025661
0.42714899059102934
0.8957494720384568
0.03347451200018665
0.0707760159613567
0.6074459164849912
0.37426351389121787
0.01829056962379114
0.05856233924461888
0.8955913541807675
0.04584630657461301
0.9650033301329458
0.0227746494710711
0.012222020395983088
0.022040756959487248
0.934584196938293
0.043375046102219796
0.18652088115661894
0.7095566026338046
0.10392251620957678
0.10396240368329407
0.8440802500059634
0.05195734631074223
0.24539977202410015
0.15665201107311505
0.5979482169027838
0.10514758337792039
0.8724585339753879
0.022393882646691666
0.8641081925738522
0.1297467569511619
0.006145050474985741
0.01573938920759924
0.9719723457460647
0.01228826504633557
0.4315060719555104
0.04958763666628831
0.5189062913782012
0.19271866049790695
0.0452054417272527
0.7620758977748404
0.018360669852339768
0.9684769038701626
0.013162426277497969
0.47594016251615245
0.23454599878806456
0.2895138386957822
0.2878848248200393
0.1265970728079262
0.5855181023720355
0.025354904307759565
0.9440132823661138
0.030631813326125766
0.6869213483146064
0.17161048689138572
0.14146816479400737
0.45619733146067415
0.053312265917603
0.49049040262172283
0.38401997503121116
0.4464419475655434
0.16953807740324578
0.7537664385683304
0.20817493171130083
0.038058629720368345
0.5458566239436882
0.20825099279167383
0.24589238326463794
0.4082524395525999
0.47886570358480474
0.1128818568625952
0.022449072805334792
0.9648191285283638
0.012731798666301244
0.7085941680042805
0.22690609951845922
0.06449973247726057
0.10838014981273408
0.09913389513108614
0.7924859550561798
0.9564677319180171
0.024561007283609056
0.018971260798373878
0.4929106474050293
0.48035045478865707
0.026738897806313562
0.30855661192739864
0.1967732641889943
0.4946701238836071
0.8670687376074028
0.11183630755673048
0.02109495483586692
0.5150892211802914
0.022265401331042923
0.46264537748866535
0.7229723350014164
0.10039971044597626
0.17662795455260763
0.8364272919719948
0.13241600173695925
0.031156706291049243
0.07836172526277642
0.09423704240666911
0.8274012323305544
0.01627039520355157
0.97651357391855
0.00721603087789957
0.05542584756067901
0.6776594192324525
0.26691473320686804
0.673434001149357
0.2998979450290311
0.026668053821611835
0.9155375633399425
0.06493721083939191
0.01952522582066533
0.014763363976847122
0.9791760299625459
0.006060606060606067
0.051037897543325064
0.8726909160159969
0.07627118644067792
0.597816041636266
0.3624933119315143
0.03969064643221945
0.45591768388866
0.3968904959513355
0.1471918201600052
0.18913145640193121
0.03420629156520128
0.7766622520328673
0.7092858065349349
0.17575013991131763
0.11496405355374749
0.9628589263420759
0.019648058973901626
0.017493014684025875
0.3350908451813873
0.18692653600475143
0.47798261881386106
0.38325294820323497
0.5986940784451091
0.018052973351655694
0.12588160902767648
0.7283914587285376
0.14572693224378624
0.020425960087204396
0.9660797137905979
0.013494326122197984
0.959306921711183
0.0265412179412413
0.014151860347575939
0.24531835205992514
0.14591136079900127
0.6087702871410735
0.10416666666666667
0.0997191011235955
0.7961142322097379
0.0386412146107689
0.9129716886150379
0.04838709677419364
0.7249633610161204
0.17602996254681633
0.09900667643706204
0.043299050789687446
0.9389849989100918
0.017715950300219958
0.8520346188885519
0.11737017916793194
0.03059520194351656
0.05303171699827049
0.09894608483581566
0.848022198165915
0.043364090975665924
0.9439980750319084
0.012637833992425712
0.9485067749083284
0.03543345687001196
0.016059768221660088
0.8221589210669765
0.16210370839267813
0.0157373705403457
0.9463171036204734
0.02314753616802521
0.03053536021150025
0.2521160476010491
0.564054106678579
0.1838298457203725
0.021709440380732185
0.9571006041106335
0.02118995550863438
0.2161269001982815
0.1861643533818023
0.5977087464199168
0.030543371587654466
0.9569288389513109
0.012527789461034671
0.3074042062806107
0.19302794583693442
0.4995678478824543
0.040094618568894166
0.9434456928838945
0.01645968854721071
0.6219553144775926
0.32300142063799553
0.05504326488441172
0.48547921655307913
0.060815374224841935
0.45370540922207875
0.38340412898510995
0.30784689869370585
0.30874897232118387
0.8095459188411182
0.1734608598755688
0.016993221283313226
0.21350915522263847
0.6062734082397001
0.18021743653766134
0.05064918851435703
0.9142322097378275
0.03511860174781526
0.8855441891665276
0.09150874839286717
0.02294706244060598
0.0775805810918171
0.09259732152990584
0.8298220973782776
0.534803015218319
0.4154458825202667
0.049751102261413896
0.07456348578361557
0.2311547185736141
0.6942817956427703
0.11794490336556655
0.10428166881989846
0.7777734278145348
