0.4268389003541496
0.02512165915055152
0.5480394404952991
0.06137252015766322
0.014613283613823325
0.9240141962285138
0.4685272441705936
0.15736377914703417
0.37410897668237364
0.11361875242154199
0.02308536742864523
0.8632958801498127
0.5962128456450716
0.3108514622679098
0.09293569208701881
0.9383589895890048
0.01735715817782839
0.04428385223316668
0.08375547514759096
0.015514505173617688
0.9007300196787911
0.20482704776129484
0.59331047670774
0.20186247553096356
0.1539809109580766
0.4390328621481212
0.4069862268938022
0.9441252732726617
0.010829223651431161
0.04504550307590613
0.3650527749404154
0.6056792645556691
0.029267960503915575
0.4496478638343291
0.02007033193241272
0.530281804233258
0.7324230787465029
0.12857346038970277
0.13900346086379367
0.4403450910242794
0.013956435053198445
0.5456984739225221
0.9592595586452185
0.013324172122975732
0.02741626923180558
0.6628816452932075
0.0413837826391923
0.2957345720676016
0.6887237472147159
0.026075001185227337
0.2852012516000572
0.7739202949438202
0.1743621254681648
0.051717579588014984
0.2613399916770702
0.4756554307116102
0.26300457761131907
0.9709540705696823
0.013512714370195147
0.015533215060122204
0.2977165171442672
0.6161774526028512
0.08610603025288155
0.8977298784682404
0.05010318734235263
0.05216693418940608
0.6720799161819431
0.2596914628418656
0.06822862097619135
0.7217072099239761
0.11310414665564661
0.1651886434203765
0.9363406361517125
0.01567730602233932
0.04798205782594767
0.03154093097913316
0.8172552166934198
0.15120385232744762
0.9647698030523104
0.008930163825829944
0.026300033121862992
0.6592668867419768
0.0396741270177776
0.3010589862402458
0.23463198176192798
0.6683154209412151
0.09705259729685722
0.12917801611621837
0.7924611281352849
0.07836085574849622
0.955596045483686
0.021172858251509934
0.023231096264804102
0.9511786737166767
0.014467210105015749
0.03435411617830644
0.627996254681648
0.03955992509363299
0.3324438202247191
0.9131668987252968
0.026281989012293724
0.06055111226240978
0.9471759591291019
0.02323336963547337
0.029590671235423787
0.22993709319661093
0.16973928220791967
0.6003236245954693
0.9832786237280613
0.008608929957244566
0.008112446314693504
0.11112821302139458
0.011312913652454975
0.8775588733261505
0.09736619548145463
0.8864443638999641
0.01618944061858161
0.039731386722011555
0.012214031823278253
0.9480545814547102
0.2204262216089534
0.012177760255820562
0.7673960181352252
0.9638844301765679
0.019157600618274723
0.016957969205160173
0.15931632690407327
0.020910344154497367
0.8197733289414295
0.06134782820176083
0.8685247336932728
0.07012743810496615
0.04632262768884027
0.008073978323555733
0.945603393987603
0.28178012778144995
0.4855695087023575
0.23265036351619317
0.03675519237316994
0.019050051072523003
0.9441947565543081
0.1162183634093746
0.009385121744672325
0.8743965148459533
0.11939539860888174
0.6701444622792931
0.21046013911182432
0.23430270984798407
0.07710949548358662
0.6885877946684305
0.6837633513663475
0.02475377999722567
0.29148286863642653
0.22088757339770304
0.03909116162341831
0.7400212649788783
0.9474547944102134
0.020397889734605993
0.032147315855181095
0.1455399061032863
0.7153206379349749
0.1391394559617379
0.6069280282763432
0.32371062146343066
0.06936135026022666
0.9464617590732012
0.018566212888800865
0.03497202803800037
0.8999339061467289
0.05159726812073144
0.04846882573254027
0.2613170544693148
0.7038544339260966
0.034828511604588774
0.10955843011361818
0.665911308343562
0.22453026154281974
0.3807531380753143
0.02416435522542422
0.5950825066992613
0.8414125200642054
0.013750668806848547
0.14483681112894603
0.9699348417218205
0.010086706685136731
0.019978451593042946
0.1598037963908751
0.014257745999319026
0.825938457609806
0.04753149472250601
0.897870086634132
0.054598418643362484
0.3769548933398469
0.585631004722358
0.037414101937795124
0.03688734405733835
0.7809931829817046
0.18211947296095707
0.4808988764044944
0.46064086558468587
0.058460258010819784
0.28768584723640916
0.6176370446033367
0.09467710816025428
0.9662612668230646
0.021309215129439795
0.012429518047495544
0.9542572930625712
0.02298732089475312
0.022755386042676018
0.7697022079044551
0.12563840653728295
0.10465938555826189
0.19800969941419372
0.7615960818208005
0.040394218765005284
0.9846623623455745
0.007015484375873442
0.008322153278551082
0.9394285062453653
0.023061274929181187
0.037510218825453
0.9759330486487586
0.01171042934875881
0.012356522002483428
0.9295880149812733
0.019246530072703247
0.05116545494602342
0.8886086269713868
0.025376442711916147
0.08601493031669599
0.38043468108754286
0.5456770059869048
0.07388831292555126
0.8463058617486435
0.017714823295525168
0.13597931495583118
0.06719129178414626
0.8228338172789659
0.10997489093689075
0.7281694845390133
0.017902195310889855
0.253928320150097
0.2328411799300461
0.5192311263812798
0.24792769368867423
0.576987099459009
0.02276510422577839
0.4002477963152119
0.9755060775257912
0.01048535955822094
0.014008562915986924
