0.009396802704373031
0.9560613845019771
0.0345418127936501
0.028853496236500575
0.9476746300134529
0.023471873750045523
0.0653349979192674
0.897691987579627
0.036973014501104295
0.44131467609932
0.4501231100013873
0.10856221389929255
0.03817563071541287
0.5910188406623701
0.370805528622217
0.010845003244900005
0.9695683110099842
0.019586685745114997
0.0997791222510323
0.878049073273792
0.022171804475175274
0.8912548126031278
0.0808517325371258
0.027893454859747
0.05911476090243395
0.9208245629638417
0.020060676133724652
0.03073364177131519
0.9372989645296315
0.031967393699052576
0.013537623425263873
0.9675655430711607
0.018896833503575086
0.7728891874287573
0.1432584269662922
0.08385238560495036
0.033676421264464164
0.955831796075801
0.010491782659735037
0.3957877328663846
0.12522496230361407
0.4789873048300017
0.8455205753191899
0.029974512689808667
0.12450491199100175
0.5152087927473834
0.3699814484231161
0.11480975882950045
0.5837386103191903
0.37967466040583625
0.03658672927497352
0.13451469245532638
0.8230104160843719
0.042474891460301555
0.06752697741684266
0.9026773463863244
0.029795676196833074
0.023030533866565072
0.9599949216022349
0.016974544531200366
0.7134974776427422
0.23520981426278387
0.05129270809447371
0.275040601902489
0.7069785555666036
0.017980842530907155
0.027814655311983988
0.9506632559444794
0.021522088743537438
0.12966937395671135
0.8449410147428106
0.02538961130048112
0.071050531098422
0.3397187941302881
0.5892306747712899
0.614439802440944
0.36262120386468405
0.02293899369437162
0.6773581481298155
0.2774092956491612
0.0452325562210233
0.018199906367041194
0.9398408239700375
0.041959269662921315
0.16978205161168683
0.07794033202204337
0.7522776163662699
0.06380688107476988
0.8807411787896711
0.05545194013555926
0.7179881280474881
0.24763267613596207
0.03437919581655011
0.6358555711610487
0.1428195224719101
0.2213249063670412
0.6251550703576368
0.11045735417478941
0.2643875754675741
0.007015244666294053
0.9634140857375957
0.0295706695961095
0.8337395715672866
0.12490339456631572
0.041357033866397115
0.5993113446901047
0.26664250332246003
0.1340461519874352
0.6050035494847127
0.10189877032793959
0.2930976801873477
0.6460176440578838
0.31995097490263413
0.03403138103948141
0.7431835205992505
0.18608614232209744
0.07073033707865173
0.18973403061840968
0.7739519149450313
0.03631405443656258
0.0049725978120569465
0.7324700057131978
0.2625573964747456
0.5177452463267073
0.4406961250360127
0.04155862863728033
0.006000088422355698
0.9851955713031548
0.008804340274488264
0.027641068499086926
0.8085554214256971
0.16380351007521585
0.010410715419285224
0.9635466260394848
0.026042658541230248
0.3360741601733467
0.5286351830327033
0.13529065679395016
0.008158325769668132
0.9676170803209078
0.02422459390942376
0.06666056431497286
0.7382625079139871
0.19507692777103977
0.25941257638478205
0.33096786911097914
0.40961955450423737
0.862237420615538
0.10533029365467084
0.03243228572979426
0.8595128572505853
0.08941004951863864
0.05107709323077699
0.029123595505618
0.9434906367041183
0.027385767790262194
0.005353923478957644
0.9739405969442566
0.020705479576785108
0.0074965628407528805
0.051960365998198484
0.9405430711610484
0.025781129752193325
0.16930891180544894
0.8049099584423592
0.002234812558442187
0.006108933730112927
0.9916562537114452
0.5139526296354908
0.10238961861053976
0.38365775175397004
0.2805060108430895
0.6786752573269422
0.04081873182996778
0.17238796332170994
0.7988118300400356
0.02880020663825392
0.5884613709607183
0.3852887379148157
0.026249891124466494
0.03759824866803823
0.9462731444848866
0.01612860684707498
0.11595653947417207
0.8483331479215339
0.03571031260429404
0.02423359689277291
0.9492717436537657
0.02649465945346093
0.04246471270342676
0.9235475228917591
0.03398776440481424
0.00961760762010451
0.9753548804734833
0.015027511906413262
0.002152658970525526
0.006910086671496021
0.9909372543579783
0.7239657324895603
0.2264984860877926
0.04953578142264698
0.022925888094427402
0.6089484104465368
0.36812570145903384
0.33467152986870974
0.609793313913164
0.05553515621812598
0.19319117357173501
0.7372015630616529
0.06960726336661222
0.04369538077403242
0.29181220104083333
0.6644924181851324
0.13798927810824693
0.3757557954517638
0.4862549264399893
0.007756393616889782
0.14082644219478133
0.8514171641883289
0.008191514992224628
0.9791123668513773
0.012696118156398074
0.039030159668834996
0.921703134240094
0.039266706091070386
0.8443124398740981
0.03973680032129412
0.11595075980460827
0.03325158272970973
0.9481263902355557
0.018622027034734524
0.7989797236213357
0.06076456153945501
0.1402557148392096
0.8566928953487036
0.03834656221008144
0.10496054244121454
0.7710323549307851
0.05987559603359238
0.16909204903562183
0.6331354674581302
0.32455303512119343
0.04231149742067701
0.08485646348059483
0.33551725193644166
0.5796262845829637
0.1989477438915641
0.5042803638309258
0.2967718922775105
0.5711330985521831
0.05654312706132258
0.3723237743864947
0.007835460631717434
0.9740427157271532
0.018121823641128475
0.26017246959818774
0.49391963749017387
0.2459078929116384
0.16545494602335317
0.7851582580597783
0.04938679591686865
0.9012447675699494
0.04207975324961448
0.05667547918043629
0.1938150706112774
0.17164553482458855
0.6345393945641347
0.6247824022788412
0.32536793796486774
0.049849659756290604
0.3120684779384887
0.6013753526324139
0.0865561694290976
0.23108795165463464
0.6050769870994596
0.16383506124590635
0.15651928991200034
0.7999223531561165
0.04355835693188391
0.0357542762268813
0.9363006293679309
0.02794509440518932
0.01661927504624133
0.9555438993641245
0.027836825589634573
0.2965968465344246
0.6735253772290813
0.029877776236494527
0.8064340104670492
0.0972046531239926
0.09636133640895914
0.1303051280685872
0.6240126382306478
0.24568223370076508
0.5259615956245168
0.2268355032399978
0.2472029011354856
0.1040683877976957
0.7149841324298828
0.18094747977242195
0.5411937124630015
0.4177323103154307
0.04107397722156765
0.5756086142322098
0.1760299625468165
0.2483614232209738
0.04645136975007663
0.9190398793960376
0.034508750853885564
0.21787420896293427
0.6838176417409271
0.09830814929613836
0.021071664049701934
0.23027250419733952
0.7486558317529582
0.09908614232209727
0.761048689138577
0.1398651685393258
0.13359659121749987
0.8023937469467513
0.06400966183574883
0.17181814546763155
0.8036840070907807
0.024497847441587693
0.6326516987455517
0.35514430491297627
0.012203996341471571
0.006308654106321465
0.9743998708838315
0.01929147500984984
0.8640320289293544
0.10822678548366257
0.027741185586981753
0.2251436716250435
0.6296987065762937
0.14515762179866246
0.050107268826588135
0.9033271517399372
0.046565579433475175
0.21216974257291504
0.11932482586811743
0.6685054315589675
0.2918887886492246
0.3080455999343886
0.4000656114163864
0.5206504164875871
0.4552813082008148
0.024068275311598178
0.9037165783939383
0.04288184227693452
0.053401579329127216
0.06827047103983072
0.912225900197366
0.019503628762801636
0.019049464032028944
0.6077209522579534
0.3732295837100176
0.3918648201376188
0.24390297012455378
0.364232209737828
0.022178798241328783
0.5010638875318896
0.4767573142267826
0.07822364901016583
0.09949705724986621
0.8222792937399684
0.031579843377596145
0.78368658495063
0.18473357167177396
0.0056505197886528215
0.9623811467892626
0.03196833342208493
0.008859519292906117
0.9783549783549779
0.012785502352115497
0.03169965157494146
0.6555612454940704
0.31273910293098767
0.01588439981937469
0.49420936595213416
0.4899062342284907
0.0809695427884956
0.8771959578828343
0.04183449932866944
0.1886457717327023
0.6600630790459301
0.15129114922136797
0.011037999540743202
0.9648985280027871
0.0240634724564696
0.019292159967825462
0.9439836110901649
0.03672422894201042
0.012660145691671827
0.9550137570755006
0.0323260972328279
