0.410011344740236
0.5823426111551435
0.007646044104620243
0.36275110657133175
0.6185417578675999
0.018707135561068115
0.1533277253700255
0.8372889503094392
0.009383324320535165
0.06946795957108413
0.08829716279308408
0.8422348776358317
0.3592688804732251
0.6196363181121093
0.02109480141466618
0.052515291137876216
0.10934174009107309
0.8381429687710494
0.6910791562360529
0.2794628476062948
0.029457996157652752
0.07593632958801502
0.8134519350811484
0.11061173533083642
0.19723940579893104
0.7858154834546721
0.01694511074639843
0.3820002774309892
0.14385906505756693
0.47414065751144424
0.8158924478729949
0.16644306557102126
0.017664486555984148
0.41174994483695515
0.3923123627233382
0.19593769243970643
0.5186489238682062
0.4372874920174677
0.04406358411432711
0.2898016823233254
0.49972370602320854
0.21047461165346587
0.45471273358101544
0.4307366795521661
0.11455058686681809
0.3979348634244301
0.25807258552041845
0.3439925510551517
0.6125478626577112
0.1342979097357354
0.25315422760655326
0.46468337342549476
0.4441906965886141
0.09112592998589163
0.16749509210141592
0.8151984740264265
0.017306433872157953
0.8330367951124009
0.15655593198306894
0.010407272904530916
0.23704406819569843
0.7499613695061922
0.012994562298109696
0.12151286863960094
0.8690852681287975
0.009401863231601238
0.10437473990844778
0.4651087182688305
0.4305165418227219
0.14348840265457652
0.8323641500755635
0.024147447269860036
0.04579759172002739
0.921960452659981
0.03224195561999112
0.6383402326039819
0.12848905972797164
0.23317070766804654
0.11707304644704326
0.5209049912099668
0.3620219623429899
0.15840712354589895
0.8204479499962796
0.02114492645782177
0.27883360085607284
0.7019368646334937
0.019229534510433376
0.1681331599317328
0.06346732902953685
0.7683995110387298
0.13472445157838403
0.7838416265382552
0.08143392188335986
0.10070528722214107
0.38399727613210766
0.5152974366457513
0.09314031996260996
0.8991858827393248
0.007673797298065448
0.0874689285977501
0.902474322124179
0.01005674927807146
0.06277465126996801
0.9276510947104686
0.009574254019563907
0.06378968963954304
0.15024213363868433
0.7859681767217722
0.6154585529150508
0.15224332416337988
0.2322981229215692
0.07141370905415853
0.8651536769514296
0.06343261399441186
0.15099414322700636
0.8080461503657349
0.040959706407259405
0.04381290704558909
0.9437736577058428
0.012413435248568054
0.014719793276884377
0.9773127533088768
0.007967453414238351
0.037381158167675
0.1888984922692786
0.7737203495630461
0.04532879197170785
0.32040741755732155
0.6342637904709701
0.12157500492805043
0.8244464156646295
0.05397857940731977
0.09256564010013414
0.536085075003396
0.3713492848964702
0.024212897940074907
0.9614495552434457
0.014337546816479401
0.42479159115621645
0.2901413555636101
0.2850670532801736
0.14437800005363222
0.3652266409231892
0.4903953590231778
0.03526565244771466
0.9472506711743042
0.017483676377978825
0.19054307116104852
0.793525949705725
0.0159309791332263
0.09053900016283999
0.8447049883298082
0.06475601150735492
0.2143766370468286
0.77300433281927
0.012619030133901218
0.45575078629457977
0.5227664232765424
0.02148279042887785
0.9373518608985155
0.049032911758852125
0.013615227342633344
0.05289997672401024
0.9136037580143465
0.033496265261643274
0.04289094698572379
0.9294501120461338
0.02765894096814119
0.10594569288389512
0.5010299625468168
0.39302434456928853
0.20642513689571187
0.7633156574084373
0.03025920569585049
0.2568906585215082
0.14236755027089917
0.6007417912075924
0.25164972355983606
0.6128696272516497
0.1354806491885144
0.15565247388133263
0.5439089296274399
0.300438596491228
0.4915158868316018
0.2370628263965817
0.2714212867718171
0.04646457029384412
0.931377724153534
0.022157705552622975
0.13111495246326732
0.035234802650532894
0.8336502448861988
0.27835129945436216
0.18344455217779812
0.5382041483678393
0.9512663625913158
0.03381911224830346
0.014914525160381218
0.6364946777054996
0.2684555489848215
0.09504977330967866
0.08575677461996037
0.2343853271645737
0.6798578982154663
0.18082200742521642
0.7184142093125951
0.10076378326218863
0.6240228759693537
0.3602498951000047
0.01572722893064164
0.7754448353699263
0.1593084402073163
0.06524672442275443
0.8213680268085943
0.1580787173927329
0.02055325579867271
0.35649338928748664
0.077523577455891
0.5659830332566221
0.859130045439969
0.12979131497582777
0.011078639584203116
0.7777850361466766
0.17955752983189618
0.04265743402142655
0.737315535068344
0.04019014693171997
0.2224943179999358
0.6726337840411347
0.27705833809433134
0.05030787786453383
0.9548635634028884
0.03171749598715892
0.013418940609951845
0.7731816453355416
0.13247696290624197
0.09434139175821601
0.5284763093751857
0.15060043992628272
0.3209232506985317
0.7380735470623109
0.14554683094008938
0.11637962199759963
0.5483335703787984
0.39404067700184864
0.05762575261935234
0.46443983064647476
0.5008549096238394
0.034705259729685696
0.04066690830010872
0.3436752446538601
0.6156578470460309
0.02965250390654068
0.9370736909988324
0.033273805094625054
0.20375504645167575
0.7389950873096945
0.05724986623863043
0.6274285452756353
0.343272538654584
0.029298916069780377
0.7468068760203592
0.07326178814942856
0.17993133583021229
0.36989477438915663
0.3666845015159623
0.26342072409488154
0.9379393608942038
0.050772755892223125
0.01128788321357398
0.7492509363295881
0.041385767790262214
0.20936329588014982
0.4859079028911706
0.4621291730660417
0.051962924042788176
0.19586677367576263
0.7894060995184597
0.014727126805778453
0.029379365758200215
0.4703420032917329
0.5002786309500671
0.16946690468689837
0.37572193636459067
0.45481115894851076
0.07482611021936869
0.10353130016051364
0.8216425896201182
0.47394095255589885
0.25349784159446465
0.27256120584963595
0.17768162467722806
0.07237071672831323
0.7499476585944589
0.10165162399459692
0.8779271811874498
0.020421194817952938
0.09119977579046604
0.041071110091976885
0.8677291141175574
0.10102694212879064
0.8852603600338288
0.013712697837380685
0.36448451411783206
0.4797820090156767
0.15573347686649186
0.837058729779266
0.1262251972268705
0.03671607299386398
0.9702617237435238
0.016700681034933867
0.013037595221541949
0.07489349653139742
0.35634580485733075
0.5687606986112719
0.20269500081419978
0.7641399337784293
0.03316506540737125
0.4451288299264475
0.533031000406119
0.021840169667433813
0.04137004317122681
0.2739800440289332
0.6846499127998402
0.11924979272093093
0.7017849825123179
0.1789652247667515
0.13028512047801524
0.78692818947414
0.08278669004784492
0.23864952981435056
0.7502133124960708
0.011137157689578639
0.05666600959327155
0.5810368618174651
0.3622971285892635
0.10220734719898004
0.12107737668340113
0.7767152761176191
0.9293678291185011
0.022439529838422456
0.048192641043076564
0.8937512320126135
0.07039446306152404
0.03585430492586022
0.9372168284789649
0.04323479146212864
0.01954838005890696
0.41144455506566113
0.3785047172047596
0.21005072772957864
0.06482831575035024
0.8493867398576209
0.0857849443920291
0.727757885061255
0.16899205663250602
0.1032500583062378
0.16708739626128133
0.6676648682538895
0.16524773548482913
0.7863341554763872
0.16789988124600316
0.04576596327761017
0.06534001173232255
0.920129958034385
0.014530030233292726
0.8748737990555292
0.05388373229115779
0.0712424686533138
0.10119677224073817
0.4928785731867141
0.40592465457254817
0.9205027403688654
0.029643796318431767
0.04985346331270308
0.9656211820785511
0.02261711630515332
0.011761701616295132
0.03370786516853933
0.6841864336246358
0.28210570120682443
0.952912216619687
0.02931406413361398
0.017773719246701392
0.040352383440964576
0.3385469160227457
0.6211007005362897
0.9293111871030806
0.051652825272756914
0.019035987624165467
0.6606788536273229
0.08089418008054193
0.2584269662921349
0.8612088804656832
0.09455800731013944
0.04423311222417763
0.974683767931595
0.016094268956257523
0.009221963112147569
0.03598366625052018
0.3330082188930504
0.631008114856429
0.674750312109863
0.08721389929255091
0.23803578859758634
0.7650497853293142
0.06326586540343734
0.17168434926724851
0.9726298009840625
0.018388778732466724
0.008981420283469169
0.33976170138204337
0.6424206583875426
0.01781764023041374
0.8303323205339967
0.13104535845619472
0.03862232100980849
0.9720261177952338
0.016086087081413705
0.011887795123352446
0.1938252859601175
0.7728110132604517
0.03336370077943115
0.8459383753501394
0.11593701150872301
0.03812461314113651
0.1651048222916376
0.8155624970861102
0.019332680622251186
0.25381256854346435
0.7212738220870321
0.024913609369503605
0.17096558134448736
0.7569712129910606
0.07206320566445222
0.9184493409212514
0.049973247726056644
0.031577411352692215
0.30432049224184055
0.24114499732477265
0.4545345104333869
0.1009734825456155
0.14136137443426178
0.7576651430201234
0.056427809608849896
0.10697720564526142
0.836594984745892
0.801113992125227
0.11994622106981627
0.07893978680495513
0.9526086313081301
0.0399576517195451
0.007433716972325615
0.9707865168539329
0.017918249669926972
0.011295233476140436
0.9107448470868358
0.07571247860703928
0.013542674306123957
0.25223976637133094
0.0780659638007557
0.6696942698279129
0.4373264408083049
0.03204169692826928
0.5306318622634254
0.08530153634487497
0.11949349028000712
0.7952049733751172
0.1905122103681756
0.030303985375923846
0.7791838042559002
0.6376915219611853
0.31001021450459637
0.05229826353421866
0.9754669079757686
0.013523364251062032
0.011009727773169463
0.9594065110919009
0.027239988475943465
0.013353500432152084
0.43764859143462076
0.5445041524181715
0.01784725614720731
0.11747315855181019
0.7379375780274656
0.14458926342072403
0.24035254439413423
0.7219520375649848
0.03769541804088179
0.09481477619333147
0.09236424307203006
0.8128209807346355
0.50936329588015
0.16298175667512405
0.32765494744472723
0.554322721598002
0.43220973782771527
0.013467540574282146
0.04528913326427064
0.034451616330650456
0.920259250405077
0.9031227687798284
0.06443450703343231
0.032442724186739866
0.8963737323705013
0.07335957663129906
0.030266690998201184
0.24469413233458182
0.7289612474203164
0.026344620245101705
0.07081226072730591
0.11794846242640163
0.8112392768462926
0.24268428201012487
0.42688397744577505
0.3304317405441
0.46932657388676313
0.49796485412756836
0.03270857198566866
0.4906870895685326
0.2916309769738499
0.21768193345761735
0.8475090494423866
0.12692235264578497
0.02556859791182819
0.20797532496144547
0.24300506719541756
0.5490196078431379
0.050351858383298934
0.0806503081909945
0.868997833425706
0.8532954369168716
0.12587815526449922
0.02082640781862908
0.41674672458683176
0.5547387327179313
0.028514542695236914
0.570480081716037
0.20905686074225388
0.22046305754170892
0.3513897102306327
0.6289572245219797
0.019653065247388125
0.13179626384450632
0.7654651868650423
0.10273854929045122
0.4249876333827994
0.25567097731609073
0.3193413893011094
0.30161573395574376
0.6717508910962737
0.026633374947981767
0.9535417290130674
0.03547623581902765
0.010982035167904537
0.055189029744883024
0.5004315747600071
0.44437939549510985
0.8293610259902394
0.14246396549767318
0.028175008512087204
0.6739944634424349
0.17065624491125214
0.1553492916463115
