0.00916382344009573
0.015022954216609192
0.9758132223432957
0.027735264474224506
0.3660457650528203
0.6062189704729555
0.7723983763750811
0.09997646920407081
0.12762515442084843
0.019377186966995485
0.017671572506198246
0.9629512405268067
0.06913938222383316
0.34670371712778386
0.5841569006483835
0.010061107825744127
0.12982456140350876
0.8601143307707461
0.01905098941284025
0.6370383477346225
0.3439106628525365
0.023648393398741502
0.25276041835313945
0.7235911882481189
0.00967248882821704
0.013511148447618011
0.9768163627241627
0.010004820706789787
0.016449734861126573
0.9735454444320831
0.01065670031105187
0.0170602424934933
0.972283057195455
0.049797220929459464
0.15196241384659692
0.7982403652239438
0.2543020548638526
0.4626733475048078
0.2830245976313394
0.23684533677165864
0.45766562288942103
0.3054890403389207
0.45062989445011936
0.14840215963811468
0.4009679459117664
0.9178641594995182
0.04432652528238278
0.037809315218101
0.022313545700010297
0.8348021632578728
0.14288429104211697
0.006094277887238123
0.010094017549153624
0.9838117045636093
0.14102861114328746
0.7215014736733728
0.13746991518334054
0.019030079803560456
0.02034749380953366
0.9606224263869078
0.033848993106443015
0.06887043369700917
0.8972805731965513
0.02213142662580864
0.21108495803170954
0.7667836153424815
0.01989576521411727
0.040405841903969175
0.9396983928819125
0.011375966957191357
0.36677867618747606
0.6218453568553324
0.011943539630836008
0.013419707450377537
0.9746367529187872
0.01131884942614488
0.011552460832410192
0.9771286897414445
0.061741685168987766
0.5952925609455247
0.3429657538854872
0.00865197572801441
0.02045892247094236
0.9708891018010467
0.016391275611368102
0.11056767276198838
0.8730410516266424
0.8999187908318488
0.0521496188017406
0.04793159036641091
0.012334058866207793
0.018765809753514905
0.9689001313802773
0.03794748949599808
0.10342401946805066
0.8586284910359512
0.02225094737772473
0.43147393192138134
0.5462751207008943
0.017828268170322136
0.28953660323120084
0.6926351285984769
0.19729306620692394
0.48269028793373336
0.3200166458593427
0.01598276879175751
0.18083165274176516
0.803185578466477
0.012807024926706769
0.8195093212136542
0.1676836538596419
0.014230400405290528
0.7620908646800194
0.22367873491468993
0.02986832497114462
0.5496313570301272
0.42050031799872806
0.01430143014301431
0.7271974388450084
0.25850113101197764
0.022558340535868568
0.028147507922788743
0.9492941515413388
0.011570801398913616
0.018838207207877575
0.9695909913932067
0.05770719561442051
0.711505869060323
0.23078693532525676
0.048920331067646934
0.6434241149180808
0.30765555401427225
0.16651061173533097
0.23314606741573043
0.6003433208489386
0.017609566988632638
0.4924327047331192
0.48995772827824813
0.030492312241277325
0.3527128917800119
0.6167947959787108
0.009028892455858738
0.025153825575173892
0.9658172819689677
0.03462753408772842
0.5852426459807801
0.380129819931491
0.012842857319439818
0.2772400835589177
0.7099170591216433
0.007461146008434327
0.22713733816980733
0.7654015158217579
0.22042588685540465
0.4198272901231538
0.3597468230214416
0.10497826621832199
0.25697804751360076
0.6380436862680774
0.012201588550824153
0.2646784663730696
0.7231199450761066
0.4756554307116105
0.3441011235955056
0.1802434456928839
0.024096717338620843
0.025501211720643333
0.9504020709407368
0.01444622792937402
0.04186730872124132
0.943686463349385
0.48024899189601816
0.3318064962351067
0.1879445118688747
0.029156263004577593
0.27556699958385344
0.6952767374115691
0.01727793088827649
0.026093562292417556
0.9566285068193067
0.014061663991439313
0.019729802033172813
0.9662085339753885
0.010351867033161351
0.01773802060728813
0.9719101123595506
0.015539967306060786
0.22805057214393618
0.7564094605500028
0.024745853397538795
0.2337034064562153
0.741550740146246
0.008838707316180493
0.2039734533787164
0.787187839305103
0.009328339575530597
0.016149812734082405
0.9745218476903873
0.011421952807297872
0.4037588454612321
0.5848192017314697
0.00978382285301268
0.50327879624154
0.4869373809054474
0.015817437505443788
0.05321836076996779
0.9309642017245889
0.009737827715355784
0.01889429258203362
0.9713678797026107
0.6771000535045475
0.15355805243445705
0.1693418940609952
0.010700909577314082
0.050602331501207895
0.9386967589214783
0.00884185325244173
0.01708518105394891
0.9740729656936087
0.012089423618706695
0.45259520731828573
0.5353153690630074
0.020413839136722633
0.11660548077279634
0.8629806800904808
0.008053274214406866
0.018575435414252363
0.9733712903713412
0.4618445692883895
0.34620786516853935
0.19194756554307116
0.13679329409666474
0.21152131264490828
0.6516853932584267
0.031228988277990637
0.08403878713252273
0.884732224589487
0.011051456615191621
0.015820741314735907
0.9731278020700733
0.012011195682815855
0.6838226410535222
0.30416616326366225
0.33249643697590403
0.45411156408471703
0.21339199893937896
0.020189908913341957
0.1547635163446725
0.8250465747419852
0.027977395746483072
0.17872976800201237
0.793292836251506
0.007790784167873785
0.7940140155815681
0.19819520025055778
0.04797710086726191
0.8995029976787569
0.052519901453980965
0.04488724441879675
0.050624031139323566
0.9044887244418776
0.05013424999572456
0.2189814102235219
0.730884339780753
0.5082919400394895
0.16930078536581053
0.32240727459470025
0.011661037200431962
0.5971714804347331
0.39116748236483523
0.01736147572543664
0.024957121355315196
0.957681402919248
0.06306931150876222
0.47782864012576887
0.459102048365469
0.06733733995296583
0.6698545422872567
0.2628081177597769
0.040405519159682234
0.8536153911844722
0.10597908965584539
0.02520887352348027
0.689006530298665
0.28578459617785457
0.038834653404555775
0.8203168170933879
0.14084852950205695
0.025557605232265614
0.035116552071105145
0.93932584269663
0.019982506896319665
0.1150283702258404
0.8649891228778396
0.02368157815153419
0.423112413830538
0.5532060080179282
0.02029911820157084
0.2795715288169695
0.7001293529814595
0.7448055076382732
0.14692215643308934
0.10827233592863664
0.4184284447072737
0.45216095012812924
0.1294106051645969
0.019378761622598665
0.05563940596642258
0.9249818324109794
0.015178395426769162
0.01916026020106445
0.9656613443721667
0.14409407595344526
0.33091699891264936
0.5249889251339055
0.02246326041639636
0.908503516101409
0.06903322348219462
0.44641611778380447
0.25500882517542744
0.29857505704076803
0.014418067641012644
0.07735631212863621
0.9082256202303516
0.012827103375682325
0.020574771731414115
0.9665981248929022
0.024364281490242445
0.09640580852881274
0.8792299099809455
0.010529057221519459
0.020289208026390858
0.9691817347520868
0.013625824861779883
0.8137149991082573
0.17265917602996264
0.009355224073356592
0.014521180421025447
0.976123595505618
0.0336620041274937
0.0994573110142934
0.8668806848582126
0.10772248974496135
0.1699661137863386
0.7223113964686992
0.015204348795979943
0.24827116574501315
0.7365244854590068
0.06305947353042729
0.061890721704252624
0.8750498047653197
0.02930039108572847
0.5914706064932649
0.3792290024210072
0.051616513840458116
0.0952257953420295
0.8531576908175136
0.008136381247578477
0.7770797586760396
0.21478386007638212
0.10878447395301327
0.08131880603790714
0.8098967200090788
0.021223470661672874
0.5676081589742148
0.41116837036411213
0.020583037436970018
0.27327853170549815
0.7061384308575318
0.020069609957250413
0.03671546929973896
0.9432149207430126
0.01737668903270211
0.20255158084196948
0.7800717301253302
0.0337193892250072
0.1444309997118987
0.8218496110630941
0.02724312001302722
0.8939993486402866
0.07875753134668613
0.027793443523780655
0.13095599612453543
0.8412505603516842
0.013740029573983549
0.020118943539595698
0.966141026886422
0.028271112722000745
0.06844267246586927
0.9032862148121299
0.03101678457483699
0.208059370231655
0.7609238451935079
0.012966643680958406
0.8244432726240221
0.16259008369502057
0.018922918931980226
0.07735290564214091
0.9037241754258795
0.019590895995390326
0.06880021767662223
0.9116088863279876
0.0713182595829287
0.06681462986082214
0.8618671105562487
0.25269151567920184
0.08517489669278709
0.6621335876280104
0.01611999252715576
0.03198199400393214
0.9518980134689123
0.028621630369445605
0.06375518256500366
0.9076231870655508
0.017380617977528066
0.03411750936329587
0.9485018726591764
0.9110486891385767
0.03555338435651088
0.053397926504912374
0.03844912959923692
0.031225013676724308
0.9303258567240417
0.010093419115176179
0.20568090865211303
0.7842256722327117
0.012690295794140374
0.4393829216610763
0.5479267825447838
0.10799460233531614
0.34393588896232635
0.548069508702357
