0.8469538975561113
0.11319483738851605
0.03985126505537142
0.1375609680446027
0.4574096044540596
0.40502942750133764
0.2995009207611623
0.20582348074408188
0.4946755984947558
0.7012401546122263
0.07982584698189042
0.2189339984058827
0.018307231790377906
0.955880439026503
0.02581232918311573
0.8123686854846086
0.07221156481227733
0.11541974970311497
0.032400408580183865
0.9241538985359207
0.043445692883895104
0.09566732392309059
0.6743242256371738
0.23000845043973583
0.02087850712924633
0.38708193705236865
0.5920395558183846
0.06703956299167527
0.8839278412900902
0.049032595718234276
0.3551214508834909
0.58866769235551
0.05621085676099881
0.8181509954661939
0.07710624876798736
0.10474275576581907
0.8942222956598365
0.06529521921128
0.040482485128883056
0.0208051955515963
0.3928848530130176
0.5863099514353859
0.05169171447083557
0.763855307447968
0.18445297808119607
0.07414011644144623
0.537170315308541
0.38868956825001244
0.9498858749795067
0.027705267405641918
0.022408857614850113
0.10330578512396703
0.4809793543194971
0.4157148605565359
0.1556847044642473
0.21220887683499065
0.632106418700763
0.3157591472198217
0.3120138288677617
0.37222702391241713
0.9500651537875245
0.013997820011637506
0.03593702620083757
0.785831590637886
0.14740249766656033
0.06676591169555404
0.01201284771744302
0.9645644183161142
0.023422733966442955
0.1386289422344632
0.06105181893107155
0.8003192388344657
0.30090629637481436
0.13209313829411337
0.5670005653310715
0.49468032216366714
0.3357860196877796
0.16953365814855326
0.006954520063134292
0.5045944821225719
0.4884509978142938
0.20661971578588914
0.20506065982115598
0.5883196243929543
0.025294957879227534
0.9243963064187783
0.05030873570199407
0.253286333259896
0.07069594379574533
0.6760177229443584
0.0547687966219511
0.35843007874505906
0.5868011246329896
0.716754659085781
0.136816930643924
0.14642841027029466
0.009878955653259542
0.8084218398499456
0.1816992044967945
0.6174053266749892
0.0943265362741018
0.28826813705090826
0.5183617880247094
0.2542925239554455
0.2273456880198455
0.008852223925795407
0.974576077255772
0.016571698818432148
0.021760659752232795
0.9320350763468738
0.04620426390089315
0.012873130144205932
0.1912186862230596
0.7959081836327346
0.5683100206374687
0.30457846059772226
0.12711151876480933
0.02039117769454846
0.5281564710778195
0.45145235122763216
0.030707472013574204
0.9327808471454871
0.0365116808409378
0.7561673052197959
0.04036429778505918
0.20346839699514524
0.9439243180356978
0.018389819265427758
0.03768586269887437
0.05017664090100132
0.8626583791537163
0.0871649799452809
0.074918294806651
0.18672916815763727
0.7383525370357117
0.7602394816698091
0.15781732688154396
0.0819431914486454
0.5933654360620655
0.3445114456350411
0.06212311830289356
0.548570185634563
0.12815650128809042
0.32327331307734625
0.6902418488517256
0.24888946955840094
0.06086868158987298
0.6010853779714137
0.1185355040892762
0.28037911793931053
0.017939532106605885
0.9635509960375599
0.018509471855832377
0.40249766656033265
0.5082290669785797
0.08927326646108764
0.035685044856719826
0.25482971866562154
0.709485236477658
0.05276563459662562
0.14620590820959337
0.8010284571937811
0.0074701704836168
0.9838794403170902
0.008650389199293238
0.01914103272548657
0.9627003131331743
0.01815865414133969
0.015467444540478256
0.9665802362431577
0.01795231921636417
0.7055808722069552
0.16278800106677782
0.13163112672626703
0.015912944640095433
0.59394041030801
0.39014664505189417
0.05077816076517914
0.9182446244982608
0.030977214736559365
0.8163918933109313
0.08171444572788691
0.10189366096118163
0.03245942571785266
0.22797120882847072
0.7395693654536764
0.10938369117810653
0.050487633032966155
0.8401286757889275
0.2117025848836495
0.7113034935838405
0.07699392153251061
0.03836890927904907
0.9147001456003957
0.04693094512055523
0.08786752779498076
0.6142764457813561
0.2978560264236635
0.048543532247757266
0.14740214041303656
0.8040543273392059
0.21757467031756514
0.44877726371447435
0.3336480659679601
0.010520457918168347
0.9755847643276095
0.013894777754222336
0.012312400473280125
0.9199427081943307
0.06774489133239031
0.08385351643778607
0.8174677486475239
0.09867873491468991
0.025551684088269473
0.16519855407221792
0.8092497618395126
0.008069682633550165
0.9821912576384783
0.009739059727971611
0.023649816260747525
0.8540313308928807
0.12231885284637131
0.03523508236064154
0.825079088033163
0.1396858296061962
0.008610676527758035
0.9814926752951214
0.009896648177120385
0.041918444277266806
0.13881945624125352
0.8192620994814794
0.10790904674596052
0.18449218811214022
0.7075987651418992
0.12462767996697056
0.37973694299448496
0.4956353770385438
0.022724185441772966
0.1994527565931186
0.777823057965109
0.017269269444322957
0.9451901076961177
0.03754062285955775
0.08368790712289909
0.8099824199342652
0.10632967294283516
0.9356666998110766
0.02090583673063538
0.04342746345828776
0.5524479292970118
0.31603481259935856
0.1315172581036294
0.019930073557637443
0.16483550686295867
0.8152344195794041
0.607212188952291
0.32629370355118936
0.06649410749651942
0.16908863920099887
0.2558052434456928
0.5751061173533085
0.029790743222348218
0.9453836374256953
0.024825619351956842
0.006373451278811016
0.9749823722791492
0.018644176442039136
0.027212487886645216
0.9414368403132443
0.03135067180011003
