0.44602094097706335
0.5381229667295445
0.015856092293392406
0.8989236504827677
0.012387039136858728
0.08868931038037316
0.8598997016441315
0.05370405637021524
0.0863962419856535
0.9221077339961005
0.03705046111715194
0.04084180488674871
0.8246068932053557
0.030220321763787184
0.14517278503085704
0.9625183710235635
0.016763855307448023
0.02071777366898977
0.07757460037697976
0.9074869648233826
0.014938434799637667
0.9519822910437559
0.018862975901971224
0.029154733054270323
0.4398718469383151
0.34497540724696546
0.21515274581471963
0.9518646047279613
0.017397607828923557
0.0307377874431155
0.4654199374070084
0.07422656610743418
0.4603534964855571
0.5248678122934567
0.32786682088565755
0.14726536682088578
0.03822066678946396
0.9344569288389517
0.027322404371584584
0.024032459425717925
0.9514527295426193
0.024514811031665026
0.5817884548080592
0.009021150340317268
0.4091903948516236
0.9629371736034177
0.016089043625046158
0.020973782771535616
0.947808988764045
0.02187265917602991
0.030318352059925044
0.9835707525420437
0.007878920248177901
0.008550327209778273
0.2373752140679171
0.02426799214736227
0.7383567937847211
0.7521560519084799
0.02037707103408873
0.22746687705743115
0.9831046202307473
0.008018146331170537
0.008877233438081679
0.93316947565543
0.02656835205992509
0.04026217228464416
0.9863253730264827
0.006226140154389001
0.007448486819128817
0.9453420975941466
0.015153968202571007
0.03950393420328339
0.9782555977689759
0.009412694563450329
0.01233170766757377
0.963060134223085
0.016331108956444015
0.020608756820471873
0.979680964487821
0.009144591158861643
0.011174444353317476
0.3452565027660379
0.12364704669621701
0.5310964505377451
0.9130754861091942
0.03765563316125113
0.049268880729554904
0.4539452802640767
0.01614930489430583
0.5299054148416178
0.6849378723246067
0.2333528498805775
0.08170927779481602
0.9381304727975053
0.029531900455441167
0.032337626747054024
0.9376114081996436
0.021170061487311986
0.0412185303130445
0.40306234853491923
0.025933969093255207
0.5710036823718254
0.980720274034681
0.009816466072214003
0.009463259893105152
0.873869553302274
0.07152644560153466
0.054604001096190694
0.9554215766876769
0.017752199993910048
0.026826223318412955
0.098091054002566
0.8770330339670568
0.024875912030377274
0.4709223360908753
0.2730378235996209
0.2560398403095031
0.7819258185332878
0.12444122266521722
0.09363295880149854
0.9509926658529207
0.008617362002232572
0.04038997214484677
0.9479935794542523
0.02582486177991789
0.026181558765828363
0.19665262172284642
0.08618913857677907
0.7171582397003744
0.9867876880283977
0.006264563432517173
0.0069477485390818505
0.9733405199220514
0.011512362314634358
0.01514711776331245
0.16658917732145143
0.024099186361875247
0.809311636316673
0.43508488640696186
0.038081141088609195
0.5268339725044294
0.35189918181672053
0.11174872610953054
0.5363520920737492
0.9751437463733725
0.010835047739621234
0.014021205887007422
0.5046625391729725
0.050408927615990314
0.44492853321103726
0.59814654758475
0.016757898780370664
0.38509555363487974
0.5332720891338654
0.019927920288318867
0.44679999057781544
0.9750247922744384
0.011312979598124462
0.013662228127437118
0.9530044286231224
0.008544983312301494
0.038450588064575936
0.9299512827011346
0.04570414801047563
0.024344569288389517
0.9892352776591532
0.005968947727529327
0.004795774613319205
0.950354176844162
0.02048729848558868
0.029158524670249143
0.9878741100651215
0.00522994905017376
0.006895940884704922
0.37214773549869373
0.4950665659522236
0.1327856985490825
0.3663328143191795
0.018558262845600287
0.6151089228352186
0.9263395553944668
0.02702519028633562
0.04663525431919777
0.9604989377313473
0.01941651882515278
0.020084543443502644
0.9735082087240575
0.013171974881022792
0.013319816394919888
0.9546005178986234
0.021738405627979896
0.02366107647339936
0.05714839209608679
0.8609281501571318
0.08192345774678202
0.26322328955630675
0.011774817744169367
0.7250018926995234
0.4791549625468168
0.022600655430711627
0.4982443820224718
0.9538749639873203
0.02093056755978099
0.025194468452895358
0.6829655113518531
0.2600861301223635
0.05694835852578392
0.5146564948795558
0.2806639302348082
0.2046795748856365
