0.030398048950439797
0.029396394042330746
0.9402055570072299
0.07511190280442132
0.239392070887001
0.6854960263085778
0.02543209090619728
0.36901465236443126
0.6055532567293732
0.1888264669163546
0.2448501872659176
0.5663233458177276
0.03357581868817827
0.0332276961490445
0.9331964851627771
0.020919633590541914
0.02729118722079324
0.9517891791886646
0.27469191736136284
0.022713543554427968
0.7025945390842093
0.035625648662064
0.18189612382112724
0.7824782275168088
0.04260662543913124
0.04311471126208511
0.9142786632987825
0.06665581067144324
0.7728202066257756
0.16052398270278107
0.035931647940074904
0.16317006086142322
0.8008982911985019
0.028274204488483938
0.02169777935061491
0.9500280161609034
0.04287909344089108
0.4098146547584748
0.5473062518006341
0.05353753014211692
0.02816684623672467
0.918295623621158
0.030065561466634305
0.07710646564093505
0.8928279728924304
0.029923835515682957
0.0326336265714369
0.9374425379128819
0.01586629726540454
0.04221179005694936
0.9419219126776449
0.0775419614370925
0.13520136865954602
0.787256669903362
0.019998257991464156
0.8854513253781608
0.09455041663037485
0.29188842893751205
0.06679972402917415
0.6413118470333138
0.22845850270100754
0.5343025010206436
0.2372389962783487
0.19052271617000496
0.10210063507572059
0.7073766487542743
0.04140195126462293
0.014888796411892533
0.943709252323485
0.012972329063064713
0.014577465499661817
0.9724502054372739
0.018295623621158483
0.8254271202093268
0.15627725616951416
0.36790550273696304
0.25554595217516574
0.3765485450878704
0.8115578667161917
0.06840622775249948
0.12003590553130909
0.04263548115875566
0.04780249178323017
0.9095620270580135
0.025049486620811412
0.029635009470101528
0.9453155039090871
0.006200975196099221
0.8949681608680972
0.09883086393580352
0.7828696661923689
0.021703220319578668
0.1954271134880525
0.04690512598896355
0.08023624315759145
0.8728586308534445
0.13967540574282147
0.09393258426966293
0.7663920099875157
0.012155322151658253
0.7769245644031915
0.2109201134451501
0.04925697716563979
0.5732995046514441
0.3774435181829171
0.1393966497102501
0.7013434699163363
0.15925988037341385
0.12518006338231052
0.34831460674157316
0.5265053298761165
0.020199265481255294
0.039634922366459484
0.9401658121522851
0.014989092444465255
0.03737499315834326
0.9476359143971916
0.5515688470982263
0.20792740192584036
0.24050375097593257
0.01067866479810519
0.00809709963202451
0.9812242355698705
0.017245634933410626
0.05862657351662857
0.9241277915499599
0.024667051382146928
0.868548000799602
0.10678494781824809
0.013956306768002979
0.014381764618667274
0.9716619286133295
0.3483954409506105
0.07215800393393149
0.5794465551154582
0.21335115246910508
0.5154267518025379
0.27122209572835737
0.8542661516853934
0.007964653558052436
0.13776919475655428
0.31835205992509374
0.23739556323826003
0.4442523768366464
0.8341417490432055
0.022205849245819732
0.14365240171097599
0.8093454610308535
0.09452470126627407
0.09612983770287115
0.9005345485326014
0.013218770654329198
0.08624668081307035
0.02218839995821954
0.5785546950773685
0.3992569049644119
0.4696151087736071
0.0269184795601243
0.5034664116662682
0.9250011559624542
0.019013270448975793
0.055985573588569836
0.02015772966718431
0.03966078986632561
0.94018148046649
0.509693765146508
0.09440405375633393
0.3959021810971583
0.024714570496556728
0.05897366195481457
0.9163117675486288
0.6816985524850693
0.02958295374025711
0.2887184937746737
0.1494120004315593
0.01971301305466933
0.8308749865137721
0.9651665987463853
0.011138926083328511
0.02369447517028591
0.7159077468953282
0.060825284184243385
0.22326696892042833
0.35710346729165227
0.07559568943728312
0.5673008432710646
0.798913719474273
0.021310999626850218
0.17977528089887643
0.9630328501586756
0.008510354423382962
0.02845679541794133
0.555568426065356
0.03596020438369555
0.408471369550948
0.9071347151464397
0.025193663200502422
0.06767162165305796
0.024860433891597842
0.5336442654229381
0.4414953006854635
0.06981192863759014
0.6340528640274921
0.29613520733491755
0.17669763389990012
0.024627534766601157
0.7986748313334981
0.012902179362411153
0.010282422562348235
0.976815398075244
0.19873595505617972
0.06476279650436959
0.7365012484394505
0.9410446762974856
0.013325976457998944
0.04562934724451577
0.15225900057360742
0.029625130748726226
0.8181158686776665
0.055065607350080155
0.2593097301142451
0.6856246625356747
0.9120741929730684
0.016836097734974097
0.0710897092919563
0.463468515917603
0.041769077715355804
0.4947624063670412
0.09741487635569542
0.0077102319169442095
0.89487489172736
0.874814500741996
0.06405907709702494
0.06112642216097802
0.537295248409368
0.06985244348179234
0.39285230810884003
0.14523512276321277
0.50187265917603
0.35289221806075655
0.4085238279736533
0.5140643161565287
0.07741185586981791
0.02976046129388625
0.020370220677390655
0.9498693180287232
0.033564971496472785
0.011303641532421851
0.9551313869711061
0.2680945157226235
0.017680988009838975
0.7142244962675376
0.1428983002016709
0.5611604375649322
0.29594126223339706
0.08051256683862165
0.07728546863590334
0.8422019645254758
0.11839596109259036
0.021182313317144725
0.8604217255902645
0.822591164030037
0.021577505729778127
0.1558313302401848
0.025322329389148513
0.8535238032105888
0.12115386740026296
0.7948729426861831
0.05992509363295903
0.14520196368085728
0.2656315022888056
0.013654806491885144
0.7207136912193096
0.1281007436356728
0.5720023883189476
0.2998968680453782
0.0149940560647314
0.7143204100676196
0.27068553386764843
0.02842106530823608
0.025976371978756456
0.9456025627130076
0.048325668863287985
0.2682722546184358
0.6834020765182766
0.047715822996721904
0.5262600543499422
0.4260241226533362
0.033661048689138565
0.8309925093632962
0.1353464419475656
0.1771315267680106
0.5844899757655878
0.23837849746640247
0.01318639240884994
0.026432614184346226
0.9603809934068039
0.01738581211355628
0.018571460230924347
0.9640427276555206
0.014349532963313937
0.021005369793781856
0.9646450972429051
0.02681704615762453
0.8409916356131131
0.13219131822926256
0.1978823463152264
0.6622173411055731
0.13990031257920096
0.03624375780274658
0.540496254681648
0.4232599875156055
0.8380653215738383
0.03568120494543119
0.12625347348072974
0.01669368057654093
0.8822193529481795
0.10108696647528004
0.23384893551495647
0.013540766349755113
0.7526102981352885
0.09489496824621388
0.16330809314443884
0.7417969386093477
0.028669060581489558
0.1332097764392449
0.8381211629792656
0.5469348659003829
0.19636015325670508
0.25670498084291193
0.7675424102225162
0.029687155761180903
0.20277043401630301
0.03886948037642013
0.08346709470304954
0.8776634249205293
0.1910112359550563
0.19943820224719103
0.6095505617977525
0.022568356078507046
0.18956454646284412
0.7878670974586488
0.09755383895131087
0.12682876872659177
0.7756173923220974
0.03317681256638162
0.019080626828404838
0.9477425606052132
0.14037065318836886
0.020678035950207885
0.8389513108614235
0.8093914864483912
0.048447505134710765
0.14216100841689838
0.025703389056362474
0.9155019640084042
0.058794646935233376
0.28876878585312676
0.06811501445977344
0.6431161996870998
0.21780303030303036
0.1669007490636704
0.6152962206332986
0.4771501219805517
0.028656839501082366
0.49419303851836566
0.3387810691181473
0.11882873680626489
0.5423901940755875
0.027191715684547913
0.02312939546569922
0.9496788888497526
0.11797752808988764
0.06101038474633979
0.821012087163773
0.021252845707571365
0.09050451641330666
0.8882426378791203
0.06324840428337822
0.024230275535861875
0.9125213201807596
0.06779026217228462
0.28057116104868907
0.651638576779026
0.6944340140377233
0.03144526924891445
0.2741207167133628
0.03251358794998659
0.021545735942869633
0.945940676107142
