0.0854346080138681
0.42641761492402036
0.488147777062112
0.07432411166713869
0.04121423850439041
0.8844616498284701
0.03243286317634868
0.05052195394055299
0.9170451828830984
0.6653580810445275
0.014207501040366218
0.32043441791510635
0.032680577849117175
0.03055109684323168
0.9367683253076494
0.020118656988498875
0.013423486129064324
0.9664578568824379
0.5075933564057585
0.02669131939505999
0.46571532419918155
0.03393784085682366
0.033494316315132396
0.9325678428280456
0.01249668229673536
0.044309770267480696
0.9431935474357845
0.14084745983896446
0.7185008286679975
0.14065171149303785
0.02603831198263323
0.7555404470526494
0.21842124096471763
0.0852814578791436
0.059388451003409885
0.8553300911174457
0.17049408489909543
0.5441032738304676
0.28540264127043696
0.013813780156350677
0.30406194252197216
0.6821242773216778
0.01742674597929055
0.030931923331130127
0.9516413306895792
0.6288455220448118
0.1299691175504305
0.24118536040475738
0.04283039058319963
0.5272070626003209
0.4299625468164798
0.41505617977528103
0.02102728731942215
0.5639165329052971
0.01728321325917354
0.011509699254669188
0.9712070874861608
0.6454711879209285
0.08026401975109583
0.2742647923279759
0.9446615643489142
0.031563806111925316
0.023774629539163004
0.04662082844205938
0.5676952317066355
0.38568393985130545
0.029174413278366073
0.03619351709643519
0.9346320696251993
0.022983385305812662
0.014288307017109685
0.9627283076770755
0.020024769834519587
0.016115314024799668
0.963859916140681
0.11310119776022548
0.13010345978418064
0.7567953424555942
0.6389710230632767
0.21259609698403303
0.1484328799526906
0.03128930165706155
0.5501748275909725
0.4185358707519662
0.008354476259514314
0.3935242237525671
0.5981212999879186
0.621152367487661
0.08457970583128703
0.294267926681053
0.010693529639674546
0.012622153342804254
0.9766843170175207
0.23438906941236326
0.022589359119915456
0.7430215714677214
0.19703631330402185
0.22471910112359522
0.5782445855723816
0.020283484157284305
0.1635156767235045
0.816200839119211
0.013211831667109007
0.9056297738063626
0.08115839452652715
0.7715355805243455
0.011971110382578802
0.21649330909307657
0.03345988163260087
0.007546880392683206
0.9589932379747157
0.062176492867062234
0.023965829230316024
0.9138576779026251
0.028155467144668316
0.023564901849341954
0.9482796310059887
0.009987515605493139
0.008674390172905638
0.9813380942216018
0.4724937983364953
0.06539714966681259
0.46210905199669233
0.015022380560884226
0.5061660728966841
0.47881154654243185
0.02892610651779625
0.8565707959390393
0.11450309754316546
0.6133411864202003
0.12335387217590915
0.26330494140389027
0.012371454996657592
0.008433834235323194
0.9791947107680183
0.1084342512362978
0.5574782094464307
0.33408753931727225
0.05320935038098926
0.03241637608162213
0.9143742735373901
0.021171452351227648
0.012969898737688966
0.9658586489110843
0.029914987218357926
0.2263361274597231
0.743748885321918
0.6866533655360701
0.12394553537050648
0.18940109909342293
0.01925833448929579
0.046134461552688764
0.9346072039580158
0.32303012039548235
0.03259574956591619
0.644374130038601
0.009309328756921286
0.010437241632397554
0.9802534296106814
0.4442441217818702
0.021828015839799122
0.5339278623783309
0.10544172725269903
0.2835646618197838
0.6109936109275175
0.9268222414289832
0.030879233126424165
0.04229852544459291
0.015702554403286897
0.18414036662445835
0.8001570789722546
0.1037145349135499
0.039197578369503876
0.8570878867169462
0.0791494808704309
0.7214715782487089
0.19937894088086094
0.10499193526340249
0.05196970939610158
0.8430383553404961
0.5686955654544246
0.04535381069521088
0.3859506238503643
0.02449054494799095
0.1114836966041891
0.8640257584478203
0.01956631591463052
0.4230054693537841
0.5574282147315851
0.13143326938887348
0.10074906367041192
0.7678176669407136
0.547842424691907
0.025228365533182574
0.42692920977491006
0.7571012424945001
0.018702811961238876
0.2241959455442603
0.9149102837139846
0.01649286431176711
0.06859685197424797
0.20837935631308332
0.18970354853043855
0.6019170951564777
0.03780019384714794
0.05525840303454546
0.9069414031183075
0.012548417042799034
0.016125676238035746
0.9713259067191647
0.646913397726526
0.015662987055654116
0.3374236152178201
0.010249500757885653
0.01491711377908241
0.9748333854630322
0.7554735684871519
0.02536009093111225
0.21916634058173554
0.040843342373757
0.8696241766757073
0.08953248095053593
0.6206771644932895
0.24758057902074962
0.1317422564859618
0.40201884396640963
0.017286084701815006
0.5806950713317753
0.011538311485642948
0.6056589419475654
0.38280274656679136
0.04912718750684452
0.7890137328339544
0.16185907965919785
0.529159978598181
0.0966292134831458
0.3742108079186732
0.012426572048097767
0.007656219199684601
0.9799172087522178
0.09411355274932877
0.014981273408239654
0.8909051738424327
0.9025431497341609
0.01622098251311735
0.08123586775272174
0.03479946549225526
0.30355899346921866
0.661641541038526
0.048666090463843285
0.08087582829155855
0.870458081244598
0.021279266838239982
0.01581821605674477
0.9629025171050161
0.010192955008770686
0.5145782961171955
0.4752287488740339
0.41762905711796633
0.022747410667083665
0.55962353221495
0.8968310887985745
0.021754721491752248
0.08141418970967129
0.014854508787093039
0.011143762604436747
0.9740017286084712
0.6920255930087391
0.05241495006242196
0.25555945692883897
0.11380882592411673
0.08114313629702004
0.8050480377788642
0.8983099417543018
0.014541431751236216
0.08714862649446196
0.008591331841115775
0.006670655763136339
0.9847380123957478
0.00854830881127798
0.006157680075920587
0.9852940111127987
0.025660915487439793
0.21505022487580933
0.7592888596367503
0.5022860052121929
0.044737147206637726
0.4529768475811698
0.5673450639530773
0.25111299554801775
0.18154194049890468
0.10964517349828391
0.08956139320622737
0.8007934332954889
0.037354622511334534
0.37387476181089313
0.5887706156777709
0.027205728909244654
0.3910947093259523
0.5816995617648022
0.03284875863932964
0.049963319047067516
0.9171879223136035
0.027164180916480016
0.4863875585016298
0.4864482605818906
0.015431913316909998
0.8515291714234209
0.13303891525966877
0.034369402377462964
0.014228138739618933
0.9514024588829192
0.08163192683729656
0.06260286281103483
0.855765210351669
0.01165588468959255
0.015038020655998182
0.9733060946544075
0.7264053417391154
0.11862999305167152
0.1549646652092125
0.07716359015516318
0.08087546816479395
0.8419609416800422
0.8835232555050855
0.04783913724865192
0.06863760724626129
0.7452228941708913
0.06699459259134471
0.1877825132377631
0.13280729185605372
0.09859035429014706
0.7686023538537993
0.46979081026765357
0.055522060838585754
0.4746871288937608
0.03489540513382661
0.027861514570201917
0.9372430802959705
0.34812040504924385
0.12226383687057837
0.5296157580801776
0.0738153395212507
0.029702002931118715
0.8964826575476339
0.06265079701585954
0.025369231856405914
0.9119799711277348
0.03133916280214413
0.013020172423074853
0.9556406647747806
0.459413357066044
0.1219453406014758
0.41864130233248076
0.2468695567666167
0.09193597823080439
0.6611944650025792
0.8865436062065268
0.030577849117174875
0.08287854467629753
0.931364203836115
0.03166496424923399
0.03697083191465217
0.01281517760918509
0.39110300158989286
0.5960818208009215
0.0074782349877222975
0.5809087977776131
0.4116129672346652
0.4033563351277142
0.0863651143466166
0.5102785505256694
0.008721131439909546
0.01944181682547739
0.9718370517346123
0.007125057821149852
0.013884536759329711
0.9789904054195204
0.034863100888133436
0.1061345224167237
0.8590023766951431
0.03676910710926411
0.07634292750500224
0.8868879653857349
0.018187344353589412
0.03447261603623742
0.947340039610173
0.02194075587334014
0.464473953013279
0.513585291113381
0.28177479763199226
0.17457009383432
0.5436551085336876
0.18209549384024692
0.4259534072974817
0.39195109886227125
0.6963912756113677
0.020894470147609596
0.2827142542410224
0.017245156646114337
0.020959177073226656
0.9617956662806584
0.03661977487925609
0.018515729332971805
0.9448644957877724
0.02603765840644401
0.09232466266481967
0.8816376789287361
0.9738895264529794
0.00626740327559671
0.019843070271424356
0.04305080605764536
0.05068392769907185
0.906265266243284
0.060422330758928215
0.23009247006552294
0.709485199175549
0.018703684614415475
0.15836855307013026
0.8229277623154542
0.014720523396387427
0.034521721266138845
0.9507577553374742
0.01787476845279146
0.01339931583715306
0.9687259157100591
0.01952687345945768
0.015413425525785038
0.9650597010147564
0.26249562148034383
0.08234311427262676
0.6551612642470289
0.4890067970592315
0.029477042585656837
0.4815161603551114
0.6856013316687477
0.020794319600499378
0.2936043487307531
0.01698796749461947
0.1155151153083186
0.8674969171970617
0.10255458978164082
0.06102042258497637
0.8364249876333834
0.3445257381761168
0.26744186046511603
0.38803240135876665
0.011920266660780122
0.020249736944732637
0.9678299963944872
0.9526423950581262
0.01944403910696046
0.027913565834914167
0.019086718524920752
0.01986699318159993
0.96104628829348
0.7080251109600546
0.04935556532981458
0.24261932371013087
0.7573181549379059
0.032771535580524355
0.20991030948156916
0.011974214923653128
0.01420700086430423
0.9738187842120422
0.2784159660564153
0.4656137869621017
0.25597024698148296
0.010267653238330144
0.2354435005024208
0.754288846259249
0.03274316195664517
0.029593689706049316
0.9376631483373072
0.048247550823479424
0.06371947729094093
0.8880329718855803
0.02200524105251821
0.15129650237522585
0.826698256572256
0.22847673960181353
0.6630445495761881
0.10847871082199875
0.03495630461922598
0.029773389323951096
0.9352703060568213
0.03495630461922595
0.014307337067603539
0.9507363583131708
0.010882810829093108
0.05727899886098568
0.9318381903099212
0.04995607342673513
0.09284690433254725
0.8571970222407177
0.011360539450427087
0.009561852258481473
0.979077608291091
0.40803251255080086
0.03348473981990595
0.5584827476292935
0.014743894076066908
0.8662103708392678
0.11904573508466532
0.06382810959984231
0.24886654839345543
0.6873053420067022
0.6922607037743179
0.01636340077374452
0.2913758954519371
0.44160316845322656
0.3913211933359162
0.16707563821085694
0.8904029537546133
0.03811724705819847
0.07147979918718611
0.011644535240040856
0.04737260242878222
0.9409828623311761
0.16072598546855588
0.31741328561230586
0.5218607289191382
