0.024209428935480067
0.026101393876211364
0.02494304799413098
0.02467276728831222
0.024363875053090782
0.5058110351751033
0.025213328699949734
0.02424804046488275
0.023668867523842552
0.024556932700104183
0.025753890111587248
0.036796787520753604
0.02386192517085595
0.024827213405922942
0.16097146607977153
0.01730113477556043
0.017538710939683632
0.014520096148471136
0.016434680529934617
0.0168958577897032
0.7636955671082786
0.01647660573536812
0.016658281625579988
0.018782492034211003
0.01616915422885576
0.017063558611437216
0.019970372854827025
0.017412935323383096
0.017454860528816625
0.01362569176588966
0.027634375948982687
0.03436582650065797
0.02986132199615345
0.029810709585990476
0.030089077841886813
0.5867243648142525
0.029026217228464418
0.02750784492357525
0.027001720821945525
0.027811519384553066
0.032341330094139066
0.02857070553699767
0.02872254276748659
0.027912744204879023
0.03261969835003541
0.01151294001469223
0.012331852065946506
0.011585196960391148
0.013138721292917613
0.011537025663258541
0.2266218673603334
0.01093488444910099
0.011898310391753061
0.014439346315497913
0.011235955056179773
0.012958078928670343
0.6177968857256406
0.012018738634584577
0.011175740934764011
0.010814456206269476
0.018383509163164377
0.014237927781113293
0.019684364010635592
0.018383509163164363
0.01951282271206794
0.6641936129456494
0.018669411327443746
0.02002744660777084
0.018655116219229804
0.017468622237470328
0.019169740114932672
0.09500528919003921
0.01902678903279298
0.018812362409583443
0.018769477084941547
0.010431175906150381
0.011101825197841562
0.010616894171541788
0.010338316773454674
0.010689117941416219
0.7623528440688809
0.010575623445899254
0.010668482578594944
0.010524035038846082
0.01056530576448862
0.01154548549849879
0.09619174379133519
0.011174048967715981
0.011008966065145865
0.01221613479018996
0.008746688590481385
0.008975061660728943
0.008678176669407123
0.008712432629944257
0.008986480314241322
0.193968667214762
0.008940805700191816
0.008666758015894747
0.010619347766511337
0.008746688590481388
0.008723851283456634
0.6873115922170456
0.008826619165068026
0.00870101397643188
0.011395816205353047
0.024238168198842343
0.031664964249233866
0.02732379979570991
0.027877085461355096
0.024919135171944152
0.6132745999319031
0.02606826693905342
0.0246212121212121
0.03973016683690837
0.025068096697310145
0.024174327545114054
0.034154749744637364
0.02470633299284983
0.024365849506298935
0.02781324480762679
0.008861999423797175
0.01065975223278594
0.008861999423797168
0.00849322961682512
0.008700662633246899
0.8504292711034281
0.008608470181503878
0.008850475367329297
0.03209449726303656
0.00833189282627485
0.009104004609622575
0.011005473926822234
0.008908095649668685
0.008331892826274842
0.008758282915586283
0.030148881062850585
0.02068310134719664
0.027577468462928842
0.027596101887565987
0.02722343339482367
0.6092198185104434
0.027502934764380385
0.026999832299178322
0.026478096409339142
0.02655263010788756
0.027987403804945344
0.03909292488866533
0.027242066819460776
0.028620940242607213
0.027074365997726776
0.013118418730513557
0.010422181696962553
0.012294840872992515
0.01373610212365432
0.01247132184246131
0.8204306135655034
0.012383081357726908
0.012539953330588051
0.012010510422181686
0.012667411808537733
0.013814538110084889
0.01678530109614291
0.01224581838147341
0.01255956232719571
0.012520344333980419
0.025446133509583545
0.022868473231989362
0.024432694426084978
0.02372769332452076
0.026305353602114934
0.6354483366380267
0.02674597929059257
0.02445472571050886
0.028706763604318068
0.024520819563780504
0.02800176250275384
0.03513989865609156
0.026283322317691055
0.02518175809649696
0.022736285525446074
0.013923771755893332
0.015487992949988942
0.014254241022251559
0.013989865609164976
0.01412205331570827
0.026966292134831392
0.013967834324741095
0.014937210839391896
0.014232209737827678
0.014210178453403794
0.01438642872879485
0.04921788940295206
0.01427627230667544
0.014430491297642612
0.7515972681207319
0.09156804944389858
0.03294598481935599
0.02035715811509376
0.10208484641346612
0.021197362612323935
0.47671636689879066
0.022721123310690518
0.020079463408382098
0.021959242961507225
0.021289927514561144
0.04920892610472646
0.022187095028552702
0.02160322410674868
0.0243445692883895
0.05173665997351218
0.013599237115966655
0.017565681274790267
0.01500891413408515
0.01513329740038971
0.014663405061016882
0.7810992716668734
0.014483740343021394
0.014566662520557775
0.01938996918059068
0.014041488729494012
0.0171648907500311
0.020246831681799974
0.01510565667454425
0.015050375222853334
0.01288057824398467
0.010257368313361272
0.011253747542412833
0.009928207318049592
0.010212887097778605
0.010960171519567278
0.7168058928714401
0.010417500689458835
0.010123924666613288
0.016947343136993222
0.009803659914418143
0.011556219808374912
0.13916393107190825
0.010310745772060455
0.00994599980428265
0.012312400473280131
0.01093674229527141
0.010544670401667351
0.010730388667058749
0.010926424613860784
0.010596258808720517
0.2917633949298914
0.010926424613860782
0.01093674229527141
0.0161884421332838
0.010585941127309874
0.01218518174595806
0.5597548518896834
0.010802612436933184
0.010792294755522546
0.01232962928570693
0.0084142788993433
0.008891324868304852
0.008525927955908782
0.008465028470509424
0.008495478213209093
0.16777808227520524
0.008373679242410401
0.008211280614678804
0.009977365691259914
0.008201130700445577
0.009053723496036444
0.7207149599585876
0.008140231215046239
0.0077139348172508
0.00904357358180323
0.007779411249956238
0.008943260177115046
0.00817319472155132
0.007954426126220717
0.008146942490111652
0.8497409779831285
0.008006930589100065
0.007971927613847171
0.04188105989009065
0.007656900836571094
0.00941580034302915
0.009363295880149801
0.0086369841436522
0.008505722986453843
0.007823164969022352
0.010590891438426035
0.01787089512450385
0.010867347274606214
0.012289120146389942
0.010722537074702313
0.4328508520763806
0.010939752374558165
0.01068962566563325
0.018535705587699014
0.010360511574942567
0.4084042574198772
0.012881525509633163
0.010966081501813411
0.010498739493032653
0.011532157737801387
0.018963138182534967
0.024502266903213072
0.019317957815888014
0.01896313818253498
0.019041986989946764
0.38547210723437814
0.019298245614035068
0.01925882121032917
0.019653065247388107
0.020007884880741164
0.020244431302976516
0.3499507194953674
0.019239109008476234
0.018785728365858446
0.027301399566331555
0.01441349908359231
0.012550800860626331
0.013835763805880946
0.014064865726352687
0.013666427603793121
0.8056817276276993
0.013915451430392852
0.013158418997529666
0.016316041118814247
0.014174436210056571
0.01330783329348951
0.014782054346959913
0.013297872340425513
0.01377599808749701
0.013058809466889783
0.006524992930108087
0.006159427787089345
0.006400838730592289
0.006269787075547837
0.00643532600823557
0.7667832336651006
0.006704326773853133
0.006324966719777079
0.007159558838744394
0.00629737689766246
0.006780198784668342
0.14912298852953143
0.006359453997420355
0.0062146074313185916
0.006462915830350193
0.011261607921604836
0.014673439023138874
0.011637849947839158
0.011381321293588488
0.011731910454397749
0.7982915191626907
0.011509585620713822
0.011825970960956327
0.04100182990440031
0.012398884955449517
0.010945222581362333
0.01877789749114976
0.012527149282574842
0.0114411779795803
0.010594633420553064
0.012744590304203886
0.011903957728190426
0.013367559088213854
0.01180638430418887
0.011738833472187788
0.8220636028611531
0.013172412240210724
0.012767107248204242
0.017202945216275203
0.013022299280208325
0.011791373008188631
0.009944983600159094
0.012774612896204369
0.012954748448207246
0.012744590304203884
0.027424397189463656
0.02584579193363675
0.02751725632215934
0.02683628934905753
0.025969604110564343
0.5536880552202306
0.02785773980871026
0.02631008759711523
0.025567214535549634
0.02661961803943423
0.026805336304825643
0.0920853065899032
0.02754820936639124
0.02726963196830413
0.03265546166465476
0.018537752179523453
0.027460422371195597
0.01884461649828467
0.025831680987001483
0.02026091335410564
0.4783149214742075
0.020536304409404158
0.019033456079060793
0.03394391464450943
0.019867497560822032
0.24051081106599947
0.02014288861612056
0.018805274918956304
0.01956850155792649
0.018341044282881646
0.03502663923616608
0.0620615076225141
0.039167589808514064
0.04689560584480674
0.03874558210687351
0.22503560689982582
0.03618716041567764
0.03877195758822603
0.05942395948726065
0.03974785039826982
0.2169910850873028
0.04299203460463163
0.03769056285277217
0.03792794218494494
0.04333491586221455
0.00964175821115798
0.009224064714645725
0.009133564457068064
0.008562716678501312
0.00973922002701084
0.8626554167884941
0.009140526015343266
0.009808835609762883
0.00910571822396724
0.009063948874316021
0.010532837670384133
0.014862926917561243
0.009377218996700219
0.009370257438425013
0.009780989376662063
0.012789568594812025
0.013039256484949358
0.012234706616729084
0.01308087113330558
0.012012761825495896
0.4529615758080176
0.012845054792620336
0.012747953946455816
0.02202802052989316
0.012498266056318484
0.013386045221251208
0.3722291579969482
0.012026633374947974
0.01263698155083922
0.013483146067415725
0.05589167386920194
0.061725727456064555
0.05574762316335351
0.058124459809853056
0.057620282339383495
0.14325842696629207
0.05754825698645925
0.05337078651685394
0.0649668683376549
0.056395851339671586
0.057836358398156165
0.06503889369057916
0.05762028233938349
0.05855661192739845
0.09629789685969468
0.01485887738366254
0.013794031969841586
0.01457736652713516
0.013683875547722176
0.01525054466230933
0.7464688746909501
0.014491689309931177
0.015336221879513319
0.047232625884311166
0.014026584416538115
0.03309588504565364
0.015336221879513315
0.013977626006707267
0.014418251695184904
0.013451323101025644
0.013717571861578886
0.01901962400300356
0.014074704907374336
0.0213638819446352
0.014395208922831792
0.7122148658919628
0.014788970998965216
0.014367737150078294
0.015182733075098667
0.01542997902988012
0.019862091700777428
0.07601439520892278
0.015063688726500175
0.015320091938866139
0.019184454639524538
0.04085318883310746
0.036682869816984015
0.03737349589608723
0.05092039206311252
0.04183600286875433
0.4021303158286167
0.04101256408213129
0.043987568730576056
0.027864106037665638
0.04380163094004828
0.06151884612319696
0.03623130661141651
0.04321725502696087
0.04202194065928219
0.050548516482056875
0.005059093389274725
0.005022011029353349
0.005398132108555967
0.005090878269207347
0.005133258109117498
0.8522320931932676
0.005037903469319653
0.005180935429016423
0.005562353988207818
0.005323967388713195
0.005424619508499811
0.07958933935127058
0.005583543908162891
0.005154448029072575
0.0052074228289602734
0.007175968563885282
0.5645837170749677
0.007068520906244224
0.007605759194449541
0.007298765886903642
0.3090808620372077
0.007981825996193268
0.007229692392705824
0.00822742064222998
0.007390863879167413
0.008311843801805104
0.033546693682077765
0.007467612206053884
0.007352489715724175
0.009677964020384346
0.02688172043010759
0.09294833071563784
0.027022673271314145
0.03161370867061343
0.02760662075631275
0.3331319721316096
0.025754097700455166
0.025754097700455142
0.03334541500543682
0.02613668398373008
0.20260964117433858
0.06054931335830227
0.024847972292698698
0.024988925133905254
0.036808827675083686
0.011761775612996092
0.022850131916385328
0.01183557498939135
0.0119831737421819
0.011918599287836038
0.39023265253408584
0.0114573531853656
0.011632626704304375
0.017324403608789514
0.01168797623660082
0.4304256379033597
0.02138336931052934
0.012020073430379532
0.011586502094057335
0.011900149443737221
0.007972799781004647
0.009341520773451805
0.00766483755770404
0.00801323926487241
0.007319546580063962
0.7400518869685331
0.0069711448728956
0.0062650092699739965
0.006501424714123961
0.006896487364216664
0.15943422051339481
0.012256274341458569
0.007176453021762669
0.0069555912252541536
0.007179563751290958
0.014474553866490377
0.015003304692663543
0.01504736726151131
0.013967834324741095
0.01498127340823966
0.05983696849526312
0.014474553866490379
0.014738929279576958
0.013593302489535105
0.014606741573033669
0.014408460013218733
0.02414628772857451
0.01416611588455603
0.014474553866490379
0.7420797532496145
0.013859920608221717
0.01473457579223572
0.013904774720222442
0.01401691000022423
0.014151472336226387
0.041647042992666215
0.013882347664222073
0.014375742896229973
0.01350108771221598
0.013725358272219572
0.013456233600215261
0.018569602368297067
0.013904774720222439
0.013523514768216335
0.7727466415483639
0.013163157703356248
0.014799461837751356
0.01256923990642764
0.01256923990642764
0.013272244645649248
0.37858017284219964
0.012217737536816844
0.012714689162818324
0.0630764941880902
0.013587384701162379
0.014884307237312582
0.4001430251021177
0.013260123874283367
0.011963201338133169
0.013199520017453913
0.011817997773053942
0.010552687518979647
0.010594864527448785
0.014778823767587806
0.011666160542565028
0.8228228228228236
0.01132030907311805
0.011227519654485938
0.010982893005364907
0.011868610183216916
0.010915409791814268
0.025997908020379937
0.011581806525626742
0.011936093396767546
0.011936093396767542
0.013239623310368234
0.012946779488602234
0.01407191627749266
0.012977605154051285
0.013054669317673918
0.313034632635132
0.01303925648494939
0.0138098981211757
0.02147007598526534
0.013578705630307823
0.01416439327383982
0.5049089872227617
0.012838889659530553
0.013979439281145502
0.012885128157704121
0.006848814253333022
0.00808371314598618
0.006921933266713799
0.006540089530169729
0.006613208543550503
0.8757870449356958
0.006905684597073621
0.007360647346998471
0.03158741378049668
0.006645705882830849
0.0074337663603792495
0.008814903279793972
0.006800068244412495
0.0069381819363539725
0.006718824896211626
0.009834405106824026
0.009810849645490317
0.009806923735268034
0.01590386231047669
0.00974018326148919
0.7823004263538496
0.009402554982372672
0.010168107475718259
0.01127521415840264
0.009088482164589868
0.010560698497946759
0.0823263373613174
0.010647068522837037
0.010073885630383417
0.009061000793033878
0.011205750875921253
0.010853368772904864
0.011558132978937643
0.0112359550561798
0.011638677459627109
0.8434315975997746
0.012031331802988224
0.01093391325359432
0.009715677983166216
0.011517860738592909
0.010390238008940456
0.012212556884539517
0.011256091176352163
0.01212194434376387
0.009896903064717502
0.014736181000742943
0.015463799085498968
0.014391519802700616
0.02918131476758346
0.014713203587540108
0.7014544702557386
0.01462129393472883
0.015425503396827593
0.011802731248516048
0.013656242580210318
0.014567679970588911
0.09013273285693492
0.014590657383791734
0.014958295995036884
0.020304374133560055
0.007974671491144553
0.007633466641274683
0.007982606487653155
0.007982606487653155
0.00750650669713706
0.8331666984066524
0.008307941344505814
0.008038151463213366
0.008419031295626234
0.007696946613343497
0.007744556592395108
0.06097251317209422
0.008014346473687563
0.00814130641782518
0.010418650415793828
0.014256676641635149
0.011631189656145891
0.013315641879811036
0.014727194022547206
0.013061562494118538
0.7293866335422426
0.01323094875124687
0.013635593698831232
0.0975194323678316
0.01365441439406772
0.015348276965351123
0.012892176236990195
0.01274161067509834
0.013475617789321142
0.011123030884760887
0.01413169640186188
0.012181259049191689
0.015053068648215292
0.014610331335032482
0.015041102774886008
0.7252515824867477
0.014981273408239695
0.014694092448337324
0.020545404506347877
0.014897512294934837
0.015232556748154257
0.0803628052793433
0.01607016788120281
0.014526570221727627
0.01242057651577699
0.011926689998158027
0.01354607969546263
0.012064836986553676
0.012701848099711423
0.01212623564806286
0.7796018296801127
0.011742494013630495
0.011788543009762377
0.06340179284091609
0.0115813225271689
0.014973598575551047
0.00928654755326333
0.011059433904340875
0.012886044084238955
0.011312703383066234
0.005302950750813801
0.005256280117143275
0.00531461840923143
0.005606309869672238
0.005127935874549324
0.8844201757149349
0.005192107995846296
0.005192107995846298
0.005262113946352089
0.0051454373621757634
0.005308784580022614
0.04692732215571656
0.005104600557714051
0.005466297968660653
0.005372956701319596
0.006290479442133802
0.006276684531076492
0.006897455528655485
0.006649147129623889
0.0068836606175981755
0.9024699788248134
0.006814686062311618
0.006738814051496408
0.00799415095771171
0.006407736186120947
0.006945737717356076
0.008021740779826337
0.006842275884426241
0.0065387878411654
0.008228664445685997
0.008586206017987728
0.01133786848072561
0.008509770949578336
0.008696612227912388
0.008756061725564134
0.7978886935548228
0.008331422456623105
0.008790032867079413
0.01476895377376918
0.008781540081700604
0.01018284966920601
0.07948397836038287
0.008815511223215881
0.008790032867079418
0.008280465744350186
0.006639732534689421
0.00717573516110229
0.006780433224122796
0.006599532337708455
0.00669333279733071
0.8730678780326023
0.006425331484124275
0.006934533979216499
0.008924443729774273
0.006592832304878295
0.007282935686384862
0.036454878628905306
0.0069211339135561755
0.006713432895821189
0.006793833289783125
0.00919555401563025
0.011285452655546204
0.009795024941290352
0.011972919313413299
0.009003063351427464
0.6715779284704688
0.00871707722175475
0.009514538544880578
0.010328499067795214
0.009151556149526757
0.010718980129463712
0.1953230268331987
0.008948066018798093
0.00899206388490159
0.015476249401904006
0.008325631921137536
0.6351719441607084
0.009209267636233925
0.01079819057347147
0.009022812393598907
0.2347390437278078
0.008422912917294934
0.009298441882711546
0.010222611346206856
0.008422912917294932
0.009176840637514795
0.020193913452340426
0.008909317898081939
0.008957958396160643
0.0091282001394361
0.025758618053963067
0.024688527096231684
0.027567581339651877
0.03926214680628806
0.026293663532828762
0.5720400519758466
0.026191750108282917
0.026344620245101685
0.023796784631455507
0.02642105531351109
0.02777140818874357
0.06856225636321936
0.026624882162602784
0.025631226273280756
0.03304542790899126
0.010719359421412892
0.009742319851310298
0.010135381747328575
0.0117357051811173
0.010017463178523102
0.8572736103858182
0.00999500249875062
0.009708628831651585
0.010129766577385468
0.008905659529785663
0.011095575807601819
0.009461561354154381
0.010006232838636851
0.011000117918568813
0.010073614877954273
0.008949730950455854
0.008076133121439398
0.009079841265415752
0.008624455163056101
0.009321474707484127
0.22263733608423691
0.009182070798598518
0.008940437356530141
0.01078056895382011
0.008754565478015997
0.009089134859341456
0.6610068679659107
0.009154190016821401
0.008735978290164585
0.007667214988708288
0.032529268484324685
0.038422251905398
0.03349833686912343
0.035122181189596945
0.03059113171472725
0.49123909798067106
0.02993635577905244
0.031848301511222914
0.05392734606217755
0.03114114350069409
0.050129645635263634
0.05133443335690527
0.03305308923286455
0.031010188313559135
0.02621722846441951
0.011056019832860177
0.00973649486184974
0.011302597731483344
0.01090940594719235
0.011449211617151164
0.8246564570088107
0.010816106201767366
0.010662828048569188
0.0351873325602783
0.010136350913671084
0.010529542697962066
0.010922734482253069
0.011135991043224446
0.011795753528729675
0.00970317352419796
0.012402529624854138
0.013231411555228046
0.01226438263645847
0.013676551851169602
0.013016516239945921
0.3023116596058207
0.012463928286363305
0.011942039663535287
0.012295081967213075
0.01244857862098601
0.01359980352428312
0.5335850678455213
0.012034137655799049
0.011665745686743985
0.013062565236077808
0.006610892598618886
0.011026695535939261
0.006606621996165
0.49814442323378555
0.006371738861201144
0.40246584585687506
0.006431527295555587
0.006867128745852178
0.008220909723734723
0.006879940553213844
0.00829350996545083
0.012171216993581301
0.006264973799853946
0.006794528504136075
0.006850046336036625
0.014240919780506947
0.015286124902012038
0.014828847661353561
0.014741747234561472
0.014611096594373334
0.06687135266962792
0.014545771274279267
0.015395000435502156
0.014959498301541701
0.015068373835031816
0.01465464680776938
0.02049037540283945
0.014545771274279267
0.01465464680776938
0.7351058270185529
0.015944355270197923
0.015141787051899374
0.015534153736400888
0.016622079543427815
0.0162297128589263
0.7675405742821476
0.015873015873015834
0.01596219011949345
0.018976279650436904
0.016693418940609907
0.019546994827893655
0.015766006777242693
0.016336721954699443
0.015944355270197927
0.017888353843409976
0.021916569804985124
0.04578328813121528
0.020198889319385235
0.025455249903138296
0.022355676094537
0.41403848637479
0.020586336045460386
0.02230401653106031
0.020095570192431855
0.02208446338628436
0.26210771018984913
0.03829265142709542
0.022962675965388077
0.02169701666020919
0.020121399974170177
0.005997104845936429
0.006127310187419083
0.005797967264845312
0.005866899504453769
0.0058439220912509535
0.45346690869541884
0.006027741396873522
0.006050718810076349
0.007322135673965814
0.005828603815782406
0.006165605876090455
0.46691635455680397
0.00593583174406224
0.005912854330859413
0.006740041206160994
0.01640948813982522
0.017817727840199766
0.018426966292134847
0.0181972534332085
0.017188514357053705
0.7365293383270909
0.01802746566791512
0.016479400749063677
0.03614481897627968
0.016749063670412005
0.015900124843945082
0.021513108614232227
0.01683895131086144
0.017707865168539335
0.016069912609238457
0.008031513741338321
0.010266458480033477
0.00876629009378605
0.008286644419271556
0.008388696690444845
0.3264345998020186
0.008541775097204798
0.008307054873506216
0.010695078018961317
0.008133566012511624
0.009164293951361894
0.5593076773923605
0.008480543734500828
0.008715263958199397
0.008480543734500828
0.01080710180976067
0.010044696038348984
0.010587910150479813
0.01006375618263428
0.01009234639906221
0.8542470766503698
0.01070227101619156
0.010235297481201907
0.0114932670040312
0.010349658346913653
0.010120936615490154
0.01146467678760326
0.01033059820262837
0.01042589892405482
0.009034508391228503
0.0057996287709146666
0.00932696563158485
0.005984582763608985
0.00595816076465265
0.005700546274828423
0.5282814471328828
0.0058788947677836595
0.005918527766218155
0.009478892125583763
0.0061232982581297234
0.005859078268566408
0.38792778867685235
0.006024215762043487
0.00580623427065375
0.005931738765696321
0.025238973670971023
0.03703393146626421
0.024288669014478206
0.025155123260103995
0.02417686846665553
0.6016825982447315
0.025238973670970995
0.024679970931857597
0.025155123260103978
0.02431661915143389
0.05103695008105542
0.0375370339314663
0.024652020794901922
0.0237017161384091
0.02610542791659682
0.009647032118942234
0.010418794688457605
0.009976166155941431
0.009578935421632044
0.009601634320735441
0.4313358302122348
0.009249801384632843
0.009295199182839631
0.014118715242310741
0.009874021109976174
0.009930768357734638
0.43865622517307923
0.009181704687322663
0.010010214504596524
0.009124957439564194
0.016459449900699183
0.018146203444241903
0.01616925574267033
0.018871688839314057
0.015842787314887877
0.46947973628605894
0.01618739287754714
0.016695232654097635
0.016414107063507172
0.01619646144498554
0.025754731525060977
0.026924576724614808
0.015915335854395085
0.014818039194348476
0.29612500113357093
0.030898876404494416
0.0249228905045164
0.030651024454725735
0.02974223397224059
0.030843798193434708
0.5906311962987446
0.03087133729896455
0.03103657193214367
0.02541859440405377
0.030265476977307814
0.029329147389292806
0.027621722846441953
0.02987992949988987
0.031917823309098974
0.02596937651465081
0.012915673589830886
0.016312942155638784
0.014201944539023173
0.014254908636931098
0.013664737260242876
0.7943706730223584
0.013203192978473877
0.014133847841713003
0.010766844474709651
0.012499527106268674
0.013006469186244474
0.03406348125449252
0.013929557749782467
0.013036734385048994
0.009639465819241112
0.02373640666209039
0.01751026650770139
0.022869323313703522
0.02681936967857701
0.02350759300071052
0.603514096125824
0.02386887772920506
0.02354372147355997
0.021026771198381443
0.02359189277069256
0.04160795789828633
0.07708611823644886
0.0225562098823416
0.026024543275889062
0.02273685224658889
0.014665403185776821
0.01588375975813366
0.01462027886828213
0.014958711249492355
0.014417219439555984
0.11915076034474971
0.014733089662018868
0.014575154550787428
0.014259284328324552
0.014733089662018861
0.01633500293308065
0.016786246108027612
0.014507468074545374
0.01475565182076623
0.6856188800144395
0.012440589613859852
0.011235955056179763
0.012155857809317293
0.011553540530477241
0.012582955516131136
0.8344284556584969
0.012572004292879512
0.011794467442013266
0.010513174321571705
0.011476881967715779
0.01114834527016666
0.011520686860722338
0.012572004292879508
0.01260485796263441
0.011400223404954314
0.012251634609280745
0.011705706849488956
0.012124674665143114
0.01208658668190182
0.012188154637211927
0.8273598679616593
0.012327810575763319
0.012594426458452325
0.013064178251761545
0.011769186821557774
0.011032819145559552
0.014460737637275413
0.012594426458452322
0.01308957024058907
0.011350219005903606
0.0258853648129711
0.034904944768406575
0.02502014886455221
0.030685535485706128
0.022211160100507294
0.3666619257573605
0.022554876025221642
0.02479495567249795
0.04314227468828519
0.02534016024273453
0.2561394775517944
0.0565827525719433
0.021630398710472704
0.025909069359503146
0.018536955388043452
0.018912170597563834
0.024867564193406883
0.018389175692546465
0.020329318082127047
0.018237338462057565
0.5477781151938454
0.018557883726423027
0.01876033336707493
0.03168336876202042
0.018422917299321773
0.026250970071194753
0.1805007254445458
0.018962783007726806
0.017579377129938914
0.02076795897020614
0.00714491501008353
0.709550561797751
0.006849611063094191
0.007778738115816748
0.00687121866897146
0.1880870066263325
0.006763180639585116
0.006806395851339654
0.008441371362719656
0.00664794007490635
0.008340535868625735
0.015046096225871467
0.007008066839527495
0.00692163641601842
0.007742725439354632
0.007373876179954892
0.008159764323372736
0.006785582769739243
0.007858881434178478
0.007760084067577377
0.4927204303972552
0.007602906438893806
0.00778702880392313
0.4044494741285624
0.007589434070720929
0.009700105084471718
0.00800258669468917
0.0075984156495028455
0.0076702682797581915
0.008941161677399622
0.01533073516117024
0.0143355288647811
0.014928094445837238
0.013150397702668822
0.014890109472692615
0.7884085055951865
0.014289946897007551
0.014031649079624103
0.01849868192143188
0.014381110832554642
0.014373513837925712
0.02400650302740235
0.0130516367724928
0.01466219963382486
0.011661386755399565
0.01818105519361298
0.020824809324478808
0.016072346541612863
0.01912525309749363
0.016764758337792004
0.6972167144011161
0.017646009714747286
0.017876813646806995
0.032931524669792926
0.017719447329493553
0.02576611168812088
0.0486576653133162
0.016491990054448704
0.01801319778847864
0.016712302898687522
0.033097215437225214
0.056281550236117875
0.03478667969386095
0.03309721543722521
0.03311757042826902
0.4034155674971501
0.03134668620745806
0.033137925419312785
0.039712587526461486
0.03529555446995603
0.03621152906692719
0.06470851652825273
0.03562123432665689
0.03543803940726265
0.09473212831786353
0.008380261015773051
0.009883726102466926
0.008335779800190396
0.008789488199133513
0.008148958694743226
0.4488688426877333
0.008504808419404495
0.008095581236044029
0.016466946008700502
0.007899863887480332
0.008513704662521026
0.42913697545526547
0.008718318254201262
0.008362468529539984
0.01189427704680312
0.0140514012656593
0.013973911920444245
0.015433294588660716
0.017189719746868115
0.01442593310086529
0.7910887253002723
0.015433294588660705
0.0142322097378277
0.017964613199018434
0.014270954410435218
0.014413018209996116
0.018558698179000365
0.013986826811313437
0.013780188557406696
0.011197210383572243
0.009039181791990756
0.007447421492365293
0.00867185249207719
0.007987611639297012
0.008275713050993928
0.8793575338519166
0.008513396715643884
0.009197637568424061
0.009867473350619393
0.008275713050993928
0.008657447421492345
0.009104004609622565
0.008743877845001418
0.008614232209737806
0.008246902909824237
0.007523987713488147
0.006006516787230567
0.008441140471116361
0.0073772432722676385
0.00695368545329024
0.9003838701178297
0.0073272167582151895
0.007904189220286751
0.005412868820474852
0.00741059428163594
0.006723563488648987
0.006856967526122183
0.007620705640656213
0.007694077861266475
0.0063633725874713614
0.01568493928044491
0.017183066621268873
0.015480649188514372
0.015321756894790612
0.015934627170582243
0.03298150039723071
0.015412552491204193
0.01586653047327206
0.014754284417205787
0.015321756894790622
0.01566224038134151
0.057700601520826234
0.015480649188514365
0.015480649188514379
0.721734195891499
0.020148172448672768
0.021405724596079746
0.020038820088028673
0.021187019874791563
0.020038820088028694
0.4606741573033709
0.02044889144044402
0.020558243801088075
0.024276224062986997
0.020312200989638884
0.02113234369446954
0.2625276798162883
0.020038820088028698
0.020257524809316838
0.02695535689876708
0.010206482734278474
0.011785006961193781
0.010000588269898214
0.00988293429025235
0.009794693805517963
0.34770672784673595
0.009706453320783555
0.009794693805517962
0.010775143635900146
0.010020197266505854
0.010157460242759363
0.5188638547365533
0.009726062317391208
0.009480949859795664
0.01209875090691607
0.054588014981273594
0.052996254681648126
0.05449438202247208
0.054400749063670595
0.05524344569288403
0.07752808988764048
0.055149812734082565
0.054307116104869074
0.054494382022472074
0.05561797752809005
0.053558052434457104
0.204494382022472
0.05533707865168556
0.05524344569288407
0.06254681647940086
0.016122894510204527
0.0238538724989485
0.016323178914058
0.017705141300646945
0.01724448717178396
0.6065412886298547
0.016683690840994237
0.017524885337178813
0.01966792845841096
0.016403292675599382
0.018786677081455684
0.16074826253279642
0.016964089006389103
0.01640329267559938
0.019027018366079843
0.009112679782242455
0.019060746557509434
0.009537334837029924
0.010769530651741077
0.00892471770881194
0.840670815755399
0.009286718739122552
0.00910571822396724
0.01692354816702171
0.009070910432591218
0.010177798198348707
0.01860128371134594
0.009063948874316014
0.009258872506021747
0.010435375854531272
0.027363754490560256
0.28213275679453165
0.026446533669647623
0.03228835675522218
0.025813214531398444
0.3247398477850207
0.025747698758476097
0.03066138172765093
0.027571221104814348
0.026020681145652452
0.06001244799685526
0.02332361516034987
0.031076314956159038
0.028663150653519858
0.028139024470141192
0.03415085981233146
0.03966815673955953
0.034251540413193254
0.0381176754862874
0.03628528855060218
0.49307317466070616
0.03737263903990989
0.03511739358060495
0.04870927469695148
0.03497644073939843
0.04246707744351826
0.025371511417180203
0.03608392734887851
0.033144053803713214
0.03121098626716614
0.012581495353030932
0.011818560133166867
0.012650853100291286
0.011721459287002356
0.011929532528783458
0.7400055486197805
0.012456651407962262
0.012151477320016632
0.013677347759744746
0.012401165210153968
0.011998890276043828
0.0988209182965737
0.012248578166181153
0.011998890276043823
0.013538632265224008
0.028932584269662876
0.028970037453183484
0.028295880149812696
0.0279588014981273
0.02764044943820222
0.4028089887640448
0.029382022471910053
0.028951310861423198
0.1777902621722847
0.029232209737827686
0.030842696629213476
0.07966292134831461
0.028202247191011196
0.0289138576779026
0.02241573033707858
0.01176470588235291
0.012161269001982784
0.0123815818462216
0.012704707351105201
0.011764705882352908
0.38644341631783796
0.012322831754424583
0.01192626863479471
0.45393258426966315
0.011955643680693217
0.012631269736358927
0.01495189836234115
0.011617830652860366
0.011882206065946947
0.011559080561063344
0.013259149535749113
0.013656562737093094
0.013403663427146932
0.012681093970157865
0.013138721292917604
0.6813829979406766
0.013150764117200764
0.013439791899996376
0.09961824247022419
0.012741308091573627
0.012644965497308414
0.06441706709057413
0.012392066187362256
0.012199380998831834
0.011874224743186765
0.020682111961817618
0.015030990023532519
0.01910775247754466
0.022596201650591632
0.021734446985515896
0.6815070763315766
0.021601869344735007
0.01992807662987636
0.01750853468562526
0.02104670047396506
0.027211560770276092
0.0533542143117563
0.022803354214311768
0.020996983858672224
0.014890126280202842
0.009488737164668564
0.009166173861620344
0.009856100926473488
0.009103453219360971
0.01059082845008333
0.6486837625217288
0.009587298173933305
0.010026342669748943
0.010608748633586008
0.009515617439922585
0.010698349551099398
0.2233930075443968
0.009667938999695357
0.010115943587262336
0.009497697256419907
0.008658129956008849
0.007994993788935893
0.00871416963209951
0.008499350873751935
0.008265852223374136
0.44976510035772016
0.008433971251646159
0.008546050603827494
0.4303566925383175
0.008648790009993726
0.009041067742628434
0.01588724817170556
0.008546050603827498
0.008620770171948396
0.0100217620742152
0.005257403401028207
0.005257403401028205
0.005234140554120997
0.0053039290948426136
0.0051992462837601875
0.41561983855584217
0.005036406355409758
0.005373717635564226
0.513219112755019
0.00534463907693022
0.005734291762625899
0.007333612487496214
0.0053213762300230154
0.0050073277967757545
0.0057575546095331
0.008842780390326788
0.010589797896399453
0.008818848643668257
0.00904620023692429
0.008962439123619433
0.2689210372018999
0.008747053403692674
0.008639360543729293
0.01445477498175204
0.008543633557095167
0.00909406373024135
0.608883464359646
0.00875901927702194
0.008627394670400017
0.009070131983582823
0.013316687473990821
0.03558052434456929
0.012979806987297596
0.018280720527911527
0.012662742999821633
0.4056437389770724
0.012751917246299245
0.013504944216554682
0.013613934962249557
0.01340586172046843
0.014168796940332502
0.39364484870102856
0.012702375998256132
0.013544577214989193
0.014198521689158384
0.007298386522550226
0.01151364976289143
0.00708477520969509
0.007412312556072957
0.007177340111932312
0.4662280514376043
0.0074977570812150085
0.0070064510616482155
0.4039318722319532
0.007262784637074372
0.0091924068298657
0.034590791928340456
0.0075760812292618935
0.007099015963885434
0.009128323436009155
0.013027194268034559
0.015181691781594118
0.012701514411333688
0.013365400273070064
0.013415504866408674
0.3188906843034835
0.013202560344719639
0.013966655393133208
0.023899891022509546
0.013628449388097694
0.01876417020530363
0.4900980797414602
0.013315295679731474
0.01370360627810558
0.01283930204301482
0.007985301392127782
0.009025106756715839
0.007440160715547637
0.008035777380700012
0.007833873426411073
0.27324671653694343
0.0076925406584088165
0.00790453981041221
0.013588136123645993
0.007914635008126657
0.008298252521275645
0.6176544817630252
0.0077733022401243945
0.007803587833267733
0.007803587833267734
0.011578447294863724
0.011876746986620706
0.012208191088572901
0.011688928662181111
0.011346436423497162
0.514666401511385
0.011821506302961988
0.01151215847447326
0.33085855070542336
0.012219239225304638
0.012473346370134654
0.013047849480185168
0.012407057549744228
0.011501110337741519
0.010794029586910166
0.014814402788593424
0.013989320280342612
0.01442503800941888
0.017465791522972465
0.014897838098416546
0.7663533207253308
0.014054214410205032
0.014712426298809629
0.033197982719620205
0.01433233210961541
0.01681685022434824
0.01606593243594019
0.015602402936922857
0.015732191196647705
0.01753995624281525
0.028594691418335746
0.032405145741735884
0.02957173098843834
0.03510828855235306
0.030092818759159746
0.5627747923790893
0.030451066601530696
0.028887803289366538
0.03084188242957171
0.02996254681647939
0.0311349943006025
0.04250122129946268
0.029441459045757977
0.029539163002768248
0.028692395375346045
0.015284538052131194
0.09222277820740257
0.014966110176045117
0.015390680677493218
0.01560296592821726
0.6574322582601703
0.015830414411135876
0.01463251906776448
0.06259382249920385
0.015057089569212565
0.01993965033586561
0.017589349345706537
0.014389907352651282
0.015148068962380006
0.013919847154619466
0.022097378277153502
0.027697520955947855
0.022989120741929672
0.023524166220795378
0.022935616194043107
0.48118423399322247
0.022739432851792342
0.023042625289816238
0.20743713215623327
0.022721598002496818
0.04002140181915453
0.020813269127875813
0.02159800249687885
0.02225789192081321
0.01894060995184586
0.0142909598296247
0.014408460013218731
0.014452522582066496
0.014335022398472458
0.013659396342806749
0.6002496878901372
0.01417345964603066
0.014055959462436624
0.020812220019093726
0.01404127193948737
0.016024087537636737
0.20821032532863346
0.015245648821326242
0.013688771388705258
0.012352206800323094
0.018035896687582032
0.02118780096308181
0.018298555377207013
0.017043630526776547
0.019018434748771778
0.7084877669147333
0.019105987645313446
0.018308283476822756
0.032414027919645864
0.018084537185660738
0.024261880441655684
0.03348411887737725
0.01863903886375794
0.01829855537720703
0.015331484994406301
0.021035026971003318
0.02982121404847725
0.021883023579016895
0.022566131957694493
0.021459025275010115
0.5511271288248176
0.021741690811014645
0.021388358891008968
0.01900925729630422
0.02167102442701351
0.032294537488516795
0.11308976986314281
0.02096436058700218
0.021082137893670732
0.06086731208630732
0.014716897995153078
0.015069398545935187
0.01473892927957696
0.014210178453403796
0.014254241022251559
0.045714915179554845
0.014672835426305313
0.015025335977087424
0.015113461114782952
0.015091429830359073
0.014166115884556033
0.030799735624586832
0.014452522582066496
0.014760960564000841
0.7472130425203786
0.016537164365438752
0.010574468481562247
0.01572661039372429
0.01864274134943265
0.015158290942292313
0.5693256563623831
0.014189352861162376
0.014496804367674754
0.022061974770343083
0.015158290942292301
0.016145862448059368
0.2305513630350121
0.014655188477090223
0.014841522723461375
0.011934708480071582
0.020005480953685956
0.015242271202808338
0.01836119484790354
0.020945073014133047
0.020044630622871266
0.6272690495765308
0.01927468712889378
0.018870140547312387
0.029153453653316643
0.01909198867269571
0.02030562841743989
0.1159091205679313
0.020240378968797733
0.018726591760299633
0.016560310065379957
0.017653812131820133
0.02200139273144749
0.016524570417631227
0.016976267103306776
0.017315039617563456
0.7500235258690454
0.01643046694144881
0.01710801196996217
0.018011405341313295
0.017804377693711983
0.01665631528428659
0.01923475053168463
0.017559708655637704
0.017051549884252705
0.01964880582688723
0.03721068089348742
0.03564788618543362
0.03675262037560959
0.037453183520599204
0.03858486244712094
0.38256136663702767
0.03785735456578553
0.04065960714574407
0.03174089941529913
0.03306119149624115
0.12176326354646617
0.036644841430226574
0.034893433567752465
0.037453183520599224
0.05771562525260689
0.011545547903829905
0.018039446659417677
0.011809834481092199
0.009982481575450057
0.012111876283677683
0.7556557327534136
0.011537996858765274
0.011500241633442087
0.07597861544037689
0.011681466714993375
0.013357798719342775
0.021595988884861656
0.011628609399540916
0.011613507309411637
0.01196085538238493
0.011597178653586566
0.009581931215422345
0.012062966976558495
0.01144508450731002
0.011863343409570537
0.820842601570372
0.0116922374950094
0.011283484476891205
0.013859579079450176
0.012338637616684727
0.010808190269776986
0.026540428525257103
0.011292990361033478
0.01190136694613966
0.012889978896937195
0.0484771394247758
0.04847713942477579
0.04925446964878827
0.05080913009681311
0.05010246625680179
0.2678255953642851
0.049607801568793894
0.049749134336796126
0.05215179139283458
0.049607801568793894
0.05328245353685266
0.07660236025722575
0.04996113348879955
0.05010246625680182
0.05398911737686404
0.01465559355153883
0.01796667209466424
0.01567334310372902
0.02028714107365793
0.01529338327091135
0.5778781957335929
0.01591760299625468
0.0160804429246051
0.19350811485642955
0.01648754274548119
0.015632633121641436
0.03515985452966404
0.01565977310969983
0.01510340335450252
0.014696303533626444
0.0326584522969477
0.3875952161247713
0.03318315873274355
0.039135862780220396
0.03826738316235141
0.17543288280953176
0.031210986267166105
0.031120519640304743
0.02453454920479842
0.0330203188043931
0.04825489876784449
0.033183158732743544
0.03081293310897616
0.030396786625413966
0.03119289294179385
0.009939126479497537
0.01142951156016222
0.010258494711068546
0.012765051437640949
0.011216599405781553
0.7566510853680952
0.010171394284276446
0.010616574243436025
0.013268298347995248
0.009890737353501936
0.011090787678192967
0.10146231938758726
0.0097842812763116
0.01047140686544921
0.010984331601002635
0.012871377085920248
0.10318301583936516
0.012891567481349136
0.01694983696255692
0.013154042621924752
0.6969320694145794
0.013295375389927018
0.014557275104232924
0.011559001383042089
0.013719373693933825
0.013840516066507167
0.013234804203640343
0.013426612960214836
0.01342661296021483
0.036958518832591304
0.04642634207240941
0.06374843945068666
0.04595817727840188
0.04962546816479387
0.046738451935081034
0.322487515605493
0.045880149812733986
0.046582397003745196
0.046192259675405634
0.04689450686641687
0.046660424469413125
0.050717852684144686
0.04689450686641687
0.04666042446941311
0.048533083645443065
0.022055763628797354
0.11287027579162398
0.02179094313925775
0.02436348503764234
0.02090190292437484
0.5455302084515571
0.021128891915408808
0.0205992509363296
0.04560587144856811
0.020599250936329593
0.02190443763477473
0.05756062497635534
0.020050694207997596
0.02120455491242011
0.023833844058563192
0.01930481634798607
0.07727183126355211
0.01912083579735856
0.023707208095144212
0.01738616203429923
0.4821867402588869
0.018214074512122997
0.021197187725868958
0.015625205335435995
0.01984361653196661
0.024167159471712968
0.01654510808857351
0.01933109928378999
0.020014455614692134
0.20608449963860967
0.026598108296832387
0.14189360756681274
0.025487208785628157
0.03170824604837173
0.025963308576144258
0.17574430267250685
0.024995239002094848
0.025185678918301313
0.03305719545483401
0.026248968450453904
0.025106328953215316
0.03256522567130072
0.02513806893924969
0.027962927696311837
0.3523455849679424
0.01842901852136884
0.02574521574059824
0.01708480837309527
0.02022471910112361
0.019444871992201518
0.6999435636960647
0.017454209635216242
0.018141706428608094
0.046482992150223196
0.0178851777743574
0.026248011902929577
0.019373043969011357
0.017259247857985754
0.01787491662818737
0.018408496229028792
0.016778269587258362
0.02341769757500093
0.016778269587258355
0.017137668823062092
0.016626943593235723
0.7492528279045135
0.01679718533651118
0.016021639617145214
0.019067075246850546
0.017459236560360157
0.018821170506563765
0.018934665002080745
0.016475617599213104
0.016967427079786615
0.01946430598115993
0.006404679488366073
0.7981970642133901
0.0067687219641017204
0.008033615311996749
0.006707019849570251
0.10639295608660505
0.006694679426663962
0.007175955920009384
0.0070093602107744344
0.006836594290086332
0.007533828184291879
0.007379572897963222
0.006811913444273736
0.006515743294522714
0.011538295417383963
0.01833234772324068
0.03957224521979105
0.018480189237137783
0.019539720086733686
0.01724817662132859
0.06911590774689527
0.01766706091070372
0.01820914646165977
0.019490439582101303
0.017987384190814124
0.017814902424600824
0.024985215848610284
0.01717425586438004
0.01848018923713779
0.6659028188448642
0.006119023461475845
0.0053267445793093214
0.006616937857778125
0.006018814274798654
0.007177482995753655
0.9049296656771006
0.006948880788646314
0.006623200931945451
0.006115891924392181
0.006610674783610808
0.00537998070973158
0.011621134117470238
0.00708666842032745
0.00711485225408041
0.006310047223579235
0.004146895155672467
0.004064940705955619
0.003921520418951141
0.004146895155672471
0.003884640916578555
0.5348511297420894
0.0040280612035830405
0.0042985108876486345
0.41144411935846065
0.004204263270474265
0.004527983346855807
0.0045730582942000745
0.004056745260983937
0.004011670313639672
0.0038395659692342958
0.004875261854884763
0.004862565860471007
0.004722909921919617
0.004739837914471303
0.004452062041092682
0.5801434647368755
0.0045367020038511036
0.004248926130472487
0.3598933536469244
0.004342030089506745
0.0047017499312300105
0.004921813834401895
0.0048329418735055625
0.00457478998709239
0.004151590173300309
0.012496903920199922
0.01265452252820244
0.013375064736213964
0.012496903920199915
0.013780369728220459
0.6832691600429325
0.01263200558420208
0.012609488640201724
0.14526431139432425
0.013435109920214927
0.015679298672250833
0.011663776992186587
0.013382570384214086
0.013352547792213601
0.013907965744222497
0.014920669551410245
0.015090360350532716
0.014532804867701773
0.016108505145267453
0.015078239579166824
0.5498951553276848
0.014084336327163858
0.016096384373901557
0.24566379404385294
0.01566003660472952
0.016108505145267453
0.020108359696011074
0.015938814346144994
0.01609638437390156
0.014617650267263006
0.01056808360179148
0.011681202692438667
0.01064665671407246
0.010397841858516034
0.010869280532201899
0.3156020009952596
0.010410937377229524
0.010371650821089047
0.011419292318168744
0.010515701526937501
0.011419292318168735
0.5437914145779312
0.010712134307639943
0.010725229826353438
0.010869280532201897
0.010198582706868176
0.01052191954301723
0.01057580901570874
0.010077331393312279
0.010494974806671482
0.25679680974321667
0.010238999811386809
0.010198582706868178
0.01022552744321393
0.010279416915905441
0.010468030070325728
0.6098536900816423
0.010414140597634212
0.009915662975237749
0.009740522188990346
0.013639142441554073
0.010385704548488884
0.013322933575057457
0.013477524576455797
0.012402414430367312
0.775941424064197
0.013112127664059713
0.01269754270576415
0.025015634771732343
0.013076993345560091
0.011833238470673402
0.030735501823471123
0.014088861718349267
0.013997512490250235
0.02627344337401888
0.01384234619006939
0.014324200013141424
0.013842346190069386
0.013710931511049733
0.013426199706507167
0.05280679851939456
0.013382394813500616
0.013842346190069386
0.013360492366997344
0.01395185842258576
0.014017565762095584
0.07731563615655851
0.013908053529579207
0.013294785027487516
0.7049740456008925
0.006390710496637562
0.006578672570068079
0.006801442434874617
0.007079904765882791
0.006662211269370534
0.6369060050401677
0.006697019060746555
0.006752711526948187
0.030178355123010744
0.006871058017626664
0.00749063670411985
0.25170906255656256
0.006585634128343285
0.006474249195940019
0.00682232710970023
0.0064961499988368445
0.006711331332728488
0.006158838718682381
0.0069439598018005335
0.006472887151929638
0.46985716611998973
0.0065601228278316616
0.006554307116104853
0.44493102565892023
0.006176285853862785
0.006699699909274888
0.008182706399609174
0.006199548700769985
0.0061762858538627775
0.005879684555795925
0.009706177137732752
0.009685076752650724
0.009336920398797268
0.008819960964287589
0.009484623094371461
0.5628527720630904
0.009790578678060864
0.009305269821174226
0.009822229255683905
0.009421321939125378
0.009663976367568697
0.3130980640396687
0.009674526560109713
0.009495173286912476
0.009843329640765933
0.006775487333746192
0.007180984399421972
0.006436344333362814
0.006207791441800102
0.00658379781179037
0.5125040549706565
0.006369990268070415
0.00651744374649797
0.40029195788728633
0.006569052463947614
0.006311008876699392
0.008375357574685176
0.006989294877466148
0.006384735615913169
0.006502698398655214
