0.006897784804170662
0.006653115766096395
0.0065401915946775
0.02194493064573805
0.006784860632751767
0.00646490881373157
0.006709577851805843
0.006831912370842969
0.00657783298515046
0.88941900513805
0.0065684226375322214
0.006455498466113331
0.008168181732633195
0.007217736623190854
0.006766039937515285
0.022740169829036008
0.019149616698135592
0.020294879334715906
0.6639531164556702
0.020655998184088073
0.0206044097770349
0.01961391236161411
0.016714643885226123
0.01988217207829056
0.08187080199337611
0.0197686775827736
0.020965528626407087
0.01801467174296591
0.015961453142249886
0.01980994830841613
0.006612963494008357
0.006387027816157882
0.006630343161535324
0.028207200396256425
0.006360958314867431
0.006725931332933601
0.006882348340676248
0.006856278839385803
0.006917107675730165
0.8844252109457162
0.006352268481103957
0.006439166818738755
0.008550796423264423
0.0064999956550831125
0.006152402304543912
0.021735471110550023
0.019505112990783995
0.020178428649581255
0.11713588351639115
0.020704456508016632
0.02141985439548877
0.021335689938139106
0.020199469763918683
0.020115305306569027
0.6139797163657773
0.020283634221268325
0.020893826537053378
0.019694483019820692
0.019946976391869698
0.02287169128477043
0.01021894955065958
0.00996469817427953
0.009387743127878656
0.342085448020262
0.009456195421519435
0.00991580367882183
0.011842246799855264
0.011822689001672184
0.014345644967289578
0.5188390490998528
0.009094376155132446
0.009847351385181053
0.013015714690840098
0.010355854137941154
0.009808235788814883
0.03777669939154133
0.026665173516493102
0.02328069978971472
0.06571105055557633
0.0218746500429281
0.02270832555650954
0.025196909179140695
0.02487339330819866
0.015578533477671184
0.6146179401993361
0.02030684236067044
0.022608782211604273
0.02907909963044535
0.0284196249704481
0.021302275809722902
0.009056405245950944
0.007935314969999894
0.007872684228326652
0.11599839665301316
0.00804178723084441
0.0077662119674821424
0.008818408427592616
0.007960367266669195
0.008586674683401624
0.768447884959854
0.00843636090338585
0.008160785640023573
0.015782946901657248
0.00936329588014984
0.007772475041649465
0.03312972877862407
0.0286303194831964
0.030415001382500115
0.061533820978810105
0.029409546791343093
0.029258728602669568
0.031068546866752166
0.032627001483045565
0.02367845562174804
0.5442022974637405
0.02747404670336582
0.02790136490460755
0.04212854736947946
0.03074177412462614
0.027800819445491835
0.018467015240849937
0.014993634194880175
0.01436323407621662
0.7555901657581489
0.015537508807060481
0.01579708532651018
0.016056661845959885
0.017675924895860385
0.019752537051457967
0.02412825552218144
0.018763674120221008
0.014944191048318317
0.022657321911966483
0.015871250046352946
0.015401540154015401
0.00898692810457514
0.008812513769552742
0.009161342439597538
0.06016376588088417
0.00903282661379156
0.009335756774619935
0.008986928104575142
0.009069545421164697
0.00898692810457514
0.8152860395094366
0.009849820077843846
0.00905118601747813
0.015816626275978525
0.008463685099507944
0.008996107806418423
0.007435788945826065
0.007553319856455554
0.008070455863225343
0.3803221914030061
0.00795292495259584
0.008070455863225343
0.00834469465469416
0.00795292495259584
0.007380941187532299
0.5145659975240157
0.00767085076708505
0.007999937316847639
0.010358390923479508
0.00837603623086203
0.007945089558553876
0.017704340163031504
0.014276272306675475
0.014963648380700582
0.7232165675258868
0.015862524785194967
0.017052214144084595
0.014972460894470137
0.03608724388631857
0.015941837409120956
0.023071161048689146
0.015175148711169859
0.015360211500330467
0.04894470147609609
0.011482705441727234
0.01588896232650364
0.024221220480387457
0.021328130256341178
0.022135504272354084
0.12785664625804546
0.02274103478436378
0.02316714884837062
0.023458700576375252
0.021148713808338333
0.019130278768306034
0.5850097557693595
0.020834735024333292
0.02231492072035697
0.020879589136334014
0.02170939020834728
0.024064231088384947
0.015059300873907592
0.014591136079900096
0.015215355805243415
0.05210284019975029
0.014396067415730312
0.015156835205992493
0.015898096129837693
0.017068508114856426
0.015078807740324579
0.7351357677902614
0.015078807740324569
0.014454588014981243
0.02584659800249687
0.02001404494382023
0.014903245942571763
0.4139082903127846
0.008316008316008313
0.008946716811885342
0.19256854088314765
0.009071301206132667
0.008214783495682366
0.00918031255109907
0.011905596175259093
0.011633067812843097
0.27349389147141967
0.009538492684560102
0.008837705466918942
0.014405070584845876
0.010472875641414968
0.009507346585998267
0.02921348314606734
0.013163692443269408
0.013769552764926158
0.7821436439744439
0.013692443269442571
0.01361533377395899
0.01246970698391713
0.013141661158845526
0.010586032165675231
0.025269883234192488
0.01641330689579198
0.013593302489535107
0.01709627671293232
0.012051112579863375
0.013780568407138104
0.006418061015062459
0.005820897253046715
0.005913660555884115
0.23315476397537133
0.005733931656636658
0.005733931656636658
0.006458644960053826
0.0059368513815934625
0.005971637620157493
0.683648148792338
0.0056121798216625714
0.005658561473081276
0.012447675699493321
0.005786111014482698
0.005704943124499971
0.022519927014308976
0.015733538205448278
0.016341752296808433
0.17321297096577998
0.016197701590959977
0.016565831172572702
0.015269374819936581
0.01730209033579816
0.018438490348602662
0.609494542078812
0.01662985370850535
0.01565351003553247
0.014373059316879504
0.015413425525785038
0.01685393258426962
0.11559515103162474
0.027170179287724618
0.02499833787647094
0.4952906500011084
0.026882077876027716
0.02528643928816789
0.023025951288699747
0.024045387053165754
0.025441570817543134
0.05555924916339782
0.02617290517031222
0.02564102564102559
0.04922101810606564
0.028588524699155644
0.027081532699510222
0.005502483129568218
0.005465359930043391
0.005345740731574522
0.4824902242241253
0.005547855928987446
0.005028131135639921
0.005057004735270339
0.005762345526241977
0.005263244732630471
0.042778300252437784
0.4105867115444901
0.004970383936379084
0.006092329522018185
0.005147750334108797
0.0049621343364846795
0.005914050125090653
0.006180515462391357
0.006202720907166418
0.09733386626400804
0.006239729981791513
0.0064913916892421816
0.006276739056416613
0.006506195319092222
0.00672084795191779
0.8181374072922682
0.006713446136992772
0.006380364465366887
0.008253023641396856
0.006572811653417395
0.006076890053441085
0.020529151394980877
0.028740811952973202
0.022011255983496545
0.03164493580884855
0.021410402771936142
0.02185102846041379
0.029021210118368085
0.02529592020669349
0.023092791764305304
0.670632297862965
0.019748042219952345
0.021130004606541294
0.017765226621802972
0.025436119289390942
0.021690800937331008
0.050518247539413016
0.05043114711262093
0.04964724327149211
0.06044769619371143
0.04929884156432374
0.049908544551868377
0.05121505095374975
0.049473042417907925
0.05696367912202779
0.25111053044159876
0.050518247539413016
0.04938594199111583
0.05165055308771021
0.08039369392910013
0.04903754028394747
0.04917918023031956
0.037733207322622406
0.041408519724176536
0.2245090832720778
0.04025342154083096
0.043123665511568474
0.0521544331268158
0.07665651580384325
0.05068430816619409
0.1882460009100775
0.04196856732822287
0.04200357030347577
0.036893135916552876
0.034687948475620414
0.04049844236760124
0.01617530838745146
0.012902449919252315
0.013795828608734491
0.03491049032745761
0.012902449919252313
0.01295399099749167
0.01471497783733636
0.013460811600178663
0.028665429680788928
0.7710373501013642
0.01417379651582313
0.014156616156409996
0.012412809675978432
0.01379582860873449
0.013941861663745989
0.017638050958469473
0.01974133318573464
0.018874190513090215
0.1150347779561262
0.018431394254718594
0.018449844098817416
0.018984889577683108
0.017877898931754073
0.017324403608789552
0.6351174332576891
0.018634342539805577
0.01985203225032754
0.02677072378738405
0.018154646593236328
0.019114038486374833
0.03978849966953063
0.041066314166115774
0.04000881251376945
0.18211059704780808
0.03943599911874852
0.04106631416611578
0.04846882573254009
0.04970257766027747
0.046486010134390715
0.2703679224498791
0.03996474994492168
0.04150693985459342
0.041551002423441175
0.03965631196298734
0.03881912315487983
0.011137394046915036
0.009777252119061691
0.009856100926473486
0.8470924502266898
0.009987515605493128
0.010105788816610813
0.009586700834483207
0.01049346211971876
0.011978447992640763
0.01734673763059331
0.011130823312964047
0.009639266706091066
0.012602667717984085
0.009409291017806697
0.009856100926473479
0.05564472980203329
0.06427233814874271
0.060660781166399246
0.13784109149277687
0.059523809523809666
0.060660781166399246
0.09931781701444628
0.06882022471910114
0.051297485286249445
0.06815141787051907
0.05457463884430191
0.0603263777421082
0.04975922953451056
0.053036383092563026
0.05611289459604079
0.009132161624166277
0.009320842649458963
0.009377446957046773
0.8610930291795236
0.008877442240021141
0.009537825828545562
0.009518957726016292
0.008301965112878432
0.009037821111519927
0.01916999216973745
0.00911329352163701
0.009169897829224805
0.010141605109482177
0.00900951895772603
0.009198199983018721
0.05748628168278033
0.05687657869523569
0.05748628168278033
0.07830328368609
0.058270185523909154
0.05609267485410687
0.05966379235258262
0.0708126469819702
0.09868478355543926
0.1107046424527478
0.07133524954272277
0.05774758296315661
0.05452486717184922
0.05530877101297805
0.05670237784165151
0.014016570196345512
0.014271932811258688
0.014725910793326549
0.7766995800703657
0.01445636136647375
0.014811031664964275
0.013605152650096493
0.014910339348541623
0.016002723867892452
0.024841107706276268
0.013945636136647416
0.014896152536601997
0.022344228804903013
0.01601691067983207
0.014456361366473752
0.005358428640801101
0.005698912127351993
0.0054309906953119436
0.04153340366270926
0.005592859893836141
0.0055426246253286356
0.006251500080934613
0.006284990259939611
0.00565984025184616
0.8822764391008988
0.005804964360867857
0.005408663909308606
0.0071389898245672835
0.006190101419425431
0.005827291146871194
0.018571530809418212
0.01684200481881729
0.014826212457358278
0.1665712445430472
0.014134402061117907
0.013848135690259833
0.023271070397671772
0.5177008039313915
0.02882940909849953
0.09412199718504739
0.014957417877334896
0.015005128939144585
0.030272668718242357
0.015064767766406672
0.015983205706243033
0.015632633121641377
0.014771907786074819
0.014795170632982003
0.023332635447926083
0.01560937027473419
0.015330216111847712
0.014981273408239648
0.015655895968548595
0.7586944890315669
0.03442901342266263
0.015562844580919763
0.015167376183497287
0.01533021611184772
0.015353478958754926
0.015353478958754926
0.008182809462855007
0.007974209453373187
0.008277627648983106
0.023609728345896818
0.008021618546437237
0.008268145830370296
0.008306073104821536
0.00943440951974592
0.008476745839852116
0.8649883847721997
0.008372445835111203
0.007585454890247978
0.011435073247048825
0.008903427677428563
0.008163845825629385
0.04902525689042529
0.04561605685201178
0.0465763948910015
0.06640737539613932
0.04744069912609227
0.047680783635839684
0.0507538653606068
0.13247863247863265
0.23307404206280616
0.05046576394890988
0.044655718813022056
0.05032171324306143
0.04148660328435598
0.046048208969557164
0.04796888504753661
0.01476885236737658
0.013583766560456125
0.014958913298675144
0.7887081446699087
0.013762647436972416
0.01497009335345741
0.014377550449997174
0.01573033707865167
0.012633461903963316
0.027502934764380316
0.013628486779585211
0.01510425401084463
0.014344010285650384
0.011828497959639974
0.014098049080440475
0.006608367715874783
0.006694864675506657
0.006582418627985224
0.01764537976490129
0.006824610114954466
0.006885157986696771
0.006850559202844017
0.007845274238610518
0.007006253730181388
0.8898807206926671
0.0071273494736659995
0.00702355312210776
0.009462767383726475
0.0068765082907335795
0.006686214979543464
0.02718989323047682
0.02371289619319132
0.02162222594890714
0.28613114204259593
0.020917882497624204
0.01957627592375199
0.03392028620940243
0.05317234054446868
0.044586058471686514
0.36157415171334345
0.024965062328805406
0.02092906255240649
0.014198669573480887
0.028106657722622816
0.019397395047235724
0.026306936688420844
0.026912467200430525
0.026015384960416162
0.6090515598017443
0.026710623696427283
0.028213236448451338
0.026441499024423006
0.03260893942452166
0.025499562672407907
0.028796339904460684
0.03832783870461313
0.026329363744421175
0.027473143600439485
0.024602480432393565
0.02671062369642729
0.06761817997773058
0.06690960623544892
0.06609980767284138
0.07288187063467957
0.06761817997773045
0.06630225731349322
0.07014880048587908
0.07429901811924275
0.06235448932078151
0.05901407025002546
0.0655936835712117
0.06559368357121163
0.06387286162567066
0.06458143536795223
0.06711205587610077
0.025850040390688046
0.022849589273911758
0.023426599104061047
0.6503110607538897
0.02775941837409114
0.028105624272180708
0.022912535800837134
0.028242008413852358
0.016282168298030784
0.02857772322412103
0.02532548599964324
0.026122808674031345
0.02911276870298674
0.01950293225904589
0.02561923645862833
0.02772904301516794
0.015939378102952723
0.017046797815023607
0.5004790523473562
0.017227220127664356
0.016679731730685498
0.024562320355369757
0.15977329003197835
0.019043886172185113
0.04728308882999243
0.01764405788445508
0.0188261351052049
0.08595567832568089
0.014191148108054306
0.017619172048228774
0.012794565798962453
0.011619792030148622
0.011224323632726142
0.6522785958545607
0.01104985228092211
0.011108009398190122
0.01365529113452902
0.013422662665456976
0.012969037150766485
0.06048340195873171
0.010863749505664481
0.011468583525251796
0.14398539093214238
0.011945471886849489
0.011131272245097338
0.017277510255038358
0.017232923131799555
0.018303014089530962
0.3325084715534155
0.018269573747101864
0.01773452826823614
0.023542001070090964
0.025626449081505277
0.022159800249687903
0.41544052077759924
0.01861512395220264
0.018525949705725013
0.020576957374710204
0.014724897449616569
0.019462279293739965
0.013500566152774169
0.013369915512586032
0.01336991551258603
0.01587405278285865
0.013195714659001849
0.013870742966640558
0.013696542113056376
0.013587666579566261
0.7287692709694286
0.08718752721888337
0.013544116366170216
0.013544116366170216
0.016440205557007245
0.01665795662398746
0.013391690619284054
0.025368929863311827
0.026601363680015297
0.02203975799481412
0.30053778930183417
0.024168507314574667
0.022872050961938544
0.025544991837126604
0.026041166490604627
0.01920676077979444
0.342216460193988
0.02469669323601902
0.024376580556355772
0.025304907327379167
0.06712762892538164
0.023896411536860913
0.04697831414435658
0.04068987839274982
0.03870162297128593
0.21047764368613311
0.04050492440005553
0.041152263374485645
0.0582142692005363
0.05923151616035508
0.05312803440144262
0.2165811254450454
0.04124474037083278
0.03981134692745182
0.035141258611920356
0.03583483608452402
0.0423082258288251
0.01944858084021478
0.018207662109110602
0.01672984071115925
0.12914579666982534
0.017846667569153016
0.016639592076169846
0.018264067505978983
0.017745137854789934
0.01934705112585172
0.5667727088127792
0.017519516267316463
0.016098100266233484
0.02106177519065023
0.08892874870267586
0.01624475429809124
0.013936068286734627
0.01366025026855967
0.013021513805417667
0.796968905147634
0.012586011671457209
0.013457015939378123
0.013718317219754398
0.016302296547919776
0.012455361031269072
0.021963824289405718
0.012266643439886208
0.014139302615916173
0.01795720465696951
0.014763522341259496
0.012803762738437438
0.013878972354790658
0.014505279771523095
0.014530332068192391
0.5889794946951757
0.014066864579810387
0.014505279771523088
0.014204652211491529
0.014455175178184499
0.013540766349755155
0.03719013440557172
0.014292335249834068
0.013640975536432341
0.2046146330464844
0.012438465296306074
0.015156639484924826
0.02495095416443725
0.02161583734617437
0.024576422329231264
0.6319243802389871
0.02414838594613869
0.02272159800249682
0.025860531478508936
0.026021045122168657
0.023238808632067
0.05473515248796133
0.021847690387016176
0.025129302657392476
0.02935616194043153
0.020135544854645925
0.023738184412341656
0.01455769573747098
0.014200998751560513
0.014267879436418723
0.020933654360620644
0.014624576422329194
0.014646869983948596
0.015315676832530725
0.015025860531478469
0.7460317460317465
0.05403959336543604
0.01511503477795609
0.013911182450508255
0.016809345461030828
0.015404851079008346
0.01511503477795609
0.01493215447903233
0.015067231534352523
0.015742616810953493
0.6194756554307114
0.014011174556394638
0.016233806103026917
0.017854730766869217
0.019561613556824408
0.01590225333087736
0.15657886658070866
0.015005832872843345
0.014293608399336863
0.03476392214649713
0.015632099220236978
0.014944434211334165
0.015262172284644222
0.01472378277153562
0.015472846441947597
0.023197565543071192
0.015074906367041212
0.014911048689138609
0.015613295880149834
0.0162921348314607
0.7214419475655429
0.06535580524344566
0.01502808988764048
0.015472846441947595
0.021348314606741584
0.01558988764044945
0.015215355805243472
0.01404050623923887
0.013721000408257454
0.012709231943482968
0.04146475673181033
0.01356124749276674
0.013383744253332623
0.013934004295578395
0.015034524380069938
0.01514102632373041
0.774517634946837
0.013241741661785333
0.013934004295578386
0.018247333013827503
0.013436995225162856
0.013632248788540385
0.016059194299808177
0.015310130629396191
0.015090892481958537
0.5008312779757012
0.01501781309947932
0.015273590938156582
0.015291860783776387
0.014414908194025772
0.014835114643281275
0.2960993879601715
0.015145702018817951
0.015565908468073455
0.019329496665753187
0.016132273682287396
0.015602448159313064
0.014268601495094681
0.015451333606271508
0.014056316244370653
0.5974920013950175
0.014041153012176063
0.014162458869732664
0.013540766349755097
0.02645984017953269
0.024564436155210846
0.18565861499037134
0.015345190980909484
0.014950946943850556
0.019317957815888034
0.01692216712914525
0.013768214832673722
0.008411741420784997
0.007193751712798037
0.0077266222100423314
0.6043664931031331
0.007444962090070347
0.007863646052190866
0.00744496209007035
0.008693401540756979
0.007650497853293145
0.10765506531469808
0.007901708230565461
0.007772296824091841
0.19375171279802691
0.007810359002466441
0.00831277975701106
0.4158949664567643
0.009820142404412043
0.010124706753920212
0.28361526114335117
0.010289336132032735
0.009951845906902061
0.011301806807424758
0.015343458040087216
0.010725603984030925
0.16457998929909035
0.009853068280034547
0.010165864098448342
0.014808412561221512
0.014248672675638932
0.009276865456640714
0.006044704006996919
0.006009437355847581
0.006094077318605993
0.021463283889488417
0.005797837448951536
0.00615050396044494
0.006199877272054013
0.005967117374468371
0.007462423383200393
0.8966757654626635
0.00597417070469824
0.005995330695387845
0.008026689801589838
0.006058810667456655
0.00607997065814626
0.017390027171917413
0.019916281119189198
0.018300653594771194
0.33089520452375715
0.01722846441947561
0.01771315267680101
0.018197840934126415
0.4159506499228906
0.015847837262245684
0.03586693104207966
0.018667841668502556
0.01821252845707567
0.018050965704633867
0.019284717632371252
0.01847690387016225
0.009996644961622465
0.008654629610610141
0.008551924354155117
0.24233647611418074
0.008565618388349114
0.008613547508028126
0.00883949907222918
0.5988811974063502
0.01295455634752719
0.03253702524495205
0.009531047799026348
0.008106868242850004
0.024354839814035006
0.009887092688070443
0.00818903244801402
0.012843615292205518
0.01355027913221682
0.012799448802204806
0.7568016394601089
0.011986785386191811
0.013099780934209625
0.0123489506041976
0.012340117306197477
0.011209455162179372
0.0688555579111017
0.012446116882199149
0.013064447742209051
0.020572751042329175
0.01620026853225923
0.011880785810190118
0.010541122239734241
0.49890690934973825
0.00955818801159182
0.2707390648567119
0.009625976579049917
0.008998932330062513
0.010354703679224473
0.01447285915230393
0.008922670191672151
0.09915772704933323
0.011295270052705583
0.009422610876675624
0.01745555612046024
0.010973274357279615
0.009575135153456343
0.009440254476424997
0.008602260872539454
0.008268773622013573
0.20052844902775635
0.00830297744258032
0.008927197167923652
0.008773279975373248
0.00926923537359122
0.008012244967762892
0.674336873428762
0.010047372291484948
0.008268773622013573
0.01801686248353941
0.010090127067193394
0.009115318181040812
0.024393421266894613
0.023644357596482625
0.023676925582152713
0.10955870379417039
0.024295717309884356
0.02315583781143133
0.024165445367204007
0.02292786191174073
0.02299299788308089
0.5679205341149633
0.024523693209574947
0.02452369320957496
0.03637843999348642
0.022830157954730455
0.02501221299462625
0.06073929327471081
0.056668295065950024
0.06057645334636036
0.07832600553655751
0.057889594528578225
0.057726754600227796
0.08028008467676268
0.075476306790425
0.09957661618628878
0.07596482657547621
0.07099820876078804
0.05788959452857826
0.05357433642729179
0.05609835531672346
0.05821527438527908
0.012166744232431338
0.013496443055647891
0.0130532101145757
0.20123883607029697
0.013152937526316941
0.012488088114708687
0.013740221173237577
0.016166921525607787
0.01283159364403962
0.6265097622055272
0.013019967643995281
0.011557298938457096
0.012842674467566413
0.015369102231677844
0.012366199055913824
0.010849719101123603
0.009702715355805249
0.010007022471910123
0.13182350187265926
0.010299625468164802
0.01005383895131087
0.009585674157303376
0.00977294007490637
0.00981975655430712
0.7311212546816476
0.011095505617977524
0.009772940074906372
0.016257022471910118
0.009936797752809005
0.009901685393258433
0.013908176577031459
0.014202752177755277
0.01401338214871853
0.028973614442620865
0.013760888776669563
0.013529436518957992
0.014770862264865488
0.01405546437739337
0.7016159575811113
0.09912468964356348
0.014812944493540314
0.013908176577031453
0.015360013466313131
0.013845053234019217
0.014118587720405617
0.013159983935292845
0.013300083125519517
0.013318763017549747
0.7641290033343602
0.013356122801610191
0.01375774048026001
0.014719754919816553
0.026329307816600787
0.013057244529126611
0.03407212306312866
0.012767706202658132
0.01300120485303594
0.028262676641728983
0.012366088524008317
0.014402196755302736
0.01532076132904045
0.012243467595330392
0.012265370041833652
0.7417811069496466
0.012287272488336937
0.012593906739382776
0.01229822371158859
0.012955297106686813
0.012572004292879501
0.022581422344875916
0.012057296800052556
0.011980638237291098
0.08255032087084113
0.013612370501785036
0.012900540990428618
0.015231687135266932
0.017441860465116244
0.01614624161658387
0.0645740789129867
0.016004703423046735
0.01592849054960366
0.015177249368521875
0.01581961501611354
0.012705774758296292
0.7200701158435685
0.018650378886856514
0.015199024475219902
0.026184565804372402
0.014839735214702533
0.016026478529744766
0.0493880888326212
0.028037136677744396
0.03496070053278474
0.40937384607269084
0.032468217544970215
0.03244184206361768
0.048372632800548605
0.09874980218388996
0.031189006699372294
0.06388141583583899
0.029316347523342338
0.03308804135675478
0.054491744474336655
0.02418631640027435
0.0300548610012133
0.019413032744439236
0.0196177607572528
0.020448715632790198
0.25981189108469727
0.019328732974457166
0.019497332514421286
0.047171742717102
0.44624685381215584
0.01830509291038935
0.037043727494972145
0.020749786239868975
0.020533015402772255
0.017233281549188916
0.01521008706961957
0.019388947095872928
0.014753956398432617
0.013433352817648474
0.015219415037561445
0.77541079431058
0.014624060964257132
0.014667359442315626
0.015522504383970924
0.015121993461929831
0.012210170812495959
0.03886038405750036
0.013649845207940969
0.014775605637461867
0.01393128531532119
0.013390054339589983
0.014429217812993896
0.013864744541021871
0.013186347254611026
0.01366687866581871
0.7902339057310436
0.013991944032223915
0.014910607024238619
0.013539679174616676
0.012917814995406713
0.013355946576213739
0.026584693661225452
0.014218076461027533
0.014712741149035454
0.016733799731467793
0.01424634301462799
0.01383647798742143
0.010642434661591009
0.011041525961400674
0.010100079818259928
0.043910276089314595
0.011072225292155262
0.01049917111806959
0.01102105974089761
0.013210945334725005
0.010990360410143011
0.8067477128998589
0.011184789504922093
0.010939194858885367
0.016853932584269628
0.010898262417879253
0.010888029307627735
0.015362153240652593
0.01574303307306546
0.015711293087031054
0.11840601790135202
0.015203453310480562
0.016028692947375134
0.016711102647114857
0.01563194312194504
0.017171332444613746
0.6670475464990795
0.015108233352377341
0.015584333142893444
0.02102774074779409
0.018869421697454473
0.016393702786770787
0.019580787173927333
0.02090588518737543
0.02044593381080667
0.6619138357754566
0.019657445736688785
0.019723153076198634
0.020456885034058302
0.03112337648115296
0.025275423264778683
0.04696979652627197
0.02438837418139607
0.020851129071117244
0.031605230304224984
0.016755371575004934
0.020347372801541936
0.07727183126355215
0.05374860371903526
0.05493133583021212
0.07930875878835661
0.053157237663446905
0.05407714041658442
0.07470924502266899
0.07234378080031535
0.09474998357316503
0.09764110651159728
0.05828241014521307
0.05322294500295664
0.05795387344766397
0.06564163217031342
0.05296011564491741
0.012418105686475965
0.01184360257642547
0.012163998541645939
0.7858318694552167
0.012517538917061626
0.013058897616916906
0.01210875785798724
0.013125186437307344
0.012451250096671185
0.0322716073934131
0.012263431772231598
0.01287107929247732
0.03339851734005059
0.011081281141935405
0.01259487587418381
0.02076497298730565
0.029349375227867798
0.02096383944847699
0.6541546518179716
0.021195850319843532
0.021228994730038746
0.023797686520168337
0.02555434026051504
0.030260846508236367
0.04174538464088032
0.020052368168108434
0.020085512578303655
0.030161413277650696
0.019770640681449046
0.02091412283318416
0.013561676936088007
0.012685755708590115
0.012897184970399959
0.04958016189440621
0.013742902017639284
0.013199226772985432
0.01292738915065851
0.01532862148121304
0.015056783858886117
0.774797631992268
0.012806572429624317
0.013153920502597612
0.012489428536909554
0.015434336112117971
0.012338407635616827
0.004427134411163098
0.004146936030709741
0.0040255167325132825
0.3117066883353416
0.004198305733792855
0.0041002363006341766
0.00393678724536972
0.004273025301913751
0.004945501415001816
0.025105774888621143
0.003969477056422611
0.0039741470294301666
0.6126817786993192
0.004627943250488005
0.0038807475692790487
0.012602940686160118
0.013247535536069539
0.01460340746174109
0.7857166672223502
0.013992153724758023
0.013380899987774945
0.014069949654919502
0.014192200402316123
0.013736538525656004
0.02720634814790118
0.013992153724758006
0.013847675568743835
0.02398337389835408
0.01201391435779461
0.01341424110070129
0.009154362831584493
0.008581731513294328
0.008550778469062437
0.08969418392298883
0.00868232890704802
0.00841148977001889
0.7543334261924654
0.015252112545268837
0.013890178599065215
0.03909369486488997
0.007954932367598366
0.008256724548859387
0.011421673321571187
0.008357321942613065
0.008365060203671037
0.010330742161422072
0.010104438937732663
0.010489154418004673
0.08020186247553084
0.010398633128528909
0.010409948289713375
0.010387317967344432
0.010647566674587263
0.010296796677868654
0.7827036446134136
0.010670196996956205
0.010183645066023954
0.011971440533170377
0.010715457641694086
0.01048915441800467
0.00943427130081567
0.009761850165427334
0.009576222142147393
0.24560771339033194
0.009292320459483958
0.009674495801530885
0.009314159050458072
0.010558958735982353
0.010340572826241252
0.14402550747425785
0.009445190596302727
0.009980236075168429
0.49243838787521493
0.010995730555464567
0.00955438355117329
0.005210344679625104
0.004885464364307306
0.004609622587150681
0.21624156383898196
0.004799646922525244
0.004609622587150683
0.0048793345470371586
0.004719959298013331
0.005774287868478642
0.01697346402103754
0.004707699663473036
0.0047383487498237715
0.7080981015955914
0.005179695593274365
0.004572843683529801
0.02904481980306073
0.026886921149887142
0.028375127117593046
0.24957214078428452
0.0298385296525039
0.028300716819207795
0.03427834412282658
0.03214524890244808
0.02460500533273805
0.29029937743383727
0.08328992732594188
0.029416871294987205
0.05722151945829303
0.026638886821936145
0.03008656398045487
0.010841178256908586
0.011812936532037655
0.010152849478692164
0.09540439315720217
0.011023382933495293
0.010557748759995947
0.012339305597732554
0.011256200020244965
0.014394169450349228
0.7534770725781962
0.0111853426460168
0.010385666565441834
0.012531632756351852
0.013392043729122371
0.011246077538212362
0.014061370655102207
0.01291806294763128
0.013062619094552894
0.754123135554241
0.013443721663709869
0.01297062881923914
0.013312306984690223
0.013299165516788258
0.011170247716669978
0.029108351402851656
0.012444970103160551
0.013877390104474705
0.05684999014389905
0.016821078914514762
0.012536960378474304
0.004562175618755485
0.004428811167050083
0.004473265984285216
0.21168828282154734
0.0044232543148956934
0.004562175618755487
0.0048400182264750685
0.004367685793351777
0.005868035875037511
0.06355927494193087
0.004551061914446699
0.0045343913579835235
0.6681892441569685
0.005256782138054437
0.0046955400704608834
0.011948708638438936
0.011343540502558511
0.011309920050565159
0.6969654180030797
0.010274410129169772
0.010926646897840894
0.011531815033721306
0.014947652956246343
0.009494415642923889
0.03187218848970205
0.12826202435465542
0.011525090943322632
0.014295416187575216
0.013750764865282844
0.011551987304917325
0.01078000325679855
0.01802095207078109
0.01098626716604242
0.6807034684904719
0.011007979156489144
0.011431362970200282
0.011518210931987162
0.012951202301470984
0.011029691146935876
0.02817130760462463
0.01134451500841338
0.01115996308961622
0.1475872550616077
0.012299842588069236
0.01100797915648915
0.008158325769668132
0.008492170302442278
0.008408709169248739
0.2649890978894768
0.008210488977914094
0.00830438275275682
0.008617362002232575
0.009754519941994494
0.008335680677704403
0.3796125316891488
0.00850260294409147
0.00801226878657945
0.2520943528110753
0.00998403805827673
0.008523468227389844
0.011892878776245
0.01081791268886561
0.010169520445684388
0.07228720363782168
0.01016098896880042
0.010007422384889081
0.01112504585668828
0.013675957444993333
0.008070777132229385
0.7812102753107592
0.011039731087848649
0.010596094289882556
0.017677220103572148
0.011892878776244994
0.009376093095475784
0.007211991575082557
0.007785672723100486
0.008080708742081132
0.8751997639711854
0.007564395708865004
0.00792499528761913
0.0075152230390348905
0.007875822617789017
0.008613412665240646
0.020914775567739415
0.007228382465025926
0.007580786598808369
0.010514755898671497
0.008097099632024504
0.007892213507732386
0.006761682125530998
0.006766709398486788
0.006641027574592158
0.03975064726139308
0.0066611366664153
0.00661589120981323
0.007048236684010751
0.009908754995852509
0.005947263906693806
0.869180303144559
0.006857200311690918
0.006827036673956211
0.006997963954452908
0.007395118517959933
0.0066410275745921584
0.01660424469413229
0.018405564472980158
0.01628321740681287
0.2904048510790082
0.017317638665953226
0.016247547708221823
0.018048867487069686
0.018191546281433876
0.01708578562511142
0.48296771892277524
0.01785268414481893
0.018869270554663767
0.01746031746031742
0.01774567504904579
0.016515070447654677
0.01982328718935586
0.019471516957394422
0.01961636352349619
0.16369731206158036
0.01814720549589258
0.01891282305957334
0.01930597802470669
0.018974900159331242
0.01785751236368906
0.5829660438264328
0.017836819997103088
0.018395513894924196
0.02323752767604031
0.022285678813085866
0.01947151695739443
0.05872977926528012
0.05809227826918483
0.05920790501235163
0.08128137700215146
0.060403219380030314
0.059526655510399235
0.060482907004542265
0.06877041995378118
0.11227986293728572
0.08502669535421141
0.07084229819109089
0.06000478125747078
0.05115945493664829
0.05458602279066064
0.05960634313491119
0.00991468997086972
0.009217644610903014
0.010143570536828937
0.14564086558468578
0.010133166874739884
0.009696213066999559
0.009810653349979168
0.009841864336246333
0.010112359550561773
0.7245942571785262
0.009363295880149789
0.009592176446109007
0.010185185185185158
0.011953807740324568
0.009800249687890112
0.00450273145828862
0.004550442520098298
0.004586225816455563
0.15525179512870046
0.004622009112812821
0.004401345451943046
0.004580261933729356
0.004735322884610814
0.00583864118895968
0.16335074787089388
0.004747250650063229
0.00446694816193136
0.6248181015768502
0.005224361268160044
0.004323814976502314
0.00866170807617238
0.009294719628633211
0.008324101914859936
0.01530832937701112
0.00830300152977791
0.008049796908793577
0.008134198449121686
0.007902094213219383
0.00833465210740095
0.8617291765574722
0.008091997678957632
0.008324101914859936
0.014960173023157657
0.01628949728332542
0.008292451337236896
0.015186374175138182
0.015864098448368072
0.015962190119493454
0.7703049759229537
0.014785090065988903
0.014838594613875477
0.014597824148385913
0.015150704476547136
0.010023185304084154
0.026226145889067166
0.03128232566434807
0.015239878723024753
0.01318887105403956
0.012430889958979814
0.014918851435705328
0.05041013873503193
0.014005380598195926
0.014770269557419427
0.5012000844015398
0.015416468850556544
0.015007648889592252
0.019095848499235114
0.25724006963127083
0.021337764414200565
0.02358627419950414
0.012040407237432094
0.016187951680118176
0.012693200400907325
0.01242944558738198
0.014579047317613556
0.008416898232048652
0.00894043735653015
0.00847730659256575
0.01664250332245987
0.008205468970238817
0.008275945390842095
0.008799484515323594
0.00837662599170392
0.008839756755668327
0.8397064153678867
0.00809472030929081
0.008155128669807905
0.01612903225806456
0.03488582819862276
0.008054448068946075
0.016592388006611856
0.017903598155936375
0.014639521826766835
0.675029118629646
0.014779012268184318
0.016969012198439125
0.016292483557564238
0.018510381576102505
0.014730190613688209
0.1125757607459948
0.01589493579952435
0.017185222382636246
0.009966592039280525
0.021934871912902172
0.01699691028672261
0.07903111306944749
0.02680472938238959
0.0274167095052752
0.35308805170008084
0.024907591001444213
0.02510342464076761
0.08018163570047246
0.03805292404102705
0.05263029056816221
0.07342537514381528
0.02433232968593174
0.02582556118577263
0.08972852561748804
0.05192039362561491
0.027551345132310032
0.01174722073598475
0.012793531894655456
0.011461863147256375
0.02364901016586404
0.011830450032697193
0.011889899530348937
0.011878009630818587
0.012650853100291268
0.013066999583853482
0.798014386778431
0.011782890434575798
0.012056358123773822
0.022388680815647048
0.02229356161940426
0.012496284406396734
0.020476229530604975
0.01741436343257059
0.017619399108778258
0.5867574291260012
0.017072637305557824
0.017264003936684983
0.0174006943874901
0.019232346428278525
0.017851772875146932
0.12131277508953224
0.01820716804724023
0.018781267940621675
0.07170781049235894
0.02088630088302032
0.01801580141611307
0.06263552138773902
0.03055391287206784
0.03442243248570866
0.48583185491819425
0.03296865759905384
0.030800315395229625
0.029223339246993902
0.05967869110979695
0.03262369406662726
0.03558052434456928
0.029469741770155742
0.03230337078651689
0.0378474275576582
0.028237729154346535
0.03782278730534201
0.05829251896667611
0.05963699222126172
0.058964755593968916
0.10121962930951667
0.05848458657447406
0.05694804571209049
0.057044079515989464
0.05781234994718124
0.06078939786804939
0.1205224238932101
0.05685201190819152
0.05810045135887816
0.0776913473542685
0.057620282339383315
0.0600211274368576
0.012682422833527043
0.013366912049593166
0.012411210125274429
0.4084979981919152
0.01201084850833009
0.012669507942657865
0.011972103835722565
0.014077231047397634
0.012721167506134563
0.1593310086529768
0.012617848379181175
0.012592018597442836
0.277799302595893
0.01394808213870591
0.013302337595247307
0.02824944156127707
0.03266656589576929
0.02576375942627764
0.5050637375925834
0.02972741472262806
0.027342503484993508
0.02685544414773012
0.02519272434121021
0.032414638652357185
0.1260643926034161
0.02574696427671686
0.03031524495725632
0.02400026872239294
0.03395979241195143
0.026637107203439616
0.01565260405625048
0.015852825477587016
0.016630155701599467
0.478635196570325
0.01532282759757854
0.0161472687442584
0.01524038348291056
0.022165689115021373
0.015063717522907737
0.23358773231573743
0.01492238475490548
0.01707770946693996
0.01578215909358589
0.09254940758014751
0.01536993852024597
0.008203524004085803
0.010065543071161046
0.008458886618998978
0.03932584269662922
0.008448246510044267
0.008607848144364999
0.00822480422199523
0.008395045965270683
0.009831460674157307
0.6575268130745656
0.00887385086823289
0.00870360912495744
0.010320905686074222
0.19666113381001007
0.008352485529451814
0.010216253655533311
0.01031245190087732
0.010710071314965878
0.7308437227438299
0.009850700323226106
0.010049510030270374
0.009748088861525834
0.009613411318044222
0.011005079267354174
0.13806372171771591
0.01108203786362936
0.009606998101687952
0.0091131804422554
0.009299163716587143
0.010485608742496537
0.057517388978063265
0.06126270733012313
0.062065275548421756
0.14446227929373998
0.06079454253611568
0.05932316746923503
0.09497057249866239
0.06668004280363836
0.05036115569823447
0.06989031567683254
0.052166934189406225
0.06112894596040676
0.05096308186195843
0.051966292134831595
0.05644729802033187
0.009132541668885455
0.01030406304915064
0.009993432380140933
0.8544650939879636
0.010463815964641356
0.009585174929442455
0.00917691747874398
0.009824804302678517
0.009957931732254111
0.016596552887090187
0.00917691747874398
0.0105436924223867
0.011129453112519288
0.00949642330972539
0.010153185295631632
0.011593238714764436
0.011260595308495958
0.011506997831657786
0.4225556869702344
0.01132219593928642
0.011901241868716725
0.01240636704119849
0.011851961364084371
0.012258525527301414
0.39457668046520766
0.011026512911492209
0.011593238714764448
0.0412847427557658
0.013367336881529666
0.0114946777054997
0.06701083105577489
0.06620103249316735
0.06498633464925603
0.0725781961737017
0.06508755946958195
0.06701083105577486
0.07045247494685687
0.07419779329891682
0.06529000911023382
0.05749569794513634
0.06852920336066398
0.06731450551675269
0.06387286162567066
0.062455714141107496
0.0675169551574046
0.014115168539325883
0.013787453183520643
0.014325842696629246
0.01582397003745321
0.01411516853932588
0.014349250936329626
0.014770599250936356
0.014489700374531863
0.7402153558052434
0.027645131086142336
0.01411516853932588
0.014419475655430744
0.016245318352059942
0.057420411985018786
0.014161985018726623
0.023100556927953528
0.027509938817612708
0.02380003718755809
0.6359338061465724
0.02345472414800647
0.023348473981990574
0.02060367802658022
0.07859856031025046
0.01866461249679035
0.015246898823279384
0.01879742520431019
0.02332191144048659
0.022914619137425735
0.018044819861697668
0.026659937489485648
0.03429396460531207
0.02337250192983963
0.024816307859450527
0.5877719644337711
0.02400148669125427
0.026760442576550327
0.02155702318666555
0.023229550847699936
0.025602538811218833
0.07537810561225945
0.025945621408354085
0.029462218028990475
0.02811847785687739
0.02241472967950369
0.027275066472253206
0.015166227400934068
0.014726961668285063
0.014750080917371854
0.01928145373838261
0.014241457437462482
0.01535118139362838
0.015166227400934061
0.01743191381143943
0.7102695704443522
0.03638969806260692
0.014403292181070008
0.01426457668654927
0.018310445276737426
0.06570490590465625
0.014542007675590744
0.035151591237210615
0.02795388446006748
0.027326177473688703
0.13114891302073528
0.026970476848074066
0.030213629611031
0.03895968028790839
0.39162638880170697
0.0362396166802671
0.0935492645366477
0.027388948172326587
0.030255476743456244
0.04684786475006816
0.029669616889502728
0.02669847048730994
0.005381622486455025
0.005745245627431717
0.005250718155703419
0.021337405912512274
0.005287080469801087
0.005192538453147146
0.005505254354387102
0.0055343442056652375
0.006247045561979554
0.5547870986509583
0.005279808006981551
0.005330715246718289
0.010494163848587328
0.35338351332678813
0.0052434456928838885
0.023018979085132334
0.03158271262046038
0.022114211168623468
0.09319109540041248
0.02261919791272146
0.023671253629592222
0.023523965829230317
0.026027858435382738
0.02106215545175273
0.31039851870554996
0.029604847872743333
0.022934814627782667
0.028573833270209972
0.29737406893069035
0.024302487059714658
0.005694804571209051
0.005920484010371635
0.006117353308364528
0.6582589071353113
0.00601171612407566
0.006338231057332164
0.005680399500624205
0.0069336406415057925
0.00607893978680494
0.14839143378469224
0.006102948237779683
0.005930087390761532
0.05485450878709314
0.0718332853164314
0.005853260347642355
0.01369382022471915
0.014115168539325883
0.013927902621722887
0.021090823970037465
0.013483146067415776
0.013998127340824002
0.013647003745318393
0.01413857677902625
0.7472612359550563
0.0532069288389513
0.01383426966292139
0.01390449438202251
0.02488295880149815
0.014911048689138616
0.013904494382022509
0.005037257435174668
0.0051481814978663444
0.004821934254655544
0.015535893721698063
0.004913283482754567
0.004887183703297704
0.004821934254655544
0.004900233593026136
0.005298255229743306
0.5264912761487165
0.004737109971420737
0.004978532931396728
0.01171880097613175
0.39195996293831364
0.004750159861149169
0.0112062303073539
0.010155955848839729
0.010116322850405238
0.0649089431860967
0.009809167112537895
0.010968432316746905
0.011255771555397002
0.013881457701682398
0.011037790064007284
0.34783901076035906
0.009858708360581005
0.010760359074965805
0.020886590174979677
0.44665398410716783
0.01066127657887956
0.01252199810477869
0.01138260908803755
0.01180000902486352
0.5540589323586483
0.01189025765985291
0.011506700961147979
0.011044176706827322
0.010931365913090586
0.010457560579396253
0.2666283109967962
0.012318938676052545
0.011269798294300816
0.0391904697441451
0.013334235819683243
0.011664636072379424
0.011981942489752288
0.013512370317390736
0.01249721216036422
0.5030031762145367
0.011881964792469373
0.011974251897653594
0.01415068946158164
0.01372770689615393
0.010528420583100686
0.2740081058840719
0.012874051173199813
0.012743311107522167
0.06912304178298692
0.01612717163094386
0.011866583608271995
0.02189771496430857
0.01866134231165746
0.02213261297942034
0.1657857991099976
0.020697125109292832
0.019679233710475162
0.3004084615485
0.04733195004502211
0.02264155867882919
0.03205052917302851
0.017852249148494703
0.020175129520155575
0.251419175507967
0.020723224888749704
0.018543893304101597
0.020788408428857874
0.019407558733401435
0.019010327999092066
0.29249423069647773
0.01921840124087316
0.018196950781220453
0.020504672190065458
0.019766957969205145
0.01674043808875269
0.11434570423334461
0.01946430598115991
0.019142738243861843
0.35886959482465003
0.0237203495630462
0.01832936102599024
0.011045975139770943
0.010720295283070076
0.01116810508603377
0.8409732399717741
0.011317375020354997
0.010408185420398425
0.01069315529501168
0.010598165336807259
0.010408185420398425
0.014424903653042385
0.010937415187537325
0.010638875318894864
0.015334093252998959
0.010136785539814371
0.011195245074092178
0.022055763628797347
0.021875808392662316
0.025261216272452217
0.5312166098682953
0.02316923665238271
0.024338945687260288
0.030378693300041615
0.033640381954988696
0.01825420926544523
0.1114260327743474
0.021043515425537895
0.02401277682176558
0.045494933135382554
0.043639144762740244
0.024192732057900596
0.008382379168896021
0.008288958529729001
0.009019338072307575
0.3418091331413964
0.008866467935488807
0.008866467935488795
0.008187045105183149
0.008263480173592538
0.008314436885865462
0.4144564192718285
0.008484292593441882
0.008628669944881822
0.05015839044731498
0.09996857669409842
0.008305944100486632
0.01578223004377059
0.01586119759938633
0.01547764090068139
0.16199629980596525
0.014191597852082499
0.014766932900139902
0.01566941925003384
0.02287802896981183
0.013830603312124918
0.49037723929425564
0.015635576011912837
0.015274581471955246
0.030549162943910455
0.14235594061639822
0.015353549027570967
0.009556299750659853
0.008043566711527025
0.008074864636474598
0.015137763032977567
0.00837741124430116
0.008575631435635812
0.008450439735845512
0.008377411244301159
0.011496771097409552
0.42537009796250497
0.008575631435635814
0.008137460486369754
0.011955807329973995
0.45111785755271117
0.008752986343672067
0.01002740184992401
0.009740220890021646
0.010290651063167825
0.8429957760467152
0.010482105036436073
0.009991504229936216
0.009668425650046065
0.00964449390338753
0.010063299469911795
0.022531739479005875
0.01012312883655813
0.010206889949862975
0.01392827655526437
0.010506036783094612
0.009800050256667994
0.05742821473158542
0.0586766541822721
0.05711610486891376
0.0934769038701623
0.0582865168539325
0.0563358302122346
0.06031523096129836
0.07459425717852686
0.11392009987515614
0.07724719101123596
0.06780586766541823
0.06000312109862666
0.05290262172284631
0.053292759051185905
0.058598626716604124
0.05691546281433933
0.060259497057249964
0.06186463349384707
0.14459604066345644
0.06380417335473527
0.05865436062065292
0.0930310326377742
0.06861958266452649
0.04888978063135376
0.07002407704654902
0.052768860353130116
0.0620652755484217
0.04802033172819707
0.05163188871054056
0.05885500267522746
0.01612270376315316
0.01476725521669338
0.014999108257535183
0.043463527733190545
0.015123952202603848
0.01449973247726053
0.015195291599785945
0.015908685571606875
0.013964686998394827
0.36329588014981273
0.014927768860353088
0.01435705368289634
0.023078294988407286
0.4061530230069549
0.01414303549135006
0.046218822216909615
0.04773288708263605
0.04781257470714791
0.09546577416527208
0.048290700454219355
0.04669694796398113
0.04733444896007642
0.04693601083751684
0.05036257869152916
0.08191887799824683
0.04749382420910022
0.04709538608654069
0.24256912901426414
0.056578213403458456
0.04749382420910023
0.013187740676267363
0.013398744527087628
0.012607480086511594
0.03189674878233199
0.012730565666156752
0.01236130892722127
0.01267781470345168
0.013152573367797306
0.017355066729967807
0.42037242179669787
0.012748149320391774
0.012906402208506987
0.036872922930843495
0.3654762532749557
0.012255807001811128
0.014632871701071358
0.015090148941729836
0.013979618500130672
0.022515460325755562
0.013957843393432649
0.013957843393432647
0.014632871701071358
0.014567546380977289
0.7182954446476805
0.039521818656911366
0.014001393606828694
0.014175594460412876
0.016396655343611198
0.05999041895305277
0.014284469993902992
0.02747335061941803
0.026874099683088435
0.026620570440795143
0.20738692019590904
0.025710169979832886
0.02810717372515128
0.032048401037165074
0.40847018150388936
0.025606453471621996
0.06319792566983579
0.024212042639008932
0.028360702967444553
0.021296456352636127
0.027738403918179194
0.026897147796024194
0.008990724944604567
0.009549581347922416
0.008873070964958703
0.02263858658352451
0.008147538090475899
0.008480891032805837
0.008490695531109664
0.008980920446300743
0.00832401905994469
0.8120967900072559
0.008235778575210295
0.009265250897111582
0.029021314979312495
0.04027687903209995
0.008627958507363162
0.00746296193797164
0.008044132027084393
0.00785040866404681
0.2853176140661612
0.007675135145108038
0.007444512093872821
0.007629010534861001
0.007970332650689122
0.00756443608051514
0.03558052434456932
0.007831958819947988
0.007462961937971641
0.5838637663511748
0.010470286526078879
0.007831958819947991
0.008622555139409075
0.008422804827299206
0.008214731585518099
0.3612068248023305
0.008697461506450267
0.008214731585518104
0.00823137744486059
0.00846441947565543
0.007840199750312105
0.13539741989180196
0.008805659592176444
0.008714107365792758
0.3998002496878902
0.010944652517686226
0.008422804827299206
0.01084665673284736
0.009987515605493118
0.010766112252157912
0.5125045306270389
0.010282845368021137
0.010323117608365875
0.010819808572617533
0.012323305545487469
0.010900353053307006
0.020028727531445897
0.010645295531123715
0.01073926409192809
0.33560200287275294
0.013383807874565367
0.010846656732847368
0.015973622715195732
0.014650490305921006
0.016229712858926326
0.24887693801551464
0.015536135386322652
0.015450772005079105
0.02185302559834392
0.01754217484554561
0.014725183264509086
0.267166042446941
0.014671831151231883
0.01582423679801956
0.06896294162211754
0.23672332661096707
0.0158135663753641
0.00751449223502469
0.007983651009486552
0.007594010671374158
0.0401647622001162
0.007371359049595648
0.00779280676224783
0.008031362071296236
0.008667509562091981
0.006957863180578417
0.8523899266044838
0.007697384638628468
0.007912084416772035
0.012158368917833633
0.01027378197635124
0.007490636704119849
0.05837215675527534
0.05709326756188906
0.057915410614780255
0.08559422672878393
0.05745866447428514
0.05873755366767145
0.05992509363295873
0.06915136567095992
0.10021010322462764
0.09098383118662634
0.07335343016351498
0.060016442861057756
0.056819219877591975
0.05654517219329492
0.057824061386681225
0.009589144222987596
0.008704571546872939
0.008111719646923749
0.013946135170233203
0.00840344042308922
0.008488133551653393
0.008234054165960885
0.008412850770707466
0.008666930156399971
0.431558541772533
0.008177592080251433
0.008441081813562182
0.03773549394914646
0.42350328421131894
0.008027026518359587
0.06650470695414515
0.06609980767284139
0.06721328069642676
0.07237574653304986
0.06893410264196777
0.06620103249316736
0.06792185443870834
0.07308432027533142
0.06255693896143343
0.05952019435165517
0.06539123393055976
0.06893410264196777
0.06468266018827819
0.06478388500860416
0.06579613321186362
0.012513563652910486
0.012408554727151792
0.01195351604886414
0.026689768630333573
0.012513563652910486
0.012058524974622826
0.012321047289019556
0.013056109769330375
0.014263712415555307
0.4596415695334104
0.011743498197346764
0.01191851307361124
0.03549301690643701
0.34120900276523514
0.012216038363260854
0.02151895928905432
0.023291891053343047
0.023491345876825536
0.48221527823947913
0.023956740464951325
0.02335837599450388
0.02169625246548319
0.023380537641557498
0.02100924140682133
0.20561576136338472
0.02384593222968328
0.025485894111650358
0.03448352281541566
0.023402699288611106
0.02324756775923584
0.02078092682654146
0.018279389569008916
0.020697076415674462
0.7095980770305782
0.01846106545922077
0.020445525183073434
0.024610095589468438
0.02083682710045282
0.015344625188663431
0.03115042763709544
0.018013863267930058
0.019075968472245543
0.02739113421655767
0.015554251215830985
0.019760746827659492
0.015087674497786854
0.019290517534899562
0.017492339121552597
0.6162644705481782
0.01502383384405855
0.01644960844399047
0.017556179775280897
0.016162325502213148
0.016141045284303716
0.16401727953694253
0.018492509363295866
0.016758171603677208
0.018939393939393936
0.01620488593803199
0.016119765066394277
0.009726214325116868
0.008758431805204739
0.008787465280802109
0.24309729117672668
0.008526164000425824
0.008671331378412653
0.008468097049231106
0.010490762515847452
0.009474590869939714
0.1042882443457307
0.008497130524828471
0.008961666134386285
0.5165635978282958
0.036495078825886276
0.009193933939165204
0.028312823256643496
0.026239522026038884
0.026975209559479244
0.1297708221865525
0.029427501337613713
0.028691813804173363
0.05609060103442128
0.03466648831817376
0.039214374888532195
0.4295746388443019
0.03232566434813626
0.028335116818262913
0.047953451043338716
0.03346263599072594
0.02895933654360622
0.012126046146021174
0.011663661164285381
0.012484394506866415
0.03125722476533961
0.011027881814398672
0.01186017478152309
0.011513386045221254
0.012010449900587233
0.012380357885975862
0.5050399963009203
0.012334119387802281
0.011721459287002354
0.021928607758819982
0.31131224857816614
0.011339991677070333
0.014412364291471157
0.014483477931067228
0.013938273360830653
0.016379841653629223
0.014175318826150904
0.01438865974493913
0.01434125065187508
0.014862750675579628
0.7491347840515813
0.06198738918124496
0.01405679609349078
0.014388659744939128
0.01429384155881103
0.01486275067557963
0.014293841558811029
0.015897248005210873
0.012891494327742493
0.013285024154589369
0.29522879009933206
0.013882103891874286
0.012538674482983226
0.026644683276339377
0.4504423818053521
0.013447864082939801
0.07321011778754817
0.013617489008304838
0.012674374423275245
0.02075530586766543
0.01199587472181512
0.013488574065027409
0.01035996174233283
0.011075058325065038
0.010002413450966731
0.5606267821547648
0.010914161593950278
0.009600171623179863
0.01007392310923995
0.01053873588801587
0.008643729943775531
0.30130594513421466
0.012424803124972076
0.010056045694671632
0.014301931654644115
0.009796823183431225
0.010279513376775448
0.031496773611299156
0.03330174631108708
0.030052795451468817
0.41609133161860945
0.029556427959027146
0.029375930689048348
0.029466179324037764
0.037611118631830684
0.02732277424303962
0.07889986913947919
0.05940616398176977
0.029917422498984717
0.029353368530300995
0.1072153783674022
0.03093271964261542
0.025073160157520143
0.02620518564013635
0.026819369678577006
0.3956910774714885
0.02615701434300373
0.027529896311282918
0.047171742717102054
0.18761515950720745
0.03667039994219444
0.07620699206377878
0.024723918253308764
0.026036586100172187
0.022664595300889975
0.02438671917338056
0.027048183339956886
