0.007092652211301348
0.009281566921803163
0.0072276826642219206
0.006573850997448641
0.0070357972837558425
0.0073413925193129125
0.007497743570063043
0.023225237902337444
0.007732270146188234
0.007341392519312912
0.007099759077244534
0.007277430725824228
0.007234789530165102
0.8777974401068867
0.01024099382413351
0.010747435271128458
0.01419964175215763
0.011203387070509671
0.011154535092004536
0.010959127177984022
0.011105683113499406
0.010828855235303676
0.01672366064158933
0.011089399120664365
0.011317375020354972
0.01102426314932419
0.011301091027519927
0.011007979156489149
0.04111708190848401
0.8062204852629898
0.01973596833745045
0.024915663930724828
0.019125029882859135
0.01838127872074793
0.01912502988285911
0.018700029218795582
0.022046909448295952
0.030812548144606405
0.019231280048875
0.02252503519536742
0.019337530214890885
0.018912529550827353
0.01984221850346634
0.032990676547932044
0.6943182723723008
0.11126716604244692
0.03976115382088183
0.014118864577173264
0.02225014784151388
0.016270779946119977
0.014422761022406187
0.013338589920494116
0.18125369603784747
0.01435705368289636
0.015564426046389392
0.014299559760825269
0.013313949668177928
0.016073657927590506
0.45178723963466744
0.06192095407056969
0.020031521683867966
0.025674919924754624
0.017625027539105484
0.0144559120104394
0.016997983290118077
0.016964089006389026
0.017387767553002142
0.2705272255834058
0.017777551815886205
0.0163200976155371
0.01648956903418234
0.016337044757401623
0.01606589048756923
0.3737522666802245
0.14359313301811635
0.00797462416512164
0.009597843649712227
0.007996962047937107
0.007929948399490705
0.007915056477613725
0.007915056477613735
0.007557650352566259
0.01328359431426424
0.007855488790105825
0.007468298821304398
0.00781081302447489
0.007364055368165548
0.007669339766643598
0.8815496533905189
0.01011161495446796
0.008293204922418392
0.010901551631888709
0.008371232388086305
0.009240681291243082
0.00853843410023184
0.008471553415373624
0.009719992866060281
0.016252006420545764
0.008360085607276609
0.00873907615480648
0.0083377920456572
0.008627608346709455
0.008192883895131071
0.026161494560370962
0.8517924023541998
0.01747067662427947
0.02036376684832576
0.0168651461122698
0.6624503801385989
0.016775437888268362
0.01742582251227877
0.016932427280270876
0.02386238758438173
0.01679786494426872
0.01697728139227158
0.017044562560272654
0.01720155195227518
0.017605238960281634
0.028729058736459562
0.09349839646549567
0.012955269932435565
0.018419903160751303
0.010631871451008806
0.015287962007788009
0.011431120528619602
0.011403239746842491
0.011105844741219856
0.016905047350861048
0.011589111625356634
0.012221076012304702
0.010938560050557135
0.0116820475646137
0.011291716619734016
0.7732734825884517
0.06086374661945517
0.01776130352523259
0.020000772230588004
0.01772269199582991
0.017703386231128573
0.017722691995829907
0.017877138113440626
0.017085601760685697
0.022066489053631358
0.017780609289933923
0.018803814819104932
0.017606857407621867
0.017722691995829907
0.017838526584037947
0.735009073709409
0.027298351287694436
0.0070534653982173845
0.010511686176251821
0.006185647731276669
0.007510211538712493
0.006492320139894818
0.006746792989599239
0.006994740894439443
0.015672917563846603
0.006537994753944328
0.006557569588536978
0.006361821242610501
0.006205222565869321
0.0067467929895992425
0.8918620887653503
0.008560727661851267
0.021172513949399993
0.56807498280211
0.013958954368264165
0.022529236413666602
0.015392111900940154
0.014312466559657584
0.015802950393640616
0.09334632729496295
0.01448444546357871
0.01670106244745091
0.014388901628066974
0.014665978751050999
0.014694641901704523
0.111432775357334
0.04904265076817245
0.004633806282293116
0.012814729762978752
0.004989201454386394
0.00506779846359933
0.0061100631509882685
0.004661144372454143
0.008399628201973812
0.008857541212170916
0.0046918997238852905
0.004698734246425544
0.004825172913420271
0.004726072336586566
0.004855928264851417
0.9153441865551273
0.005324093058858908
0.018495139502588034
0.024260404831039858
0.017569330471741754
0.026069940664057555
0.017337878214030187
0.01830576947355129
0.02230358119766022
0.42330513824012206
0.01719059041366828
0.20967470437234356
0.01754828935740434
0.01775870050077849
0.01771661827210367
0.12067079072507683
0.031793123763834544
0.009091010124584622
0.012647395503395251
0.008190800075573174
0.010302403894241996
0.008257482301425876
0.008357505640204925
0.011880549906089206
0.14608964313895467
0.008646461952233292
0.6968181464563958
0.008635348247924505
0.008290823414352227
0.008946531968570438
0.03559719490103246
0.01824870247502196
0.029476513137204407
0.03602367269920235
0.030305629413614636
0.06612917059782147
0.028132772965091306
0.028961889241501507
0.03745318352059926
0.057409154587300275
0.028904708808645648
0.02781828058438399
0.02973382508505585
0.02927638162220885
0.029276381622208855
0.0253023415387254
0.5157960945764362
0.4396704823196359
0.019236517733115317
0.00878303529039406
0.013020695961034626
0.011684338239172865
0.009081957412389449
0.008844578080216626
0.042086476411527886
0.009134708375094516
0.01046227426983877
0.009090749239506955
0.00898524731409682
0.009292961263209724
0.37698475497177836
0.0236412231189886
0.010532608886778854
0.02790525927098171
0.010488649751191303
0.010682069947776558
0.16852174218846155
0.010347980517311115
0.010277645900371024
0.032670429568672985
0.011165620439239684
0.010576568022366417
0.009688593483497748
0.011121661303652138
0.010216103110548432
0.6210546675810171
0.04475040002813387
0.01597560571409628
0.019356335554008803
0.014517251665506563
0.023880547545656383
0.024294852673096633
0.01463325710118983
0.014318385204335234
0.02750986046203306
0.01471611812667789
0.014583540485897007
0.013986941102383021
0.013837791256504547
0.014749262536873118
0.7477378940041763
0.025902356567564847
0.010907212379509926
0.01291489086917215
0.010578469702840102
0.012738778720956178
0.010742841041175013
0.010778063470818215
0.011200732626536574
0.015239571225623135
0.011153769387012319
0.010554988083077971
0.010883730759747802
0.010449320794148375
0.010508024843553699
0.82856069411668
0.02278891197914831
0.012366967033781996
0.5677911892312828
0.008839507546260224
0.01889809767493601
0.009242778210405284
0.008589201616790878
0.01197760225460746
0.06583973004041974
0.008640189861682772
0.00979901360922607
0.010053954833685588
0.008644825156672949
0.00873289576148624
0.1559220528794452
0.0946619942893166
0.012770276649985805
0.20238095238095227
0.01094482736914988
0.0147452239322695
0.010763856104239421
0.010771724420105096
0.011778868850911122
0.01658640984483677
0.010338967047493128
0.011110062002328993
0.011416926321090207
0.010543543260000605
0.010559279891731948
0.6350675101501273
0.020221571774777274
0.008469870882421246
0.015506223689390964
0.008914059581856926
0.007985301392127777
0.008510251673279031
0.008893869186428024
0.008984725965858054
0.018534783003725134
0.008560727661851265
0.009297677095005919
0.00865158444128129
0.00890396438414247
0.008621298848137953
0.11405554377782491
0.7561101184166699
0.012728934193083356
0.047389217086888695
0.013423941722331589
0.013501164781136948
0.012239854820649414
0.01205966768343691
0.014427841486801254
0.020399758034415693
0.012548747055870852
0.012342818899056559
0.012085408703038696
0.012420041957861918
0.01230420736965388
0.18044454740852298
0.6116838487972505
0.016165203829559542
0.020513871338638242
0.015379711530799254
0.019102261990141495
0.014093325592249779
0.015425247316234635
0.015812301492435357
0.4774654781826666
0.015778149653358824
0.014093325592249786
0.014992657354598512
0.01531140785264618
0.015140648657263505
0.16329132657126919
0.16743508304588864
0.016071267589473748
0.06411296601348966
0.015595931781116044
0.030405100844950364
0.02445520779550724
0.01538285021185223
0.01622698104393577
0.04253435940304375
0.014694432834230716
0.01556315000122929
0.014751800949032513
0.01724321622042466
0.015341872986993807
0.22183430449356242
0.47578655783115736
0.013547396298559814
0.16444925015279008
0.011337815178725306
0.033762712926833006
0.013335840659426725
0.011635560152320016
0.013022424897748072
0.11641044928149433
0.011235955056179739
0.010546440380486695
0.01146318148339676
0.010985222446836812
0.011988152884208505
0.02862269443530308
0.5376569037656903
0.010152750238672221
0.011814276272306646
0.009858999779687131
0.009638686935448313
0.00992325769259012
0.009813101270470708
0.01323713005801568
0.02344495850774769
0.010171109642358789
0.010409781890284176
0.010418961592127459
0.009702944848351299
0.00981310127047071
0.8376753323052069
0.013925607696261987
0.02004273400115363
0.023479327630050253
0.018653472746918812
0.02270751582214204
0.01567184186794705
0.020424577737697697
0.050330254210436486
0.6284254226685196
0.017353579175704976
0.02759024104901408
0.019084062492383418
0.017044854452541697
0.019417160220006977
0.06939806803317967
0.0303768878923038
0.009116055910504003
0.02161024209933656
0.008582409243347754
0.011064600621771776
0.008171158600768627
0.007539595113950678
0.007245844654965587
0.04175662774473073
0.008073241781106931
0.010310641110376708
0.007539595113950682
0.008401263126973615
0.008176054441751714
0.8307556730557382
0.011656997380725046
0.015679553100996665
0.6107566812670607
0.015457373198755812
0.017758522186250247
0.015520853170824628
0.015187583317463367
0.015838253031168682
0.036612073890687484
0.015013013394274131
0.015489113184790213
0.015441503205738605
0.015536723163841819
0.014886053450136496
0.09485494826382271
0.08596775217418906
0.030406071358170708
0.045165582495564745
0.03141632170313423
0.2613098758131283
0.0348166765227676
0.029469741770155714
0.035432682830672226
0.18127833629016382
0.031317760693869504
0.039941849004533826
0.029050857480780578
0.030627833629016353
0.033264340626848035
0.11815000985610079
0.06835205992509363
0.013581048006101788
0.44970003301344447
0.015453707182131746
0.02285327231538086
0.01515772457680181
0.01433238846578555
0.020570791070432474
0.2645856812722698
0.01430962057306786
0.013341985132566056
0.014298236626709008
0.014497455687988806
0.014275468733991338
0.07871998907141149
0.034322598271916936
0.005442126501675218
0.007762126008058298
0.00595425405228638
0.006040637012630427
0.005596381788003883
0.006737870906835985
0.006139360395880773
0.021885740024310645
0.005818509400317156
0.005688934959801074
0.006059147646989871
0.005960424263739528
0.005787658343051426
0.8968895964064691
0.008237232289950588
0.01346907914402772
0.7449842626294593
0.014172425313428645
0.016089043625046172
0.013680082994847985
0.014102090696488549
0.014401012818483947
0.03989731145926752
0.014207592621898683
0.014365845510013893
0.013732833957553061
0.013644915686377955
0.01241405988992634
0.03734768159518912
0.0234917620579909
0.043463112969253495
0.13082484104172096
0.04263565891472863
0.06985454228725703
0.04106785123247099
0.04193885550039189
0.053044159916383504
0.0939378102952703
0.04045814824492634
0.04760038324187782
0.04246145806114444
0.042592108701332586
0.04093720059228284
0.10443341172371731
0.16475045727724047
0.015531827451710193
0.10517133086747162
0.01485720489140127
0.021409573436930562
0.015524073169407794
0.015803227332294258
0.2809454020983087
0.2744860849404082
0.01471762780995804
0.022107458844146687
0.016609672691744008
0.015384496087964564
0.014771907786074855
0.1261078930839557
0.04657221950822342
0.005438489428150905
0.6827906809778511
0.005785499754699592
0.006527383901114019
0.005773533881370321
0.00554019935144966
0.005468404111474068
0.045302796424597065
0.005498318794797231
0.005815414438022751
0.0056359263380837766
0.005647892211413041
0.005743619198047166
0.17404362757415856
0.03498821361477068
0.018542669876939546
0.5273876404494382
0.017054574638844303
0.0508126003210273
0.01646936864633495
0.0170211342964152
0.019094435527019806
0.06935527019796678
0.016970973782771553
0.018927233814874274
0.016402487961476746
0.016569689673622268
0.01682049224184056
0.10274545211342957
0.07582597645799895
0.01362922902388608
0.022984754534010856
0.013535984583585833
0.01967457690335209
0.014608295647038676
0.01291435498158419
0.014748162307489045
0.03335042814738829
0.013209629042534973
0.012727866100983695
0.013629229023886084
0.013815717904486578
0.01342719940323555
0.06932724136323352
0.7184173310333031
0.0037370778276329484
0.0037865209741947976
0.004041977231431005
0.003728837303205975
0.0037041157299250497
0.0037659196631273594
0.004091420377992852
0.1327012851097844
0.003943090938307314
0.005508790579432473
0.003885407267318489
0.003782400711981308
0.0037123562543520247
0.8128370889523412
0.006773711078973064
0.008878106911814778
0.5873255022131427
0.00852059925093634
0.008273748723186937
0.008367381681988433
0.008265236636023163
0.008239700374531854
0.035274089206673485
0.008750425604358196
0.010112359550561804
0.00844399046646238
0.008120531154239026
0.009107933265236645
0.25504766768811726
0.027272727272727327
0.005353923478957648
0.004904728085031495
0.005281080982645297
0.005420695767243965
0.00526894056659324
0.005068623701734281
0.00518395765422883
0.007308530463339005
0.005123255573968545
0.005693855128415275
0.005086834325812367
0.005268940566593242
0.005359993686983675
0.9238006786492572
0.0058759613691961475
0.019863102156786723
0.021826165568900914
0.019966421283740113
0.021851995350639267
0.021257910370657312
0.020224719101123556
0.019604804339403308
0.0963967454475009
0.02045718713676867
0.020095570192431838
0.020870463644582154
0.02004391062895517
0.02071548495415211
0.6318739506651174
0.024951569159240572
0.007928597317868815
0.010307176513229453
0.007837984777093174
0.006841246828561099
0.007324513712697859
0.007483085659055242
0.007905944182674905
0.015215355805243466
0.007792678506705348
0.007958801498127364
0.00799655672345055
0.00781533164189926
0.007989005678385907
0.8819545125045305
0.007649208650477245
0.014481897627965078
0.2243117156186346
0.016177146987318494
0.020802943688810045
0.01607201524410279
0.01530981010578885
0.01784611341086798
0.14127077994612
0.014915566068729914
0.020342992312241272
0.015638346803337966
0.016019449372494925
0.015204678362573125
0.281424535120573
0.17018200933044222
0.0075688678968521775
0.0076568779886760415
0.007539531199577555
0.0073243954195636755
0.00824361193416845
0.007920908264147621
0.007862234869598382
0.016096067904675288
0.007881792667781466
0.007784003676866061
0.00768621468595066
0.00793068716323916
0.007510194502302933
0.8802964962204548
0.01069811560614505
0.014690374895458333
0.02400639976728119
0.011708665139449466
0.016050325442711167
0.011606850659975994
0.011003236245954683
0.011105050725428157
0.13292607541543947
0.011665030362532261
0.012305007090651247
0.012065015817606634
0.011366859386931378
0.011017781171593745
0.6872186465946687
0.021264681284316928
0.05426356589147295
0.06279940771709788
0.05391516418430459
0.057921783816740784
0.05670237784165151
0.054960369305809685
0.06750283076387077
0.120459890253462
0.05548297186656223
0.0664576256423657
0.05539587143977014
0.05757338210957243
0.05365386290392831
0.10521731556484606
0.07769358069854533
0.017686225551394118
0.03132658251259997
0.01796365654043559
0.6114810190964999
0.018634114763952492
0.017246959818745137
0.018102372034956335
0.027604383409626846
0.018518518518518542
0.017894298793175212
0.01812549128404312
0.018426041522171387
0.018033014287695964
0.04533684745919448
0.10362047440699121
0.01638847394514086
0.019094628823796884
0.017514234374661753
0.6721006256630081
0.01762248056980798
0.01770907752592499
0.017037951116018305
0.03630577385204912
0.017189495789223054
0.01775237600398349
0.017384338940486282
0.01669156329155035
0.017579182091749496
0.06286939014093657
0.03676040787166333
0.015634818892491832
0.017218409873564145
0.015735364351607526
0.015659955257270756
0.01588618254028109
0.016062137093733563
0.016866500766659184
0.02455822838901045
0.015810773445944303
0.016941909860995974
0.015886182540281086
0.015936455269838935
0.015685091622049688
0.0483372294698741
0.7337807606263975
0.005036605958620362
0.005357967127673864
0.004814574605456123
0.004686030137834724
0.004937276142731099
0.0049489620034239455
0.0048730039089204015
0.01283107504075445
0.005036605958620363
0.005071663540698927
0.0050599776800060725
0.005118406983470342
0.00485547511788112
0.9109478985901005
0.016424477203807256
0.004584589385219685
0.006514341828811526
0.0044247282360463935
0.005263999269206169
0.00440760025577783
0.004613136019000626
0.004744450534392972
0.8954222618068886
0.004675938613318702
0.00470448524709965
0.004641682652781573
0.004504658810633039
0.004778706494930102
0.0344386589933315
0.012280761852562322
0.011840420992746447
0.01787322808514674
0.011828568719480435
0.011828568719480431
0.012302659650120932
0.01147300052150006
0.012361921016450995
0.7054473047930596
0.011911534632342523
0.011615227800692206
0.011733750533352334
0.012587114208505234
0.012018205091736636
0.11601005072772959
0.029168444507656554
0.0014100800865908328
0.0019231373950921913
0.0013687044971955606
0.0014365604638038067
0.0013339490021035338
0.0013207088134970467
0.001337259049255155
0.9752044367872024
0.0013124336956179922
0.0013538092850132642
0.0013769796150746147
0.0013240188606486686
0.001381944685802049
0.005527778743208198
0.0023881990198950384
0.04143504829489451
0.08606347328996654
0.03567908535383399
0.1545436625271042
0.03445692883895128
0.03678296865759901
0.035284841316775076
0.27309284447072757
0.035363690124186824
0.04139562389118863
0.036585846639069546
0.03422038241671589
0.036980090676128494
0.06694263749260795
0.05117287601025031
0.013966412951552487
0.06299383834722722
0.013567717772139656
0.01666062583061495
0.0140993113446901
0.013132777576416562
0.014316781442551633
0.03640207804760179
0.01458257822882685
0.01345898272320888
0.013881841246828541
0.01371269783738067
0.013869759574725124
0.10008457170472387
0.6452700253715116
0.011080894105298352
0.021350700159832123
0.011724993439729053
0.017319115436914098
0.012297526181445207
0.010961616450774139
0.011283666117989493
0.03306376583410866
0.011713065674276615
0.0111166774016556
0.011593788019752424
0.011486438130680636
0.011319449414346747
0.059436055249409606
0.7542522483837876
0.011439504966617805
0.5203651685393258
0.011012050154697936
0.013770151441133352
0.012793111871030759
0.01111382510991694
0.010940807686044609
0.02523001139879499
0.010340335450252387
0.01035051294577429
0.010706725289040864
0.011459859957661606
0.011643054877055843
0.23375671714704443
0.09507816316560812
0.008062162556544596
0.017826742545843682
0.007964881560387195
0.008451286541174203
0.00802568218298557
0.00792840118682817
0.008183763801741345
0.014896152536602012
0.007928401186828169
0.008183763801741345
0.007855440439710119
0.007916241062308491
0.008013522058465889
0.03893671871199963
0.8398268398268396
0.014981273408239652
0.050478936727320914
0.013754930231016482
0.016870504789367236
0.013174903052600133
0.013672069205528428
0.013887507871797367
0.04131450730834242
0.013423486129064289
0.0134400583341619
0.01358920818004038
0.013870935666699759
0.01358920818004039
0.1936627887706739
0.5602896821451068
0.010114907386175405
0.013694616423348327
0.011057606563224492
0.011197737521975042
0.010968432316746882
0.01090473642640573
0.010242299166857715
0.02606435832760068
0.0102805167010624
0.011095824097429194
0.010140385742311867
0.010305995057198869
0.01058625697469995
0.16140538612448724
0.6819409411704753
0.005860848001431667
0.01041786504071275
0.005515716276156519
0.00569467346703993
0.006014239879331732
0.005554064245631538
0.005854456673185836
0.018598765195382908
0.005803326047219142
0.005771369405989961
0.005758586749498292
0.005822500031956652
0.005764978077744129
0.1063580933389577
0.8012105175697612
0.007716647294330374
0.008405441474019552
0.007716647294330373
0.008459253519307774
0.007985707520771464
0.008071806793232605
0.007931895475483251
0.012010848508330127
0.007555211158465729
0.008168668474751404
0.008039519566059684
0.007813508975849169
0.008093331611347896
0.8523827973653624
0.03964871496835849
0.0014279979062806452
0.0018921395745142128
0.0013314428877065092
0.0014720405463320057
0.001339912626177925
0.0014381615924463442
0.0013856492139235684
0.9742790982100067
0.0013771794754521528
0.0013653218415921715
0.00134838236464934
0.0014110584293378148
0.001422916063197796
0.0060999056471134315
0.0024087936212705548
0.017412444970103167
0.44540377160128786
0.014718444050200442
0.05143570536828959
0.015809185886063504
0.01516525395886724
0.020356133780143226
0.054655365004270956
0.015152112490965272
0.018884289375123202
0.014863000197122054
0.015638346803337966
0.014547604967474903
0.08308036007622062
0.20287798147053027
0.011912679244402398
0.013511148447618006
0.01115428144725631
0.01150431119978528
0.013942851809070404
0.011714329051302659
0.010862589986815514
0.31550515127119133
0.011270958031432642
0.011924346902820031
0.011060940179915265
0.011504311199785273
0.011154281447256305
0.1870208967762262
0.35595692300512216
0.04415288342987416
0.05184513147385642
0.017927900683152264
0.0418033358922465
0.02350322965857895
0.0170516667829809
0.016524375586417603
0.04656446522592101
0.017051666782980902
0.01832336908057475
0.017966672094664262
0.017555695132636998
0.01741611805119377
0.6141391583501984
0.038174331774722625
0.013351466286738146
0.018154540254077225
0.01171086574059085
0.01671901477619836
0.01267148053405867
0.01170007231594514
0.011861973685630734
0.08411315826398566
0.011030879987911387
0.010620729851374558
0.01155975779555098
0.011710865740590852
0.011257541905471216
0.12686591328562652
0.6366717395762506
0.018945390426914763
0.02204718328893002
0.020258182426605865
0.01991067866198175
0.01798010219184777
0.021171988622469284
0.018031584231051345
0.4841499671801996
0.01903548399552101
0.02050272211282284
0.020451240073619266
0.018984001956317446
0.019910678661981755
0.25501628119489855
0.023604514974838092
0.019721111322710982
0.028629467403034303
0.021329270615120896
0.03444846484267544
0.020630990922363947
0.021879430373050585
0.02628070843648826
0.3011489874944455
0.020207791108571883
0.022112190270636236
0.020906070801328804
0.022260310205463457
0.02141391057787929
0.040732982077487906
0.3782983135487419
0.00675940788300337
0.007169609416800409
0.006747517983473022
0.00598656441353069
0.006937756375958604
0.006610784138874009
0.006563224540752613
0.7825931870875691
0.006462160394744647
0.006688068485821277
0.006729683134177497
0.006563224540752613
0.0063135366506152845
0.12464776172641359
0.013227513227513194
0.006437483871417732
0.006583948834906112
0.006918725894308115
0.006611846923189613
0.006535127180409981
0.0066467195335439865
0.006291018907929359
0.011215031489967161
0.006702515710110986
0.006409585783134228
0.006374713172779858
0.006786209974961488
0.0064095857831342334
0.8582777115198184
0.05179977542038928
0.014403724316566889
0.020634253911582478
0.013878679687773439
0.014106199026917265
0.014263712415555298
0.013598655885750275
0.014298715390808195
0.037015646329938034
0.014298715390808202
0.013826175224894089
0.013371136546606448
0.013231124645594866
0.013756169274388304
0.12063775420910768
0.6686793377437079
0.007703748038922295
0.04713387926109308
0.006293585802250822
0.5863418305810231
0.006166625858113197
0.0061303515883595885
0.006883042685746936
0.2163760190802659
0.005958048807029961
0.007531445257592659
0.005926308820995552
0.006026063062817968
0.006207434411585999
0.058002557336017606
0.02731905940818529
0.012517248176621329
0.013117574323961085
0.010106983495510997
0.01209612386430837
0.012167804598319103
0.010931311936634222
0.009918821568732866
0.015680160564844184
0.01077003028511012
0.011110513771661015
0.010528107807823954
0.010080103220256983
0.01116427432216906
0.8061573750515199
0.04365356701252619
0.04823239243628379
0.060610212843701314
0.04960263085776916
0.24230382753265728
0.053850369964373666
0.04823239243628382
0.10313327852379636
0.053484973051977615
0.05015072622636326
0.057641362930483116
0.054307116104868804
0.04731890015529357
0.05088152005115545
0.03631131816936138
0.04393897871562977
0.016208372013615455
0.1755391231046662
0.014682501573887336
0.4394506866416979
0.015098648057449548
0.015098648057449537
0.01772357203068811
0.1556814665428898
0.01604831567378382
0.01794765090645239
0.015397419891801893
0.015952281869884868
0.01523736355197029
0.03248076656316352
0.03745318352059919
0.025645244699355883
0.2944854496732641
0.020285835174650872
0.1567078808393273
0.029257361352702377
0.019745192985755198
0.03976462476297921
0.22050365912901762
0.01964333286320965
0.021382790340526175
0.02035635372102857
0.0200037609891401
0.020936172880134093
0.04035227931612668
0.050930061272781255
0.017028502507458923
0.023186059798133703
0.01915508157176413
0.09399796864089378
0.01959944137624583
0.017790262172284643
0.01971053132736623
0.028724687361137567
0.018885291690471682
0.019631181362280217
0.017488732304957812
0.01815527201168033
0.018345711927886765
0.025471338792610963
0.6428299371548275
0.011360479707271283
0.03748191997854342
0.011590371370824828
0.022740117053172016
0.012289625180800208
0.011331743249327082
0.012117206433135049
0.4549747598111062
0.011686159563972153
0.0113030067913829
0.012720672049963123
0.011149745682347188
0.011111430405088274
0.34642757933657126
0.02171518338649578
0.033048966569565845
0.050977944236371205
0.03252878346511303
0.035684560965459855
0.03089887640449435
0.031315022888056585
0.03655153280621444
0.1657996948259118
0.03218199472881116
0.030725482036343427
0.03225135247607154
0.031141628519905627
0.032875572201414904
0.07341517547510064
0.35060341240116505
0.02044533374377919
0.03683751475039759
0.01881637678928735
0.03316915499461286
0.016943717613257397
0.01813657585552306
0.294251192858242
0.34193986968344353
0.018765071058437235
0.04377661484787849
0.01926530193422605
0.02012467292596584
0.018162228720948127
0.06118208403878714
0.038184290185213667
0.005120311938843567
0.006372171771586885
0.004843260992252837
0.0051664870966086915
0.005238315119798884
0.004740649530552562
0.0051664870966086915
0.013478015494330718
0.005125442511928585
0.004940741880868093
0.0050690062079934385
0.004925350161613057
0.005284490277564004
0.9158380791134376
0.008691190806013027
0.012516681734039371
0.10221059882043992
0.01232295837100178
0.017295191355633052
0.013000990141633315
0.012645830642731082
0.01612208876834993
0.2833527056696372
0.012043135735503049
0.012505919324981705
0.012527444143097014
0.012495156915924064
0.012183047053252414
0.15565672220069726
0.31312152912307906
0.02100992180826598
0.036598988106971556
0.021009921808265976
0.032475852552730125
0.03543268283067222
0.02061567777120703
0.022356922268217342
0.03791313489716805
0.01977790919245679
0.01990932387147644
0.01879229909980944
0.019515079834417495
0.01989289703659898
0.6130330507917732
0.06166633812996914
0.008868913857677895
0.015902621722846386
0.008464419475655424
0.01243445692883892
0.007947565543071161
0.00823970037453183
0.7585992509363295
0.05122846441947559
0.007782771535580529
0.011033707865168505
0.00838951310861423
0.008741573033707853
0.008337078651685387
0.05229962546816473
0.03173033707865166
0.014474437708576055
0.03189773766974059
0.0152248178353508
0.04589166880590828
0.01789722425175911
0.014823298644708176
0.018910895651086407
0.5624559809903701
0.015356463471627078
0.014908868308287746
0.015567096489669112
0.016376717152768186
0.015395957162509945
0.1781955332635611
0.022623302594077264
0.021050494111276595
0.03113577907134156
0.021659672397454994
0.07289833491268442
0.024479942240873655
0.02195298046117056
0.02565317449573579
0.040882631650196254
0.02314877487478007
0.023442082938495597
0.022313975001128132
0.023803077478453175
0.022878028969811868
0.030233292721447584
0.5944677586751502
0.013878154951812877
0.21891947235268072
0.013065678483905694
0.01573430037849514
0.011896505030088031
0.013144944480774693
0.011771000535045473
0.08252250824036095
0.01246457800764916
0.013864943952334716
0.011619074041046572
0.011222744056701615
0.011632285040524723
0.5172238405696586
0.04103996987892122
0.018953580751333556
0.1460349887316179
0.019666974723154488
0.022293561619404306
0.0195210532289184
0.01965076122379491
0.02088298717512202
0.1153914749420367
0.018483389269906125
0.017867276294242573
0.019277850738524876
0.020007458209705394
0.02025066070009889
0.4531186666018128
0.06859931579032703
0.013848967859942536
0.09497575704787616
0.009668147373922147
0.009348779142351145
0.01044479284615163
0.010256075254768763
0.010103649507882603
0.03129082832505874
0.009254420346659712
0.01008187440118458
0.01100368725140088
0.009994773974392489
0.010401242632755582
0.5907804198240574
0.16854658421159605
0.009717828442602126
0.015263081342496666
0.009908730591614888
0.011545034726010005
0.009590560343260281
0.009454201665394023
0.01057234282389735
0.023380967964801318
0.009972364641285815
0.01169048398240068
0.009536016872113782
0.010072361005054398
0.009617832078833526
0.8222246463764945
0.02745354714374029
0.008168443737671305
0.012695847128444439
0.008785421934878388
0.009497988303483754
0.008959218610147996
0.008776732101114898
0.010019378329292564
0.028493964910451235
0.009054806781546267
0.008524726921973992
0.008637694760899227
0.009080876282836714
0.008498657420683545
0.786534233600109
0.07427200917646443
0.009238451935081124
0.34561210251891
0.00800470000734374
0.011228611294705117
0.013358302122347033
0.008966732760519914
0.008746419916281098
0.02803848131012697
0.008812513769552744
0.008731732393331844
0.008445325695821376
0.008041418814716877
0.00841595064992287
0.4446500697657335
0.07970918704560472
0.011468546482501996
0.6546196235597218
0.009715164960996236
0.011623607433383459
0.011283666117989482
0.009864262029151485
0.013376988954889204
0.10287101314439744
0.009601851189198244
0.0114148715379661
0.009363295880149839
0.009828478732794224
0.009917936973687376
0.05179035759440829
0.07326033540876455
0.01765877759183996
0.03895131086142323
0.018168778388716205
0.023571599330623944
0.020081281377002127
0.01888596700932342
0.017674715116742342
0.17238026934417094
0.01890190453422581
0.01950753048051634
0.018678779185592454
0.01654315084867316
0.01772252769144948
0.292421706908917
0.2888517013307832
0.028018074751693125
0.18710019555202007
0.0260073138665164
0.043231359031299356
0.03820445681835757
0.028327422580181855
0.03846961209991935
0.2077381149669107
0.028570481588280128
0.03287925491365881
0.02721156077027609
0.027863400837448753
0.027211560770276075
0.1487742092296135
0.11039298222354796
0.022012806572429617
0.046901051105473004
0.022496073456566353
0.022931013652289462
0.023800894043735633
0.02256856348918686
0.026217228464419443
0.13521807418146678
0.022133623293463786
0.0222061133260843
0.022882686963875767
0.02196447988401593
0.022616890177600543
0.39845354597076227
0.16759695541862996
0.012770181850999514
0.35703262488154874
0.013735842245386034
0.022480934975858468
0.013808041153377557
0.012815306168494214
0.013961463832859533
0.04458282568476149
0.013564369838906193
0.013347773114931632
0.012905554803483602
0.012688958079509054
0.012716032670005864
0.2737060601958394
0.16988403050403875
0.0612359550561799
0.076310861423221
0.0610486891385769
0.07930711610486897
0.06161048689138583
0.060674157303370946
0.06357677902621733
0.08455056179775286
0.05955056179775295
0.07705992509363302
0.06207865168539334
0.06095505617977538
0.06123595505617985
0.06685393258426968
0.06395131086142328
0.018706125539796507
0.023740815783549175
0.016679969709993615
0.017396287427600698
0.017355354986594573
0.01694603057653339
0.016250179079429362
0.025132518777757233
0.0167823008125089
0.01670043593049667
0.01680276703301196
0.016434375063956893
0.016823233253515014
0.14101225926608146
0.6232373467591744
0.0209205948186069
0.03882720563792297
0.020698978348070794
0.02247191011235952
0.02065465505396358
0.021563282583161557
0.024466458347184326
0.09627019480087755
0.02123085787735741
0.020499523524588333
0.021075726347982167
0.02100924140682133
0.020942756465660507
0.09387673691908781
0.5354918777563539
0.008865005699397485
0.01410193779514737
0.008760788145253218
0.008220159583129787
0.00964012375834554
0.00850675785702655
0.007458068718449768
0.6865526787168214
0.00870867936818108
0.008435108288552352
0.007998697280573192
0.008317863540140047
0.008845464907995438
0.17113173750203559
0.0344569288389513
0.013942425982120902
0.03208124880395853
0.014366166379616737
0.01373739030591325
0.013559692719866612
0.013190628502692812
0.014325159244375189
0.14116022854643365
0.013340987998578427
0.015104294813964315
0.013641706990349665
0.013477678449383542
0.012862571420760548
0.13032067579758883
0.544889144044397
0.016554307116104845
0.031235955056179734
0.015193508114856412
0.015755305867665402
0.026292134831460666
0.015330836454431947
0.022347066167290857
0.04349563046192258
0.0157553058676654
0.01664169787765291
0.015617977528089858
0.015705368289637932
0.01501872659176029
0.29313358302122333
0.4419225967540573
0.012267452569533962
0.01527598698348372
0.010978080677841198
0.012353410695646803
0.19273039847731332
0.011076318536255882
0.011862221403573374
0.021931601891078716
0.011727144348253178
0.011162276662368725
0.011813102474366028
0.011383311843801775
0.011100878000859554
0.5505249585559037
0.10381285687972001
0.011216748295399951
0.0496366721085821
0.007958001216428163
0.016972374275745016
0.43000736259163225
0.007868369666122458
0.008751880661993
0.03234418515317384
0.007279362335542092
0.007990012484394488
0.007497038957713095
0.007836358398156131
0.007701911072697571
0.3208169275585008
0.07612279522391861
0.004132288513896368
0.0066061334770650985
0.004367234683582781
0.004118468150973636
0.004086220637487262
0.004003298459950882
0.004187569965587286
0.011378765473047992
0.004362627895941868
0.0043534143206600505
0.004399482197069152
0.004187569965587286
0.004072400274564535
0.929635925572739
0.0061086004118468
0.01704230658422533
0.020831948230392444
0.017352569642975848
0.627595682911154
0.01659907364315315
0.017596347760565532
0.0169979832901181
0.021585444230215172
0.01801741905458411
0.018372005407441865
0.01653258870199234
0.018194712231012992
0.017529862819404725
0.03353057199211046
0.12222148350065387
0.017496579460176607
0.05680169161242173
0.017233992564644772
0.03550451234849426
0.018823334300758762
0.017800627444476694
0.020550879666100034
0.09183631162154325
0.017662423815249385
0.016805561314040117
0.017441298008485713
0.017579501637713015
0.018049393977085836
0.09968627776165394
0.5367276144671562
0.007455893491206488
0.014418433359043295
0.007740787837096015
0.008282781958544391
0.0074975853467025184
0.007490636704119844
0.007247434213726347
0.027106654715001406
0.0076087636280252596
0.0077755310500093764
0.0076365581983559375
0.007421150278293131
0.0070389749362462
0.0774217756561256
0.7978570386275042
0.018196138946488576
0.04913921975213385
0.01473212132902544
0.02349262992075359
0.02094484898169137
0.015037533555159069
0.01931330472103006
0.6480686695278969
0.014772307148253542
0.019321341884875692
0.013293469000659057
0.01555191204127889
0.014756232820562298
0.07476169809197732
0.038618572278214504
0.03652266964431096
0.068253192825738
0.0349640589015283
0.03812780608090809
0.033358922464931225
0.03973294251750521
0.05350454788657037
0.22797589969060408
0.03573173284946606
0.044641403214925414
0.0354758415334868
0.036383092562867786
0.037360132132970375
0.1583967245911555
0.11957103310303117
0.01343512916546621
0.3938154230289057
0.014337846922116548
0.015298184961106272
0.019043503313166187
0.013780850859502512
0.012561221549985563
0.02252953039469888
0.0124363776049169
0.013310285220397546
0.013934504945740866
0.013415922404686415
0.013800057620282304
0.2948141745894552
0.1334869874195717
0.007734414821709555
0.04893291669436872
0.00783192606874543
0.6693748199366182
0.010673049221018117
0.00797376060988853
0.010207654632892322
0.11504554218469519
0.007233561598297994
0.00942756465660529
0.007876249362852649
0.008053542539281526
0.008275159009817616
0.06087361212685326
0.020486226536356164
0.01293194827220695
0.021284714861140624
0.01163168680658614
0.011744753020987944
0.012423150307398803
0.011518620592184321
0.012027418556992466
0.022754575648364132
0.010953289520175276
0.011716486467387495
0.01109462228817754
0.01201328528019225
0.011391421100982287
0.11289661508020643
0.7136174121970185
0.010390238008940454
0.014578551004792434
0.010762756232129219
0.012786436309451931
0.010390238008940459
0.010108332326527343
0.010652007571181206
0.32173492811405113
0.010803028472473938
0.010843300712818683
0.010490918609802285
0.010299625468164805
0.010098264266441156
0.4468305746848699
0.09923080020941565
0.028032561339142434
0.05251089199724836
0.030115416953298186
0.042230375296185924
0.029714132844148908
0.030153634487502908
0.029580371474432515
0.27818543147596075
0.029828785446762998
0.03697546434304062
0.028720476954826886
0.028873347091645653
0.029675915309944224
0.05153634487502869
0.27386685011083056
0.006672331854089934
0.012641760824179827
0.006724787293194417
0.007627020845791481
0.007349007018537733
0.006651349678448141
0.006735278381015313
0.4528110869816087
0.0069031357861496475
0.006619876414985454
0.006635613046716798
0.0067877338201197904
0.006771997188388447
0.33334906996506447
0.1257199509017092
0.021719082302900258
0.027628780607155602
0.023017710274217517
0.041160860482186146
0.020702764760130207
0.022509551502832504
0.020890971712495047
0.6175070107089753
0.021436771874353038
0.021154461445805784
0.0209474337982045
0.022490730807596032
0.020853330322022082
0.05759132742363504
0.04038921197749044
0.014288389513108575
0.017340823970037403
0.01518726591760297
0.015674157303370746
0.01546816479400746
0.015374531835205948
0.014999999999999966
0.14127340823970044
0.01574906367041192
0.01541198501872656
0.015730337078651648
0.014981273408239664
0.014868913857677857
0.07003745318352056
0.6036142322097376
0.004640318323556736
0.005598025299425937
0.0046460189603178634
0.004725827874973631
0.0048227386999127805
0.004794235516107142
0.0047201272382125055
0.020220158591714686
0.004976655892463183
0.005067866080641207
0.0047201272382125055
0.004583311955945476
0.004703025327929125
0.9150605122592194
0.006721050741367811
0.006353071094524376
0.006871960670831079
0.006426247829644554
0.006925180114554849
0.006140193319629317
0.0061801079024221385
0.005953925266596143
0.009566195009346648
0.006412942968713617
0.006366375955455318
0.0060204495712508485
0.006266589498473257
0.006379680816386258
0.9072850766027378
0.006852003379434668
0.011924640798498112
0.015896376380909273
0.009764243058896794
0.011301993415032236
0.009943490032924848
0.009660468494985822
0.010915197313182225
0.27045538165454347
0.00990575382786631
0.011547278747912728
0.009688770648779719
0.010056698648100474
0.009717072802573619
0.4665421371899745
0.13268049698582052
0.011076840224229488
0.01161538273236882
0.01062397493329414
0.011627622334826535
0.010489339306259303
0.010648454138209563
0.01045262049888617
0.4642726004259375
0.01017110964235879
0.011480747105333988
0.01046486010134388
0.010685172945582699
0.010832048175075245
0.1637536412817313
0.24180558615456182
0.013594598447442456
0.01441105192903337
0.012518953384394101
0.016005080154996604
0.012557832121612721
0.012091287274989338
0.011534025374855856
0.021823931158715996
0.012609670437904211
0.012233842644790922
0.012415276751811128
0.012985498231017484
0.011896893588896267
0.03937120122338427
0.7839508572761552
0.03751359188111652
0.09200193306753669
0.037876042044219065
0.03980910958076615
0.03684909991542844
0.037876042044219106
0.03793645040473618
0.06765736377914722
0.039809109580766146
0.043675244653860294
0.03878216745197555
0.03908420925456103
0.038540534009907146
0.3472876646127832
0.0653014377189804
0.006563726930873638
0.008070897293875615
0.006654157152653758
0.008048289738430595
0.006895304410734071
0.006631549597208728
0.0064506891536484905
0.017422889396302904
0.006428081598203461
0.0069329836698091285
0.006375330635498392
0.006827481744398986
0.006450689153648489
0.8869546869230358
0.013293242601677475
0.010549701072417211
0.012794565798962454
0.010456649684788407
0.01310861423220971
0.010677646730406835
0.010142601251541145
0.010642752460046036
0.02215786167911227
0.010200758368809149
0.010712541000767652
0.010910275199478877
0.010165864098448338
0.010968432316746882
0.8306697373624589
0.015841998743806245
0.007187277585261403
0.01033754535802208
0.007589811800669702
0.007974844528451564
0.006627229981215048
0.0077064883848460275
0.007385627778361142
0.019951695894150977
0.007554808825416803
0.006860583149567702
0.007263117364976
0.007257283535767189
0.007257283535767187
0.8778454501965997
0.01120095208092686
