0.008721856300314268
0.010297472986353256
0.4406560764561534
0.009109303026389425
0.43581729734383745
0.009014593826682174
0.009160962589866116
0.00879073571828319
0.008730466227560373
0.009281501571311723
0.01444745791898058
0.008997373972189934
0.008635757027853116
0.009109303026389437
0.009229842007835031
0.006792569555912253
0.006525046816479401
0.9018024344569288
0.0069012506688068504
0.0067549491706795075
0.006600287586944891
0.008201243980738364
0.006826009898341365
0.00645816613162119
0.006717328785446761
0.009262974852862493
0.00669224852862493
0.006734048956661314
0.006813469769930445
0.006917970840021412
0.029408661708076204
0.035870654639447205
0.5828717624096639
0.028617397267500202
0.02948778815213381
0.02830089149126976
0.02761512897610387
0.028828401118320465
0.03025267711135735
0.02959329007754397
0.02830089149126976
0.031967083399272095
0.03101756607058086
0.027615128976103857
0.030252677111357335
0.008861145789984736
0.009443750866971837
0.8588819531141632
0.009438202247191012
0.01144125398807046
0.010109585240671378
0.010353724511027876
0.009427105007629352
0.009549174642807598
0.011624358440837835
0.01322236093771674
0.008744624774587319
0.009848800110972398
0.009427105007629347
0.009626855319739211
0.01618364498251723
0.015575549013917098
0.7735948145998317
0.015589369376839812
0.015796674820680787
0.01507801594869879
0.014912171593626023
0.01709578893541745
0.01506419558577606
0.02435147946985088
0.01409677018118493
0.016225106071285408
0.015368243570076138
0.015091836311621525
0.015976339538676266
0.0111555066906224
0.011173384105190707
0.8476129182197676
0.01086052935024537
0.010243758547638846
0.011521993689272664
0.011289587299884694
0.010994609959507653
0.010306329498627914
0.009680619988737227
0.012353293466698858
0.0116650130058191
0.010851590642961213
0.010047106987387483
0.010243758547638843
0.005971309448095569
0.006277530445433799
0.09371540291616616
0.005994864909429276
0.005859421006760442
0.005818198949426449
0.005959531717428711
0.006289308176100654
0.005706310508091325
0.0070725272654465175
0.8279214660919139
0.006248086118766657
0.005812310084093025
0.005924198525428145
0.005429533837420231
0.01370334326186754
0.012445073579285733
0.8107090546265984
0.013408436305012424
0.013359285145536576
0.01339860607311725
0.01366402233428686
0.014971443176344523
0.012848113086987713
0.01409655253767436
0.012749810768036017
0.014774838538441108
0.013084038652471803
0.013339624681746235
0.013447757232593113
0.03153952296471512
0.06842105263157897
0.4222156514882714
0.031381825349891604
0.0301399566331559
0.03116499112950916
0.031027005716538523
0.03506800709639265
0.033116499112950906
0.04689532820816085
0.10916617386162036
0.03023851764242064
0.03321506012221563
0.03205204021289177
0.03435836782968655
0.012683009874021116
0.016087844739530146
0.8144743313282627
0.013496387091892728
0.01367608670979458
0.013278855975485204
0.012872167366549407
0.014196269814247335
0.012058790148677794
0.0133545189724965
0.011444028297960903
0.01284379374267016
0.01315590360534182
0.01387470207694928
0.012503310256119261
0.02392973972407906
0.1435073247048784
0.5166880007585455
0.02456976248044374
0.025826103446641033
0.025577205708054798
0.02554164888825677
0.029298819513582684
0.027023183046508314
0.033115251505238696
0.02566017162091689
0.02365713743896076
0.024605319300241787
0.02499644431802019
0.026003887545631238
0.03005111853426463
0.04336218240712616
0.5060228768093936
0.028975604818301425
0.039882579208421885
0.02882376758781252
0.02516702095353781
0.02524293956878227
0.025407429901811933
0.033062556938961395
0.10360360360360352
0.028596011742079163
0.027887437999797548
0.025483348517056394
0.0284315214090495
0.016982196911395003
0.016571751064593923
0.04832999846082812
0.01623826381406802
0.016597403930018986
0.016674362526294187
0.01654609819916886
0.017520907085321443
0.01652044533374379
0.719460263711456
0.031732594530809094
0.01693089118054486
0.01667436252629418
0.017084808373095273
0.016135652352367778
0.015413425525785035
0.01594161144722938
0.032459425717852645
0.01601363680015361
0.015509459329684007
0.015917602996254637
0.015317391721886063
0.017070008643042308
0.014933256506290172
0.749111687313934
0.02849803130701999
0.016253721309901045
0.01553346778065875
0.01610967060405258
0.015917602996254637
0.0067476383265856945
0.007293514685590385
0.6395952427886195
0.006944760345115166
0.006570733950982325
0.0062169251997755874
0.2732212265033079
0.006505026611472507
0.006626332469029102
0.007253079399738182
0.007839391044595068
0.006161326681728812
0.006424156039768111
0.006125945806608138
0.006474700147083355
0.01017856966390956
0.010811024477977736
0.8508197207316702
0.01021809808978883
0.010524443390353081
0.010198333876849196
0.010386093899775694
0.01064302866799086
0.010613382348581432
0.010811024477977738
0.013064144753095574
0.01021809808978883
0.010909845542675892
0.009951281215103818
0.010652910774460685
0.018442348849652245
0.02148542001070092
0.741506153023007
0.01842562867843767
0.018475789192081326
0.017756821829855537
0.018007624398073827
0.02090021401819156
0.01800762439807383
0.01735553772070627
0.015750401284109164
0.01702113429641521
0.018910513643659702
0.01949571963616908
0.01845906902086678
0.007398349598935605
0.0075213990725145775
0.8960924101546577
0.00737527782263955
0.007598304993501433
0.007313753085850062
0.00746756492782377
0.007390659006836914
0.007829022756462006
0.007136869467580288
0.007175322428073717
0.00728299071745532
0.007629067361896176
0.007398349598935597
0.007390659006836916
0.012501438048855335
0.01509631731666478
0.4749779499175516
0.013626311820122475
0.01315335352993061
0.013025526965013894
0.013485702598714091
0.3394690084493361
0.013255614781863986
0.019327376615408228
0.016182843118456892
0.014559445744014545
0.013549615881172447
0.013677442446089172
0.01411205276680601
0.01906084213954526
0.01968649028531271
0.7625879549876157
0.016395409628125045
0.015795473049991866
0.01546122267074625
0.016318274925222198
0.01597545402343182
0.016781083142639198
0.016729660007370667
0.014869856615157839
0.017800975325465606
0.01704676934152676
0.017903821596002716
0.017586712261846618
0.00672863335418061
0.0071743334267865885
0.9021472679304432
0.006800520462665445
0.006498594607029136
0.007224654402725971
0.007598467366847107
0.00695867210133208
0.006937105968786629
0.007095257607453266
0.006850841438604828
0.006980238233877534
0.007145578583392657
0.007016181788119951
0.006843652727756348
0.015125324114088122
0.013864880437914109
0.7947517526169214
0.013360702967444507
0.016733890329395925
0.015101315663113376
0.013252664938058161
0.014321041006434228
0.015233362143474467
0.013828867761451993
0.015485450878709268
0.01571353116296934
0.01442907903582057
0.013852876212426736
0.014945260731777548
0.005896267436602104
0.006423858721489804
0.9183566980902362
0.005878874317320089
0.00565856147308127
0.005890469730174762
0.006041210097285537
0.00576292018877334
0.005954244500875474
0.005954244500875474
0.005757122482346002
0.0054614394545517975
0.005380271564569077
0.005855683491610738
0.005728133950209319
0.011064336695034177
0.010670623984170739
0.8370635088888213
0.01187195251218996
0.012003190082477773
0.012295950816196749
0.013032900249351394
0.011892142907618851
0.011821476523617728
0.010680719181885179
0.011518620592184304
0.011599382173899888
0.01131671663789535
0.011367192626467596
0.01180128612818882
0.008917424647761728
0.008000203826849095
0.8795977816844582
0.009070294784580496
0.008356900812759563
0.008773047296321772
0.008441828666547774
0.008560727661851257
0.008365393598138392
0.008637162730260647
0.008518263734957154
0.00857771323260891
0.00873907615480649
0.008942903003898186
0.008501278164199511
0.014964326266375137
0.01621841476434995
0.7904485908451526
0.015354110529259203
0.01547274052231087
0.0152863219618011
0.015388004812988248
0.014608436287220122
0.014811801989594416
0.014405070584845829
0.013371294931109834
0.015032114833833234
0.015235480536207527
0.015252427678072052
0.014150863456877959
0.007510279982190109
0.007385872554411884
0.8923548361750607
0.007791833634530279
0.00749718446347661
0.0076346874099683165
0.008485896126345573
0.007156700976925706
0.007673973966108805
0.0074906367041198555
0.007719808281606041
0.008282915586286384
0.007687069484822299
0.0076936172441790535
0.0076346874099683165
0.023632649271055805
0.027145819791376473
0.5934781935803384
0.02583031541152073
0.026000557154796194
0.026758906738477736
0.026681524127897996
0.03186615903674128
0.024839817996099932
0.03415668430990188
0.05941436840313248
0.024483857987433067
0.022255238802736256
0.026898195437521314
0.026557711950970404
0.014798786899206624
0.01474664789662574
0.794068319473046
0.014946514073185783
0.014077530696837771
0.012878333637477512
0.016997314841367087
0.015459214265231112
0.014199188369526494
0.020342900840306922
0.012339563944141749
0.013078199814037553
0.014164429034472568
0.013868974686514253
0.01403408152802037
0.0114677500030499
0.016487940562895688
0.8141492515463166
0.010107479656943454
0.013517305322743922
0.010229476997401437
0.02111773963327593
0.01377959960472856
0.011327453061523234
0.013614903195110304
0.020068562505337322
0.012638924471446471
0.010381973672973903
0.01051007088045478
0.01060156888579826
0.019638800445578797
0.018831846608601027
0.6602373496829196
0.02220877299160586
0.023419203747072553
0.02070012016595175
0.01834942855388604
0.02136673420519428
0.021577243901797192
0.026743502705926684
0.058828688963151965
0.025559385662535357
0.019533545597277355
0.02248068134971795
0.020524695418782674
0.017148981779206863
0.017413923913436182
0.7661403952454934
0.016534797740766154
0.01717306742777317
0.01698038223924275
0.016269855606536845
0.01534255813673423
0.01735370979202041
0.016041041945156983
0.01625781278225369
0.016474583619350402
0.01682382552356179
0.016871996820694377
0.017173067427773157
0.019099348563111258
0.017590571027921262
0.7466673766796242
0.018371585281431378
0.017927827182846086
0.01927685180254539
0.01728881552088326
0.019028347267337632
0.017697072971581726
0.017927827182846075
0.016933809042015014
0.018389335605374788
0.017874576211015843
0.018105330422280214
0.017821325239185604
0.02292935357520659
0.021657088944163336
0.6882951653944022
0.021328301455242046
0.019398461846356168
0.020970923749892796
0.021842925350944935
0.022900763358778643
0.022943648683420546
0.02068502158561341
0.02601709694942392
0.024687651885524804
0.020685021585613406
0.024430339937673354
0.021228235697744232
0.006902634505502941
0.0062123710549526505
0.9069806087101018
0.006295458322148522
0.006423284887065241
0.006563894108473632
0.006404110902327735
0.0064744155130319276
0.0064935894977694395
0.008046682261507584
0.006634198719177828
0.0069729391162071394
0.006800373253569567
0.006499980826015275
0.006295458322148518
0.02741254283209815
0.024603554068053198
0.6081560283687949
0.029902781098095427
0.027352777113714224
0.030540282094190758
0.025938321778627777
0.026396525619571252
0.029006295322336412
0.028050043828193472
0.027213323770818348
0.02739262092597018
0.02832895051398518
0.030978564029006256
0.028727388636544754
0.014065751144402816
0.015647107781939232
0.7992231932306837
0.015189346650020797
0.01432931058399222
0.013927035649882085
0.014814814814814808
0.013885421001525861
0.01453738382577333
0.013594118463032307
0.01334443057289498
0.013940907199334156
0.014440282979608808
0.013857677902621716
0.015203218199472861
0.006588525140916044
0.007266664178083042
0.12227655629798304
0.006768947453556805
0.006681847026764716
0.007117349160725172
0.0069742556024238785
0.008044346560155298
0.006930705389027836
0.009176652108452484
0.7848681672825892
0.007428422113554068
0.006588525140916042
0.006731618699217335
0.006557417845633158
0.028944402021744725
0.0344351114504928
0.45798334606014307
0.030398894585651502
0.02934438747681911
0.03087160466892122
0.029708010617795794
0.03358059706919756
0.03147158285153276
0.02914439474928192
0.13839496745572885
0.03247154648921865
0.028617141194865695
0.033380604341660375
0.03125340896694675
0.04576098059244135
0.04562478719782098
0.3599591419816138
0.0446033367381683
0.04766768811712645
0.04542049710589045
0.04555669050051081
0.04508001361933955
0.04651004426285338
0.04412665985699704
0.05236636023152885
0.04371807967313593
0.044126659856997014
0.045965270684371916
0.04351378958120539
0.007379589529260934
0.007515874698405973
0.8920722412348453
0.00788939701384052
0.007581493483549877
0.007793492635553269
0.00753606509383487
0.008050920177271673
0.007833873426411056
0.007207971168115333
0.007006067213826389
0.008363871306419544
0.007460351110976514
0.007859111420697175
0.008449680486992345
0.016741893146387483
0.015525464963667173
0.7710073946029007
0.016293735394858948
0.016693876244438
0.015637504401549308
0.01586158327731357
0.015781555107397763
0.016581836806555866
0.015749543839431442
0.018566535420467954
0.016885943852235942
0.015925605813246223
0.015909600179263062
0.016837926950286457
0.04419068555609837
0.05864272919719915
0.32924198013352907
0.04498453020680671
0.038715192965315094
0.04467920534114965
0.038348803126526616
0.06784318514899856
0.04471991532323725
0.043213645985995794
0.06092248819410514
0.05129457743038593
0.044984530206806754
0.04358003582478423
0.04463849535906208
0.0060934803282730425
0.00577060805654374
0.9170629190001519
0.005629718337970955
0.006234370046845833
0.006099350733213573
0.006169795592499969
0.0058704049405327976
0.006040646683808247
0.006046517088748783
0.005617977528089887
0.005547532668803489
0.006017165064046112
0.005694292792316813
0.006105221138154105
0.010080619564527368
0.009687043737700721
0.861131213102266
0.00985209166507964
0.010791595251698058
0.010194883514251222
0.010080619564527365
0.009509299815908047
0.009864787659493402
0.009763219704183295
0.009890179648320918
0.009902875642734704
0.0093569478829429
0.010004443598044789
0.009890179648320927
0.011128605167108029
0.012309453946897626
0.41985734392518903
0.011927765452420174
0.012392948305064561
0.01215439299601616
0.01130752164889433
0.4163028698203679
0.012571864786850871
0.015744650397194623
0.016281399842553543
0.011963548748777442
0.011748848970633878
0.012428731601421831
0.011880054390610495
0.026727062376218164
0.03886503127634956
0.5751710884954017
0.02813891013196851
0.02766829421338506
0.029138968958958338
0.03047238072827813
0.04027687903209988
0.028001647155715015
0.03431574406337626
0.029609584877541777
0.028119301135360885
0.029491930897895938
0.026374100437280605
0.02762907622016978
0.03701598682580619
0.05169122254769077
0.4676838776432184
0.032731459216834916
0.03261487343155679
0.038852212943936724
0.037307451289001495
0.028505224500502715
0.02965650913012424
0.06893134554569418
0.041402526996895804
0.04370509625613885
0.030778647313426236
0.03273145921683491
0.02639210714233661
0.008844485290484524
0.009190359016928058
0.8742304309586628
0.009121184271639356
0.00879507475813545
0.00928918008162621
0.009150830591048794
0.009259533762216759
0.008696253693437296
0.009081655845760084
0.008844485290484533
0.009318826401035653
0.008548022096390075
0.00873578211931656
0.0088938958228336
0.034567446429667775
0.08012525326947874
0.4653097562473137
0.03791367348191805
0.03677779824399822
0.03373856449929386
0.03472094308344073
0.03426045312212189
0.034475348437404005
0.03659360225947069
0.03416835512985813
0.032203597961564384
0.03637870694418856
0.03493583839872287
0.03383066249155762
0.010778937042981987
0.00980916711253789
0.5336186909220618
0.011091046905653648
0.011726413411806677
0.01079008382379169
0.01079008382379169
0.01062288211164615
0.011302835741037994
0.010556001426787944
0.012350633137149998
0.32554173354735133
0.01022159800249688
0.010756643481362578
0.010043249509541644
0.014958846352239367
0.012088183184193425
0.6838682186189425
0.014622440512233973
0.013261865781545541
0.016446507733596485
0.013560893194883657
0.1163964206418623
0.015983015242922418
0.019907750042985194
0.01759776327494825
0.016543691642931378
0.014749527162902672
0.014457975434898001
0.015556901178915587
0.009113910275593785
0.009132047410470585
0.8668734300042619
0.009766847131158702
0.009059498870963363
0.009313418759238622
0.009531064377760263
0.010038904154310756
0.009621750052144273
0.00911391027559378
0.009848464238104324
0.01083693808889011
0.009385967298745834
0.008959744629140945
0.009404104433622627
0.004139275735674565
0.005137785233315361
0.9293164203979153
0.004800107475931379
0.004858202573975937
0.004622191238169932
0.0047311195470034675
0.0051976958031738065
0.004464245190361292
0.004850940686720368
0.005352010907354649
0.008805038297377913
0.004438828584966807
0.004609482935472682
0.004676655392586699
0.018016272762495133
0.016518145421671175
0.7479788195789744
0.019914761720263435
0.017163889965129773
0.017990442980756794
0.018610357742477043
0.017861294072065076
0.018868655559860503
0.018145421671186854
0.017267209092083152
0.01716388996512977
0.01836497481596278
0.016828102802531306
0.01930776184941234
0.00472566851791042
0.004620970927382701
0.9308472414564396
0.005130181935858446
0.004925545736190622
0.0050302433267183436
0.004782776294561907
0.005015966382555478
0.004787535275949534
0.005182530731122307
0.005230120544998545
0.005058797215044088
0.004868437959539135
0.005063556196431714
0.004730427499298045
0.01235381793166706
0.012974852862493318
0.8210846136207306
0.012439807383627615
0.012239165329052974
0.013194603684170306
0.012506688068485827
0.012716884506611648
0.012325154781013543
0.012917526561186285
0.015038599709546756
0.012592677520446393
0.012544905602690525
0.012382481082320583
0.012688221355958125
0.004632367435442535
0.004997864511465929
0.9349292003416785
0.0047678888231815495
0.004459885669229248
0.004771995531900913
0.004381858203561334
0.0046118338918457145
0.004480419212826071
0.004706288192391084
0.004234016689664234
0.005006077928904658
0.004648794270319995
0.004422925290754977
0.004948584006833561
0.013146067415730303
0.022022471910112286
0.44652434456928813
0.015198501872659143
0.01476404494382018
0.014966292134831426
0.013835205992509321
0.015056179775280855
0.014382022471910068
0.020808988764044894
0.35344569288389494
0.013565543071161017
0.013543071161048645
0.014269662921348276
0.014471910112359515
0.009215630998885803
0.009752594203482198
0.4507269139382226
0.009074678157679237
0.011813190501120906
0.009517672801471271
0.008833044715610854
0.009316311599747622
0.008980709596874874
0.009739170123367296
0.010826520612675009
0.42590578980575367
0.008343065791416632
0.00908139019773669
0.00887331695595559
0.010141169691731466
0.010234802650532964
0.6651613367905497
0.011034284067991909
0.011488043791414552
0.19534716220109483
0.011019878997407064
0.009608182080092169
0.010133967156439045
0.010616537021031379
0.01089023336214345
0.011603284356093318
0.010407663497551114
0.011430423509075166
0.010883030826851027
0.01270952293240004
0.012463928286363312
0.8214117598903008
0.013098381121958179
0.012392296514602611
0.013292810216737247
0.013282577106485716
0.012392296514602611
0.01282208714516687
0.012075070096805196
0.013343975767994887
0.012668590491393919
0.012740222263154619
0.012944884468185223
0.012361597183848027
0.009646215611780232
0.009363295880149803
0.8676407188855654
0.00974052218899037
0.009801147845768325
0.009929135343410661
0.0094171853528413
0.009255516934766787
0.009578853770915847
0.009760730741249703
0.008528009053431403
0.00930267022337186
0.009235308382507468
0.00879072023280251
0.010009969552447928
0.014234284706443811
0.01519914511293015
0.7925757622915957
0.015365142602218137
0.015219894799091156
0.014721902331227239
0.014638903586583249
0.01598763318704804
0.015448141346862123
0.014358782823409787
0.012999678379864495
0.013269424299957457
0.015375517445298631
0.015686762737713588
0.014919024349756704
0.023455529073506596
0.02892218060757389
0.0784057806529716
0.024004085801838635
0.02252865736011805
0.02564975598683464
0.02372034956304621
0.021980100631786032
0.023171792834714194
0.5829644762229036
0.051413006469186236
0.02135588090644271
0.02379601256005754
0.02496878901373285
0.023663602315287732
0.00676755212054298
0.48282998852590336
0.4304128509882878
0.00603147799354854
0.006732913338096179
0.005962200428654946
0.00734342187872098
0.006810850598601477
0.006213331601394223
0.006659305925396741
0.009413089129917106
0.006512091099997851
0.006230650992617627
0.006096425710636285
0.005983849667684197
0.015101036495078785
0.02149203031094848
0.7439900705513457
0.016962808117759746
0.015416775542200127
0.017768487065586584
0.01665795662398744
0.018334639839735177
0.017245884504834046
0.022145283511889154
0.027697935719884992
0.015667189269227368
0.017430972911767238
0.016048253636442782
0.018040675899311878
0.014770269557419446
0.014361449596455151
0.7946668776705168
0.01479664503877198
0.015627472701376828
0.014809832779448256
0.014071319301577288
0.014941710186210917
0.015126338555678668
0.013860315450756996
0.01387350319143326
0.013820752228728196
0.014612016669304237
0.01507358759297359
0.015587909479348017
0.02488203944465191
0.02293583172092288
0.615012955859555
0.02186089140839811
0.0251649184742637
0.023693947520282435
0.023841044615680564
0.025900403951254328
0.026296434592710794
0.021170666576145376
0.055998732701947405
0.02493861525057426
0.026364325559817638
0.033821016780384086
0.02811817554341063
0.024554053196216563
0.05960769377261473
0.5604265854123027
0.02605218053704055
0.02375420554814954
0.02648384434710845
0.023474893671046767
0.025417380816352395
0.022789309972703578
0.02948009902875641
0.0786516853932584
0.02338602171015042
0.025772868659937758
0.024693709134767948
0.0254554687995937
