0.017565762095626075
0.01756576209562605
0.3845193508114841
0.019252250476378196
0.017631469435135896
0.01846376240226033
0.017762884114155535
0.017631469435135876
0.38103686181746366
0.018595177081279973
0.017894298793175174
0.018310445276737388
0.01802571347219482
0.01739054252359986
0.018354250169743923
0.007778140395045591
0.00774705891494551
0.7970612460565374
0.010373443983402465
0.008120036676146497
0.009549784760750283
0.007669355214695305
0.008345377406872094
0.09730834382333296
0.007731518174895469
0.007599421884470122
0.0076382737345952224
0.007583881144420079
0.007816992245170696
0.007677125584720325
0.04006619632436199
0.03836773800191617
0.12503266266004692
0.0465116279069767
0.03915164184304501
0.03841128821531222
0.038977440989460835
0.043898615103213946
0.34004006619632476
0.04128560229945121
0.04294051040850093
0.03958714397700545
0.04311471126208513
0.04307116104868911
0.03954359376360943
0.009675405742821486
0.010611735330836475
0.7171579879988723
0.013189158712899229
0.010259353227820085
0.010803028472473948
0.010329829648423364
0.010943981313680504
0.14501026942128792
0.009816358584028045
0.010329829648423362
0.010460714429543733
0.01023921710764772
0.01028955740807863
0.010883572953163405
0.0225749063670412
0.019485018726591752
0.0383239700374532
0.03539325842696629
0.020561797752808978
0.02679775280898874
0.02031835205992507
0.020421348314606715
0.6638014981273409
0.019466292134831444
0.023305243445692864
0.020589887640449434
0.027996254681647924
0.021694756554307103
0.0192696629213483
0.010993057840878787
0.01105574099321451
0.019369094071740815
0.012552301255230089
0.011290802814473505
0.010640465108990301
0.011016564023004686
0.01169040791061379
0.8363813016156582
0.010522934198360806
0.011118424145550244
0.010695312867284062
0.010609123532822423
0.011141930327676148
0.010922539294501083
0.009639204912354855
0.009345684665328204
0.7564603806370566
0.010789804280699278
0.009052164418301584
0.01023798621628919
0.00933394385544715
0.009944465969262547
0.11877003275685957
0.009404388714733536
0.00962746410247379
0.009087386847944776
0.009404388714733545
0.009427870334495674
0.009474833574019932
0.0181568813630849
0.01735506672996783
0.11077702168064574
0.024244342459249946
0.018948145803660946
0.021448541435881242
0.017523869810624055
0.018336234636282124
0.3223822334757609
0.016922508835786255
0.017217914226934646
0.017017460568655385
0.019802711399483072
0.018716041567758638
0.3411510260062247
0.026685393258426972
0.025914298303591096
0.25841319673936985
0.20870511125798627
0.025638907248292583
0.024413417052214146
0.02532220753469927
0.027084710288609832
0.21912866270103556
0.025446133509583604
0.023807556730557417
0.02574906367041201
0.03166997135933027
0.026051993831240364
0.025969376514650817
0.008430984874057648
0.008085386828695905
0.022672839208500144
0.00814164697561525
0.008302390252527698
0.008238092941762722
0.00877658291941941
0.00790856922409222
0.8710437060969931
0.007643342817186691
0.008133609811769636
0.008599765314815723
0.008334538907910192
0.008109498320232765
0.007579045506421705
0.012275625367955643
0.011749527137900395
0.017661869151854546
0.020906141570528534
0.012012576252928018
0.011411321132864884
0.012250573071286344
0.015757894604987964
0.375909711522804
0.4489872609071436
0.012425939147971417
0.01166184409955785
0.012977089674695965
0.011937419362920126
0.012075206994601262
0.008972597203136338
0.009170191936338539
0.3560028381788949
0.00937676824832266
0.009897699817673916
0.010328815599205995
0.00902648667582785
0.01012223928722188
0.5194585904310262
0.00943963929979609
0.009197136672684295
0.009251026145375806
0.010697060329264641
0.0096911235056898
0.009367786669540744
0.023453692592996653
0.023890040362168682
0.061561397767354066
0.03454419839278582
0.024217301189047715
0.024144576560852365
0.023962764990364024
0.04305297989164042
0.594232936984109
0.025671793752954492
0.024180938874950042
0.024144576560852376
0.02516272135558711
0.02403548961855937
0.023744591105778007
0.008475321341281148
0.007956603541347963
0.43470309999824136
0.010312813208841072
0.008387403070106037
0.009653426175027704
0.00826431749046087
0.008290692971813406
0.45546060382268644
0.008273109317578383
0.008466529514163643
0.008158815565050737
0.007859893443055339
0.0077455996905276825
0.007991770849818012
0.012066870054815581
0.011918049458044984
0.016891137733462305
0.011756827144876842
0.012166083785995974
0.010963117295433686
0.012054468338418028
0.011434382518540565
0.8283478433415191
0.011397177369347922
0.012265297517176386
0.012352109531959216
0.011570801398913606
0.012240494084381277
0.012575340427115103
0.016237846014956862
0.01495687394014811
0.1616830753089581
0.017738413302589975
0.014664080323048962
0.022606107186863254
0.0155302614403006
0.01832400053678827
0.6240285961766038
0.015640059046712777
0.015359465163659434
0.015945052397857724
0.017592016494040408
0.013993094950530083
0.01570105771694177
0.010960564000881226
0.010707204230006581
0.1751046486010133
0.012337519277373843
0.010497907027979704
0.011456267900418565
0.01080634500991405
0.01032165675258865
0.6810861423220969
0.010310641110376708
0.011224939413967804
0.010508922670191646
0.011841815377836497
0.011092751707424513
0.01174267459792903
0.021522204387372935
0.020920278223649003
0.02598983413590157
0.05012038523274485
0.023047084002140183
0.02328785446762978
0.02208400214018193
0.024331193151417897
0.6579721776350996
0.019609416800428027
0.02291332263242377
0.02136169074371323
0.021535580524344577
0.021923488496522207
0.023381487426431258
0.05778491171749583
0.0597467451400034
0.0751738897806313
0.08311039771713928
0.059479222400570554
0.05992509363295864
0.05930087390761531
0.09184947387194585
0.09862671660424478
0.06046013911182436
0.05751738897806298
0.060103442125913877
0.05805243445692868
0.05894417692170486
0.05992509363295864
0.010262543108243387
0.010614825527496546
0.011894166944784339
0.010142025438498885
0.01102273148663179
0.00964141357956019
0.010457225497830663
0.009993695998813355
0.8532929135610191
0.010160566618459578
0.010549931397634127
0.010902213816887281
0.010132754848518532
0.010688990247339323
0.010244001928282703
0.016354556803994995
0.014898044111527243
0.04182965737272855
0.3276182549590791
0.016652795117214576
0.015688722430295447
0.01666666666666665
0.018497711194340398
0.4305312803440146
0.014877236787349132
0.016846996809543612
0.017006519628242456
0.018636426688861136
0.01588292412262449
0.018012206963517814
0.016029491437589853
0.016029491437589853
0.0250630108590677
0.01957458836831323
0.016076602360257274
0.016335712434928068
0.016535933856264607
0.01632393470426121
0.7611593998068459
0.014993051138906612
0.016641933432266325
0.016583044778932042
0.01610015782159099
0.015605493133583066
0.016948154429604564
0.008621189457450669
0.008424067438921183
0.01714961561206388
0.01030832202780583
0.007983441750443555
0.3820978420936676
0.008818311475980127
0.009386486705859187
0.49627787247364935
0.008882086246680842
0.008342899548938465
0.008400876613211832
0.008360292668220476
0.008250136246101065
0.008696559641006036
0.013630968879034047
0.014043167103738926
0.07902124242230417
0.022727757286314314
0.014824922357489586
0.02273486415225748
0.013368014839136102
0.016722455564320688
0.719037161802017
0.012763931233965155
0.01443404473061425
0.014114235763170809
0.014320334875523245
0.013950777846477495
0.014306121143636875
0.012205817108779334
0.01227804087865376
0.02782678676447828
0.012205817108779339
0.012597889002383393
0.011535167817088169
0.013062184665861905
0.01174152144530082
0.8127444000784144
0.011452626365803095
0.012133593338904887
0.012463759144045166
0.012412170736991992
0.012484394506866428
0.01285583103764923
0.020416552480131474
0.021170183611948425
0.09842879327669683
0.030944551018543844
0.02112450899789892
0.026719649218964022
0.020073992874760152
0.5955056179775283
0.0407645930391888
0.02137571937517122
0.02110167169087414
0.02066776285740379
0.020759112085502813
0.020211016716908694
0.020736274778478066
0.00730704266725415
0.007031651611955626
0.016284791069986006
0.006639984333308839
0.007251964456194446
0.008084257423318872
0.006792979364030239
0.007282563462338724
0.891220533157083
0.00657266651979142
0.006970453599667066
0.007203006046363597
0.006719541749283966
0.007594673325010385
0.007043891214413339
0.012174655098847999
0.01235480965249139
0.15242023420091966
0.017323282605603806
0.012383255108329822
0.01287630967619594
0.012534964206134779
0.012212582373299242
0.6772104489641116
0.014573555207888916
0.01214620964300957
0.013359882425449245
0.01304698241122652
0.01238325510832982
0.012999573318162462
0.021589599539037777
0.021913713627196775
0.05790838375108038
0.43411480841256117
0.020293143186401633
0.019878997407087304
0.022111783347738414
0.025190867185249235
0.24909968308844715
0.02162561221549987
0.020725295303947008
0.021571593200806684
0.020761307980409146
0.020905358686257574
0.022309853068280063
0.010984910166639526
0.011005265157683318
0.028089887640449458
0.020341421049774742
0.010333550453237798
0.010564240351734231
0.010252130489062579
0.01125631004722358
0.311438147967215
0.01062530532486565
0.010265700483091786
0.01025891548607718
0.5229061499212942
0.010917060196493512
0.010761005265157683
0.01294114064736155
0.012849791419262537
0.016716908742121134
0.014539752139094444
0.013276087817057976
0.013656709600803892
0.012956365518711377
0.013154288846259273
0.8132821777655981
0.013336987302457306
0.012956365518711389
0.012545293992265786
0.012712767577113994
0.012788891933863181
0.012286471179318555
0.01208167210341909
0.011840038661350716
0.022498758272589375
0.012215912904568194
0.011880310901695444
0.01163867745962706
0.011584981139167424
0.011088290174915753
0.8252050528237548
0.012551514907440952
0.011450740338018335
0.011638677459627067
0.011638677459627067
0.011195682815835037
0.011491012578363052
0.02348965966454973
0.023367529718286886
0.17975492590783249
0.024303859306301877
0.022532975085490934
0.023530369646637326
0.02294007490636703
0.021901970363133016
0.5189301416707377
0.022797589969060412
0.02357107962872494
0.022634750040709976
0.026095098518156636
0.022248005210877685
0.021901970363133037
0.013325660983070366
0.014052515218510569
0.03052787788848845
0.012336331607054527
0.014446227929374016
0.019705825938601016
0.013961658439080529
0.013204518610497014
0.7877282776583178
0.012790615504204662
0.014123181602511697
0.014012134427652773
0.012719949120203525
0.013436708157929295
0.013628516914503779
0.011076758079246608
0.011579485374825112
0.01629674316500351
0.010900803525794128
0.01115216717358337
0.012735758154655694
0.011001348984909816
0.011671652045681177
0.8352311288741429
0.011202439903141232
0.012065455093884346
0.011378394456593709
0.011277848997478001
0.010800258066678416
0.011629758104382977
0.02221136622699887
0.021722846441947566
0.39283504315258155
0.06148835694512292
0.02294414590457581
0.022911577918905753
0.022748737990555302
0.021250610649731338
0.27673017423872326
0.022830157954730517
0.022699886012050172
0.021967106334473248
0.022846441947565545
0.02255333007653479
0.02226021820550401
0.005241575371609469
0.005054543244165776
0.006536772854157036
0.006723804981600728
0.005171438323818084
0.00500310940911876
0.005152735111073715
0.005690452477474329
0.9240462530451183
0.005222872158865099
0.00536782205763396
0.005194817339748545
0.005386525270378329
0.005190141536562453
0.005017136818677037
0.00900772768216947
0.008794386763381245
0.7410870905039589
0.009624045892002121
0.009149954961361622
0.00875882994358321
0.009031432228701498
0.008758829943583209
0.1425828473901295
0.008545489024794985
0.008995875408903457
0.00869956857725315
0.00891290949604137
0.00899587540890346
0.009055136775233522
0.008578348920137225
0.008611989504137763
0.012671286640202692
0.7931552625086903
0.008555921864136874
0.008645630088138305
0.008802619480140812
0.009161452376146555
0.09040346273744637
0.008937181816142968
0.008634416560138124
0.008376505416134002
0.008499854224135975
0.008611989504137765
0.00835407836013364
0.008299536821576579
0.008487910821532248
0.8242248963943001
0.008299536821576576
0.00853223411563947
0.008598719056800291
0.008155486115728123
0.008687365645014726
0.06691709327837243
0.008221971056888943
0.008321698468630179
0.008255213527469359
0.007856303880504402
0.008221971056888943
0.008920062939077624
0.008606045721536577
0.0083399848549968
0.603262315548188
0.010263809582284403
0.00881070792656718
0.008534413949775875
0.008237653752481507
0.008718609934303406
0.2844702318822784
0.008380917296002925
0.008432082847260571
0.008247886862733035
0.008595812611285046
0.008339984854996808
0.00875954237530952
0.010394615426369226
0.01059816533680726
0.013990663844107912
0.014655593551538833
0.010462465396515233
0.010828855235303705
0.01091027519947892
0.011045975139770948
0.8435651088313517
0.010720295283070079
0.010177495521901983
0.01073386527709929
0.010883135211420515
0.010340335450252409
0.010693155295011681
0.011190694411441878
0.010692827319325152
0.6486076694162496
0.011835658598956737
0.011088857960781644
0.011122803444335057
0.010805978931169864
0.011914864727248026
0.20530228453104263
0.011235955056179777
0.011541464408160479
0.011360421829208944
0.011303846023286586
0.010817294092354338
0.011179379250257408
0.017666170299174215
0.017869229727900372
0.03993502098280762
0.023475926176616552
0.017395424394206035
0.01874915391904696
0.018399440458463052
0.5951671855963176
0.14509724290420112
0.015940165155002045
0.01689905690176435
0.01865890528405756
0.018455845855331436
0.01754207842606382
0.018749153919046975
0.005087019833018583
0.0050679435086447636
0.8445406739029523
0.005513057744033886
0.005099737382601128
0.005315935725504419
0.004947126787610569
0.005850072807971366
0.08814533615662935
0.005080661058227309
0.004991638211149485
0.005137890031348763
0.005271424301965503
0.004870821490115292
0.00508066105822731
0.06038183977345387
0.06166072896684013
0.06942541335525695
0.0819402576048231
0.05818945829907732
0.05882890289577049
0.0615693797387411
0.09089248195852723
0.10240248469900415
0.05910295058006753
0.0581894582990773
0.06029049054535484
0.05892025212386949
0.059102950580067516
0.05910295058006753
0.012034137655799056
0.012417879290231427
0.7845367470989134
0.014090992816356554
0.01215693497881741
0.012678823601645435
0.012110885982685534
0.013722600847301484
0.05212746362129309
0.012509977282495192
0.012218333640326597
0.012341130963344955
0.012556026278627076
0.012540676613249783
0.011957389328912583
0.006457160337657422
0.00667212342188161
0.7551405114467834
0.0075650470025051715
0.006548106257906116
0.006515035014179316
0.006308339740886828
0.006680391232813309
0.1582459012327306
0.0065811775016329154
0.00653157063604272
0.00669692685467671
0.006812676207720506
0.006556374068837815
0.00668865904374501
0.01906915136567091
0.018772266374349093
0.1389193386315886
0.025897506166072864
0.020005480953685886
0.020416552480131512
0.018521055997076784
0.4809536859413537
0.14063213665844532
0.018612405225175793
0.02000548095368588
0.019777107883438328
0.020188179409883943
0.019091988672695678
0.01913766328674519
0.03796977915536619
0.03777605579232862
0.34366524602867105
0.042231693142193
0.03919669378793757
0.037840630246674486
0.03874467260751653
0.03951956605966687
0.15452666924964487
0.03796977915536614
0.0374531835205993
0.039002970424899974
0.03816350251840378
0.037905204701020295
0.03803435360971204
0.007656652588519657
0.008094934523335167
0.17672722926129558
0.010751188673732284
0.007669933859271645
0.00851329455202271
0.007776184025287524
0.007729699577655569
0.7182046378197462
0.007271495736712074
0.00786915292055142
0.007769543389911531
0.008387122479878857
0.007842590379047455
0.007736340213031568
0.010766662154234927
0.010739587563738101
0.5914263796760082
0.018573169080817638
0.011037408059203113
0.011542800415143726
0.011037408059203106
0.011181805875186145
0.2594016515500202
0.010378593023780526
0.010495916249266737
0.010920084833716898
0.010757637290735972
0.01129010423717341
0.010450791931772039
0.009940226232361068
0.010091552226383691
0.017544357431997885
0.011321075927817507
0.010545530208451564
0.009978057730866727
0.011122460560662822
0.009372753754776223
0.8496387091892708
0.009145764763742282
0.010044262853251617
0.010119925850262943
0.009978057730866722
0.010583361706957216
0.010573903832330808
0.017731000805954578
0.017414940185527576
0.07531724584775364
0.023720349563046205
0.017794212930039986
0.43763333807424265
0.018932031163577185
0.023230455601384373
0.26274119376096344
0.01776260686799728
0.016767015913652226
0.017351728061442195
0.018252500829659107
0.01678281894467357
0.018568561450086132
0.015374300642715128
0.016769162004284768
0.026217228464419477
0.06461830119757708
0.016869345416994194
0.017709344800480878
0.01597540111897166
0.0244524591174612
0.6996038901989798
0.015559254635409444
0.01551301613723588
0.01653026309705462
0.023543101986714134
0.015936869037160347
0.015328062144541542
0.013015203679486147
0.012001031964201504
0.019295951319757653
0.012428051633795045
0.01237467417509585
0.011698559698239422
0.011840899588103937
0.011823107101870877
0.8228402145773837
0.0126682501979414
0.011858692074336997
0.012570391523659543
0.011894277046803124
0.011814210858754334
0.011876484560570055
0.011771000535045447
0.012573568753344004
0.02641272585092803
0.025959995061118592
0.01181215787957358
0.012244309997118957
0.011452031114952436
0.0114726097872165
0.8048833189282631
0.012295756677779119
0.011987076593818138
0.011421163106556336
0.012285467341647089
0.011513767131744628
0.011915051240893907
0.017945194406272715
0.017877832565408317
0.02367095087974563
0.42917576051518297
0.017473661520222006
0.021165090399590428
0.01895562201923852
0.02407512192493197
0.31711260205318903
0.01794519440627271
0.01843019966049629
0.01892867728289278
0.01894214965106564
0.018511033869533577
0.01979090884595694
0.0520154003300071
0.048898666876195006
0.10214504596527071
0.06047510541892568
0.050548702234095494
0.048793902726487044
0.053115423901940774
0.09381629606348713
0.1606820146145988
0.04727482255572147
0.051570152693748254
0.056755978104292795
0.06023938608208278
0.056179775280898944
0.05748932715224856
0.01491006963728796
0.01404138363167712
0.38757636604434587
0.014554050782529424
0.014112587402628819
0.015365773771378908
0.014497087765768055
0.01371384628529925
0.4201449708776575
0.016220219022799427
0.01466797681605215
0.014767662095384554
0.015337292262998226
0.01496703265404933
0.015123680950143084
0.013478218016952504
0.013330376503055392
0.10428986792824753
0.011346836191602596
0.013022373349103094
0.01509215454366252
0.013663019909323875
0.012541888428937515
0.7247191011235955
0.012923812339838357
0.012911492213680266
0.013120934358367826
0.013170214863000199
0.01319485511531638
0.013194855115316389
0.007962412023531014
0.008126089175163448
0.01263202487892706
0.008838566188151717
0.008241625988080467
0.007673569991238472
0.008347534733254398
0.008164601446135794
0.8818443526568647
0.008029808497732608
0.00779873487189857
0.008251254055823548
0.008357162800997476
0.00794315588804484
0.0077891068041554875
0.008606263447286629
0.008516614869710728
0.6831420830345046
0.009662124472069478
0.008606263447286634
0.009014662522910184
0.008556458681966684
0.008865248226950343
0.20381106064228216
0.008167981512471112
0.008426966292134831
0.008705872977926523
0.008158020559407127
0.008327356761494932
0.009433022551597727
0.00706486833654466
0.00648755529576471
0.041054173612464155
0.8060372511239565
0.006588585077901205
0.006660749207998698
0.00681229388120343
0.007454554639071131
0.07041054173612461
0.0076782634423733535
0.006617450729940198
0.0065958014909109535
0.0067834282291644385
0.006978271380427672
0.006776211816154686
0.009035033420244703
0.009410190517279085
0.021371449294392025
0.42914220329763064
0.009272632915033142
0.009854126415436436
0.009535242882957212
0.009616526920647996
0.43677665022228085
0.009122570076219392
0.009047538656812515
0.009610274302364092
0.009672800485203152
0.008497308247828754
0.01003545234566972
0.021851519955883345
0.022701684244387767
0.1166103720043198
0.02539004158911788
0.02286252613680751
0.02780266997541417
0.023138255095241377
0.570000689322396
0.03837228004871212
0.022701684244387767
0.021300062039015633
0.021598768410652322
0.02143792651823257
0.02281657131040184
0.02141494910502974
0.025179369162041467
0.02199058405908282
0.030624370139735006
0.20453348976430055
0.07137162883744719
0.02083239324338558
0.02322398207060457
0.02256215874734902
0.41246634477986854
0.025781026728637454
0.026864010348510204
0.023449603658078043
0.021313719296662356
0.02265240738233839
0.04715491178195938
0.02897172185561695
0.026653191447198913
0.07100251669540059
0.2151477320016646
0.027901630897885565
0.029229336345441184
0.026217228464419443
0.045637397697322744
0.3642470721122406
0.026336127459722927
0.02590016447694348
0.026375760458157413
0.02895190535639972
0.028654657868140972
0.02877355686344449
0.009778369821228594
0.01010656782115137
0.010048650527047351
0.011351789644387784
0.01008726205645003
0.009054403644928353
0.010145179350554052
0.013282366114521762
0.8574172747982565
0.00932468435074711
0.010318931232866107
0.010000386115294002
0.009179891115487062
0.009459824703656488
0.010444418703424815
0.009762253704608374
0.009387721869402383
0.014167073766487542
0.01706562449112521
0.009664549747598125
0.009306301905227169
0.009591271779840427
0.009485425826412644
0.8557889594528576
0.00911089399120665
0.008964338055691256
0.009802963686695981
0.009371437876567346
0.008996906041361342
0.00953427780491777
0.02760770593644165
0.028549642288456703
0.041983448832671605
0.03307990760052918
0.028616923456457766
0.030321379712485066
0.02839265289645421
0.027114310704433757
0.5812195833052995
0.02789925766444633
0.02834779878445349
0.029446724528471052
0.030994191392495856
0.028392652896454193
0.02803382000044846
0.013621366149456048
0.01281879793115749
0.024333422507579836
0.483647672552167
0.013041733547351532
0.018146959158195124
0.012328339575530598
0.01862627073301232
0.3235910469056536
0.013521045122168729
0.012829944711967186
0.013142054574638854
0.014111824505082943
0.013353843410023197
0.012885678616015703
0.006621187800963065
0.005925628678437651
0.007269930444087729
0.00628009630818618
0.0059657570893525795
0.005979133226324222
0.00602594970572497
0.0059858212948100415
0.9127073301230603
0.006326912787586928
0.006239967897271252
0.00587212413055108
0.006126270733012289
0.00638710540395932
0.006286784376672001
0.011450997258211934
0.011746680286006136
0.019452359192158146
0.013207175241474469
0.01094027202838557
0.010770030285110128
0.011764600469508809
0.011226994964428432
0.8313173126892819
0.010698349551099424
0.011979642671540957
0.010877551386126205
0.011809400928265518
0.011558518359228
0.01120011468917441
0.009292182240553771
0.009083582231071951
0.010477409567155014
0.010211918645996337
0.00935855497084344
0.00886550040297732
0.009387000426681868
0.00929218224055377
0.8673493576067891
0.009481818612809969
0.009377518608069062
0.00955767316171245
0.009718864078130218
0.009178400417200052
0.00936803678945625
0.010260003503415823
0.010677076816562802
0.023172593278446466
0.010051466846842338
0.010276686435941696
0.010777174411718087
0.009809564325217079
0.011169223326076248
0.8415538483354617
0.010585320687670466
0.01065205241777398
0.009851271656531786
0.010393466963622857
0.01036010109857109
0.010410149896148737
0.01995312876448298
0.02100444619664013
0.04873294346978553
0.020018836103992816
0.019843616531966587
0.018792299099809433
0.019887421424973177
0.018003811025691558
0.6972862868782432
0.019077030904352
0.020982543750136858
0.019339860262391304
0.01863898197428651
0.019712201852946944
0.018726591760299595
0.011641330689579189
0.011341705221414406
0.02514210178453403
0.01572152456488212
0.0131130204890945
0.344965851509143
0.011782330909892046
0.01157964309319233
0.4871733862084163
0.010469266358228672
0.011068517294558267
0.010812954395241239
0.01142983035910993
0.011614893148270543
0.012143643974443702
0.009081114360474062
0.009052611176668428
0.0738859530609569
0.00942315256614164
0.009856400959987223
0.008533853231405947
0.009012706719340543
0.01072859838443955
0.8045764711918315
0.009440254476425013
0.009149522001607586
0.008590859599017207
0.008568057051972701
0.009913407327598494
0.010187037892132555
0.02598555928800334
0.02953781999304985
0.053206687516892406
0.04508539583252881
0.028611143287385538
0.028212157483557855
0.028019099836544457
0.4558091045986333
0.14886031635713098
0.02747853842490694
0.025586573484175642
0.02552222093517118
0.02758150250331409
0.02666769630745067
0.023836184151254176
0.009495843444333421
0.009332707980722825
0.1490242460082791
0.010998049171747654
0.00935989722465792
0.009251140248917527
0.010121196054840707
0.008911274699728786
0.7247836755779414
0.00967257352991156
0.009645384285976468
0.010087209499921822
0.009393883779576796
0.009658978907944012
0.010263939585499971
0.01180757757096156
0.010950143798788852
0.16275760228172642
0.31734576612302984
0.011569401523135809
0.01620788005454229
0.010854873379658563
0.011920711193678796
0.37507964011599165
0.011241909457375398
0.011813531972157204
0.011384815086070853
0.0136236699356329
0.011765896762592059
0.011676580744657397
0.010834670947030469
0.010272873194221483
0.28335116818262923
0.012921348314606708
0.010638487604779713
0.011387551275191697
0.01125378990547527
0.010228286070982674
0.5760388799714646
0.010986267166042419
0.011057606563224513
0.009443552701979645
0.010923845193508086
0.010130194399857295
0.010531478509006572
0.007570945674631852
0.0071401975600674525
0.009753889509458212
0.00756364485913076
0.007308116316592561
0.007059888589555447
0.0075709456746318555
0.007768067693161323
0.893086857802014
0.00721320571507837
0.007643953829642772
0.0074030269181067565
0.00762205138313949
0.007768067693161324
0.007527140781625302
