0.006528400763867278
0.0066764370623676695
0.31204571360897687
0.00650619531909222
0.01044396085920267
0.007268582256369236
0.006454382614617084
0.006654231617592611
0.006535802578792299
0.00670604432206775
0.00648398987431716
0.006698642507142727
0.007253778626519197
0.006639427987742572
0.5971044100013315
0.010723148631447847
0.013241394467184973
0.28123769493512085
0.010246971237053922
0.03553931668543901
0.010732305889032347
0.010118769630870944
0.010457588161497383
0.009148100326914087
0.010127926888455435
0.010091297858117439
0.010384330100821399
0.010512531707004391
0.010155398661208938
0.5572832248198305
0.007349481489846233
0.007791767827903557
0.39671202454218674
0.007274198708900309
0.03827188376338617
0.007961154085031896
0.007133043494626686
0.007076581408917242
0.007481226356501607
0.0071424538422449205
0.007274198708900299
0.007151864189863167
0.008243464513579128
0.007189505580336133
0.4759471514877759
0.017272526988323374
0.024785194976867087
0.03818021590658725
0.016920026437541265
0.03304692663582279
0.016920026437541265
0.017801277814496537
0.017030182859660677
0.6386208415950652
0.01632518175809645
0.01661158845560692
0.016986120290812912
0.018858779466842866
0.01696408900638903
0.09367702137034592
0.00970066789880793
0.01852123487937727
0.27151113327661563
0.00965177340335024
0.015880932124661393
0.010619884413412732
0.009818014687906426
0.009749562394265648
0.00946597432061097
0.00960287890789254
0.009739783495174101
0.009270396338780173
0.009974477073371067
0.010082044963378022
0.5864112418223956
0.016934353530479486
0.01973759794122375
0.07295328691895865
0.017279014728521815
0.01976057535442658
0.017508788860550028
0.01824406608304033
0.017026263183290778
0.647756255600744
0.01764665333976697
0.017324969554927464
0.017233059902116182
0.018887433652719353
0.01709519542289924
0.06461248592633442
0.019296156302317947
0.029807211032292568
0.2137420390410608
0.019451492086504762
0.020124613817980964
0.02026269007059147
0.02019365194428623
0.019589568339115265
0.018657553633994354
0.01946875161808107
0.020090094754828345
0.02014187334955728
0.015412761697647543
0.02021091147586253
0.523550630835879
0.022237827715355804
0.03339575530586767
0.3233198085726174
0.022914065751144422
0.1729868913857678
0.023044111527257605
0.023772367873491476
0.024032459425717877
0.023642322097378293
0.02257594673325012
0.02382438618393674
0.02304411152725761
0.029806491885143577
0.02286204744069914
0.2085414065751144
0.010579559056334193
0.012407171448061024
0.34670579301646165
0.010888451291555629
0.020695779759836233
0.010618170585736874
0.010695393644542233
0.01072113466414402
0.011750775448215473
0.010566688546533299
0.010309278350515438
0.010849839762152948
0.011017156389564561
0.010901321801356525
0.5012934862349895
0.0099392926224194
0.47383367357326933
0.009548150648599124
0.010775157662364114
0.07228625162752567
0.013073786522212043
0.010716218460829546
0.009537434430138297
0.010400090016235073
0.011932509256133705
0.010807306317746599
0.011552083500774246
0.01106449556080651
0.010555475183917093
0.3239780746170293
0.01363612385926045
0.02918886603013839
0.026656819820295066
0.015543950343760462
0.015570325825112988
0.018928803784002402
0.013583372896555356
0.015306571011587632
0.013328409910147538
0.014576849360834195
0.016141794587751234
0.015561533997995475
0.03307485361607849
0.016326422957218967
0.7425753019992617
0.004184010734388206
0.2403048269022745
0.007154829831653593
0.0040425431583279445
0.1634564958624307
0.004076838328281949
0.003869638343143187
0.004046830054572196
0.004565544500126473
0.0044883803677299655
0.004119707290724447
0.004514101745195468
0.00412256522155395
0.0042054452156094525
0.5428482424439882
0.01270791423384524
0.032587540683316166
0.0178352387027133
0.013141324436157857
0.11805112604877094
0.012454410153247287
0.01239716729633809
0.012887820355559906
0.014318891778290226
0.01231539178646778
0.013321230557872514
0.012577073418052753
0.011971934645012509
0.012233616276597477
0.6911993196277583
0.026525666446353756
0.031901299845780925
0.03511786737166768
0.02674597929059257
0.17162370566204027
0.028596607182198648
0.02815598149372101
0.02723066754791797
0.149239920687376
0.027495042961004554
0.0273187926856135
0.026745979290592567
0.028288169200264297
0.02749504296100455
0.33751927737387094
0.008253302049480929
0.02404096047256099
0.045050690527890604
0.008452469432664401
0.01978557930990926
0.018090227682323115
0.00844275395055789
0.009122837698013647
0.00939487119699595
0.008977105466415985
0.008578770700049044
0.010031235274972407
0.22130410916315707
0.008870235163244367
0.5916048519117638
0.014834919937999336
0.29467605989848383
0.021567179569055538
0.014961316116843265
0.0888032942835665
0.013138550169304335
0.013777183493989513
0.0151608890308074
0.011801411645744752
0.014681914037293511
0.014954663686377816
0.016331716792730214
0.016664338316003745
0.01593257096480198
0.4327139920569979
0.012030119418789327
0.03823754338490499
0.011030060591799506
0.011902660940839645
0.019501147126301546
0.012108555405219905
0.011794811459497609
0.012863501774614183
0.01272623879836067
0.01267721630684156
0.011814420456105252
0.012010510422181693
0.1447928309508401
0.011706570974763212
0.6648038119889409
0.016067701632501357
0.04724056761109681
0.013990145905404481
0.014571480306105876
0.1454574911132078
0.014666781027532353
0.01466678102753236
0.014981273408239683
0.015295765788947003
0.01521952521180583
0.014533360017535307
0.015495897303942581
0.040350325451963646
0.014438059296108842
0.6030248448980763
0.010737431453004584
0.014687272308931259
0.34290754304559595
0.01066073551405455
0.09928289297081717
0.011325433651621504
0.0110058672393297
0.010187777223862687
0.010277255819304386
0.01076299676598793
0.01044343035369613
0.010277255819304392
0.011044215208804718
0.010980301926346355
0.42541959069933916
0.007869029692266091
0.010177999150546329
0.009513880844820239
0.008170199621606991
0.023205529171010406
0.008054365033398953
0.007814973551102338
0.008370979574500927
0.007876751998146629
0.008185644233368063
0.008154755009845919
0.00815475500984592
0.013938762114367316
0.008648982586200218
0.8618633924089718
0.007343072566421445
0.010034361363492658
0.010596510459486634
0.007230642747222641
0.3264540337711068
0.007420368067120608
0.007567932204819031
0.00708307860952422
0.007083078609524218
0.007195508428723014
0.007321991975321668
0.007666308296617981
0.0106738059601858
0.008109000709713248
0.56822030623072
0.006800068244412494
0.00795372378886479
0.009619212426982542
0.006694451891751363
0.4577087750940394
0.00671070056139154
0.006466970516788941
0.006751322235491976
0.006702576226571452
0.006726949231031717
0.006978803610454402
0.00662945721319068
0.00831931885576868
0.007027549619374923
0.44891012048388607
0.02477672140593492
0.1884423317007586
0.04484778642082013
0.024896763660808625
0.35943051954287897
0.021943724190915205
0.02464467492557383
0.023768366464995704
0.019722942475751463
0.021751656583117267
0.02284404110246809
0.025376932680303502
0.020143090367809455
0.02577307212138674
0.15163737635647764
0.01160751441650315
0.01576897925212528
0.33770287141073646
0.012172284644194726
0.04891207419297314
0.012528981630105194
0.012588431127756934
0.011949349028000681
0.015263658522085447
0.011875037155936
0.011800725283871317
0.012112835146542978
0.01206824802330417
0.012008798525652427
0.46164021164021146
0.006364743457181578
0.01282905570490874
0.6324762758208682
0.006295811217573111
0.08288718856031196
0.006839609996706558
0.006533244487335605
0.0066634498288182555
0.006487289660929958
0.006341766043978753
0.006494948798664233
0.00649494879866423
0.007873593590833535
0.006563881038272694
0.19885419299495252
0.00807823129251702
0.4454349155392496
0.007872812046166789
0.007605289306733936
0.016801383474738217
0.00902889245585875
0.008016127799434385
0.00842218910035925
0.0073234349919743275
0.007829817320186505
0.007891920813269133
0.008450852251012771
0.009960444852098157
0.007528854238324548
0.4397548345180772
0.02969971745844008
0.0671748034255426
0.234509494710559
0.02860459513327633
0.1094465251768623
0.03191186455527082
0.031911864555270786
0.030860547123113636
0.03252513305736249
0.0284074731147469
0.03121098626716606
0.032130889020303546
0.06025363033050794
0.030860547123113605
0.220491928948463
0.010121550515842914
0.01639438432021322
0.15724592725350975
0.009776889317800592
0.19072401829002084
0.009730934491394944
0.009868798970611877
0.010121550515842919
0.009478182946163906
0.01013303922244433
0.009616047425380837
0.009972197330024574
0.010558121366696524
0.009995174743227392
0.5262631832908253
0.010645116064812029
0.014360391756293932
0.011936950469666915
0.011195898175409079
0.3154579502894108
0.010294618358068454
0.010244547257105085
0.010765286707124117
0.010344689459031832
0.01077530092731679
0.010304632578261126
0.010725229826353428
0.011486310560996617
0.010705201385968074
0.5407578761841814
0.007864025512361842
0.6396607495970829
0.009986245575533133
0.008004998837922585
0.017819790368854796
0.010207230788574299
0.009738589733331809
0.008283135399164069
0.011609343864421763
0.008458399533645002
0.0074220550862794926
0.007582078861240341
0.041690003467181755
0.00760874949040048
0.20406460388400566
0.03669142385577345
0.04145242176093438
0.03688186377197988
0.036500983939567015
0.42074525487208786
0.03713578366025513
0.03662794388370464
0.036374023995429376
0.03872278296197546
0.03580270424681006
0.036437503967498196
0.03688186377197987
0.03694534374404871
0.036881863771979884
0.09591823779597543
0.015622281439154591
0.20587346501469755
0.021446297262895694
0.014569196816937257
0.24404091462688757
0.015429979029880124
0.017755922456342745
0.016592950743111446
0.014093019422543335
0.014376894407662788
0.015668067727077083
0.015384192741957627
0.1815060025823467
0.01502705969616219
0.19261375603234346
0.0051536066140986875
0.006264454682862007
0.0063979992594346445
0.004874377044901348
0.5831588148525851
0.005171817238176775
0.004916868501083552
0.005098974741864426
0.005141466198046629
0.005007921621473989
0.005080764117786336
0.005050413077656191
0.005451046807374112
0.004922938709109583
0.34830853653354704
0.005878158305548586
0.007850392840852871
0.09391562433750263
0.006160823841553108
0.47040042142861715
0.006392095643738628
0.006893184548473924
0.006340701909919627
0.006340701909919627
0.006186520708462612
0.006327853476464877
0.00612870275791623
0.006565549495377767
0.006090157457551978
0.35852911133810034
0.0052534165903269795
0.007222668835336855
0.006487315148909116
0.00509762131777873
0.691681155627013
0.005353125564757859
0.005259648401228909
0.00518486667040575
0.005234721157621189
0.005409211862875229
0.00507892588507294
0.005203562103111539
0.005402980051973299
0.0052658802121308395
0.2368649005714573
0.014939888675067814
0.01638835433608545
0.01665735510170301
0.015353736006787135
0.08893579158648363
0.014981273408239747
0.015250274173857322
0.014939888675067823
0.641753057297163
0.014732965009208164
0.015519274939474872
0.014691580276036223
0.01711258716659427
0.015602044405818739
0.0831419289424131
0.015992406186481768
0.09150751643090765
0.017426563902559814
0.015693193425573414
0.023617172748939864
0.013897916860123214
0.015559063567235173
0.014929685001186544
0.01490904963836528
0.01441380093065488
0.0159098647351967
0.014816190505669577
0.03669999277762299
0.01511540326657795
0.6795121800229053
0.014357053682896385
0.028931227270260006
0.015442653205232587
0.014112793790370731
0.5807550344677843
0.01494056342615209
0.01468273353959723
0.014099223796341528
0.013963523856049495
0.01570048309178743
0.014234923736633558
0.014750583509743247
0.01510340335450252
0.01443847364707159
0.21448732562557682
0.010863749505664464
0.023216321213390078
0.012375834554632769
0.011550003489427021
0.5401167794914744
0.01096843231674689
0.011247586479633339
0.011422057831437397
0.010735803847674853
0.010980063740200491
0.012352571707725565
0.011340637867262159
0.013899551027054674
0.011259217903086946
0.2976713890245886
0.005180917379680842
0.008096778515781994
0.006380440122759649
0.005136254298821523
0.6999725641074719
0.005365950143240873
0.0052000587000491216
0.0051553956191898054
0.004817232292683545
0.005091591217962207
0.004938460655015975
0.005136254298821525
0.006310255281409296
0.005206439140171882
0.22801140822693935
0.005863512097158397
0.006567133548817408
0.006962920615375604
0.005988111729223018
0.7962502840138708
0.005790218195943913
0.0055923246626648155
0.005672947954000749
0.005929476608251426
0.005782888805822472
0.005482383810843101
0.005863512097158397
0.006581792329060299
0.005782888805822473
0.12588960472599076
0.025093632958801435
0.11577195172700801
0.05624219725343327
0.026487723678734847
0.19140657511444029
0.3436745734498543
0.024885559717020323
0.0252184769038701
0.02349146899708691
0.024802330420307887
0.025093632958801435
0.028714107365792697
0.03250104036620887
0.023512276321265024
0.03310445276737407
0.01341550486640866
0.028766299650520518
0.015369584006613835
0.013954129244798543
0.7093495171169819
0.01860133027695318
0.019046008542833195
0.014217178359826168
0.01656583117257278
0.014718224293212102
0.012745355930504965
0.013835130835619387
0.014116969173148987
0.014323650620670685
0.0809752859093358
0.016333749479816858
0.022724570477379413
0.38882943939123743
0.016853932584269624
0.07022471910112364
0.017284941442244767
0.01686879495868256
0.017463289935199997
0.017299803816657706
0.01651209797277209
0.017032281077224855
0.017582188930503492
0.023660900065394386
0.01617026336127456
0.3251590274062187
0.021522635875662336
0.14496280570945316
0.01722501251316039
0.020884033207338757
0.4768635979219529
0.02257546730181742
0.021764269317730685
0.021712490723001774
0.02197138369664646
0.021470857280933384
0.021781528849307008
0.021712490723001767
0.03262051467923161
0.023317627159598866
0.10961528504116413
0.009242910647405003
0.011610486891385738
0.010821294810058826
0.009202782236490075
0.7994382022471906
0.00896201177100051
0.008935259497057223
0.00921615837346172
0.008868378812199013
0.009363295880149785
0.009135901551631864
0.009055644729802007
0.010767790262172257
0.00890850722311394
0.07647137506688062
0.05130215138054165
0.05308771012977955
0.03963069419040151
0.050082745405452406
0.06532532009406836
0.048297186656214554
0.043985715530006055
0.04903754028394731
0.05352321226373997
0.04764393345527385
0.05239090671544279
0.04925529135092753
0.10656737218012356
0.0485584879365908
0.2413117324274888
0.01328193031847887
0.36557857982262576
0.01773742190208064
0.01245339488168006
0.24593975363752402
0.011481133909926356
0.011464225023461073
0.012250488244096676
0.011751676093370866
0.012318123789957803
0.013383383637270558
0.012740845951589854
0.025329511924992193
0.013425655853433771
0.2208638750095112
0.012014981273408248
0.014456928838951322
0.060868913857677766
0.011625468164794017
0.6163445692883894
0.012164794007490647
0.011250936329588023
0.01141573033707866
0.012719101123595516
0.011535580524344578
0.012014981273408248
0.011176029962546824
0.01243445692883896
0.011685393258426975
0.1782921348314606
0.009708259412576387
0.017396018135225712
0.010730829883697997
0.010065543071161052
0.5874852158486104
0.01039818647742953
0.009203134240094618
0.010151783954267685
0.009634338655627834
0.009979302188054411
0.009720579538734482
0.009683619160260198
0.009461856889414543
0.00947417701557264
0.27690715552927264
0.0217320941415823
0.026564017200721317
0.02422897304295555
0.022703102603227457
0.5507236324964173
0.02242567161418599
0.021315947658020078
0.020414296943635283
0.024275211541129146
0.022587506357793493
0.02210200212697093
0.021824571137929443
0.02388218430665374
0.02200952513062376
0.15321126369815508
0.009056860742254001
0.01141754624900692
0.3935875610032911
0.009034161843150606
0.017875383043922353
0.009703779366700709
0.008886618998978548
0.009193054136874363
0.0093973442288049
0.009193054136874358
0.009454091476563382
0.009783225513562586
0.009499489274770173
0.008932016797185333
0.4749858131880602
0.010520090883625367
0.014711527488146725
0.1419901023997012
0.010686088372913339
0.037868177243819176
0.011018083351489294
0.0115990745639972
0.010250344963532406
0.01021922043429092
0.011028458194569796
0.010364468237417896
0.010281469492773896
0.012937429321381498
0.010686088372913344
0.6858393766794274
0.009021257674482237
0.01139842320387186
0.010261146170027177
0.009277786328732916
0.013561814854719254
0.008721974244523112
0.008867340481931826
0.008841687616506758
0.00826022266687188
0.008935748123065341
0.008961400988490405
0.008961400988490398
0.008961400988490412
0.008371385083713845
0.867597010586083
0.014217302998118034
0.016434680529934628
0.4695064005813629
0.014012335327109764
0.06901820485587061
0.015428475599530445
0.015242141353159312
0.014049602176384
0.014329103545940695
0.014068235601021106
0.013621033409730381
0.013676933683641722
0.017478152309613006
0.014347736970577835
0.28456966105800585
0.011577733156747956
0.01592116318480225
0.632033152475755
0.011748622207032053
0.01864114723515756
0.011691659190270699
0.012033437290838915
0.01248914142492984
0.011634696173509323
0.011648936927699667
0.011264436564560434
0.012232807849503684
0.015280329246236861
0.011307158827131457
0.2004955782458241
0.03633679055027374
0.08398156150965141
0.09021175453759728
0.03442811869778163
0.28133102852203956
0.04220685681359844
0.04998559492941515
0.038425525785076395
0.047752808988764044
0.03633679055027371
0.034536156727167984
0.035256410256410284
0.03723710746182659
0.03619273984442527
0.11578075482569866
0.00990734059489858
0.012438580215098097
0.17263970495596107
0.010159319199624322
0.16841333654033383
0.010193679918450561
0.010468565669060462
0.010273854929045116
0.009895887021956486
0.010182226345508485
0.009884433449014416
0.009895887021956496
0.02471681040900712
0.010296762074929276
0.5206336116551562
0.012558842730989929
0.5793990310277297
0.017798852351991204
0.011613922963268398
0.02155276088375768
0.014379960828780534
0.01185444799505206
0.011974710510943886
0.012335498058619386
0.01214651410507509
0.01094388894615674
0.012094973026835727
0.013572483936363953
0.012069202487716037
0.24570491014672025
0.009735098885955397
0.04948049910289735
0.016591282754480387
0.01023993232503087
0.14876213476324002
0.00944857179891256
0.010621968441087992
0.009796497547464573
0.012757277446907203
0.010301330986540052
0.009353062769898283
0.010130779149014552
0.03140882639869562
0.010342263427546152
0.6510304742023295
0.021992326664839648
0.08210011875399655
0.03738467159952496
0.02267744587558232
0.43747145336621884
0.024470174477025663
0.021638348405955934
0.021307207454096987
0.026890929021649752
0.021821046862154
0.022780213757193742
0.02228921165616146
0.021592673791906446
0.021421393989220765
0.19416278432447243
0.020701970637968362
0.16757534095039425
0.025269046603138518
0.02002244030405033
0.06294347255803662
0.022140046460911195
0.020164667583242486
0.019121667535833362
0.021049637320438064
0.019975031210986274
0.02234548586418876
0.02098642519635266
0.02041751607958407
0.01956415240443117
0.517723099290444
0.009409821573964196
0.013643659711075428
0.621327378044525
0.009049247446902527
0.015876893014167056
0.009142298834531343
0.009421452997417808
0.009235350222160158
0.008898038942005701
0.00946797869123221
0.00908414171726333
0.00953776723195382
0.013899551027054678
0.009212087375252958
0.24279433317049345
0.018629310764142263
0.030059827812636847
0.01877523225837837
0.017972664040079807
0.02684955493944266
0.04219563208327254
0.019942604212267186
0.017802422296804354
0.602461209202782
0.018313147526630717
0.017826742545843714
0.01843474877182746
0.019018434748771882
0.01904275499781123
0.11267571379930934
0.012436607350859276
0.05574073078508323
0.014380947260899958
0.012902532121928928
0.0335197032417612
0.012579968818880707
0.012445567442610614
0.012705410103399458
0.012015483038546312
0.013063813773453033
0.01317133487446912
0.01296525276418831
0.3290056090174354
0.012418687167356593
0.44064835223912585
0.013190034196384955
0.010959835177672527
0.009303115906629016
0.013494474062431422
0.01682915259517287
0.014223713741565953
0.012283794595130388
0.013359954121620192
0.011101435115368562
0.012680274420679264
0.012800634367720888
0.013586514021933843
0.011073115127829361
0.01294223430541691
0.8221717182444442
0.016694071435096356
0.04804969398008585
0.014787156298529242
0.015814835114643253
0.10250525258061564
0.015415182241710028
0.01725358545720286
0.017618982369598954
0.015472275509271912
0.016145976066502206
0.0170252123869553
0.01853247465058917
0.019137663286745203
0.017185073536128585
0.6483625650863252
0.013247798360157902
0.021130681243040798
0.01832169247899584
0.01305800182204676
0.04089482741168133
0.01374126935924689
0.012868205283935601
0.01232412187468366
0.012691061848365206
0.013323716975402362
0.01322249215507642
0.012488612207713311
0.6139032290717685
0.012412693592468868
0.17637159631541657
0.014093055617237301
0.020325383784103847
0.018134446566298035
0.014744415330639025
0.3171085550176904
0.01766073041109678
0.015410578673890797
0.014581575402288594
0.027416322482272652
0.014744415330639027
0.014640789921688754
0.014744415330639025
0.14375804947373097
0.015144113336590093
0.33749315332119467
0.012140484771394284
0.019984453395519818
0.01345487951381532
0.012112218217793824
0.02459190163239354
0.0120980849409936
0.013228747085011696
0.011532753868984552
0.012055685110592925
0.012409017030598574
0.012465550137799479
0.01255034979860084
0.01369514521941917
0.01231008409299699
0.8053706451840857
0.015856347789562072
0.041291843140000166
0.013499480789200376
0.015121285309251244
0.08648068419148969
0.017198128507589755
0.015646329938044705
0.016381392418355525
0.014584573022040173
0.016579742611455273
0.0159380213984855
0.01597302437373839
0.01825988542359429
0.01482959384881044
0.6823596672383819
0.012520756820964093
0.021720422287674398
0.012108650594523835
0.011854114395840155
0.023090069452019954
0.016569094457171262
0.012048046737694398
0.012096529823157945
0.011090505799789097
0.011660182053985915
0.01236318679320752
0.012181375222719164
0.013102553846526789
0.012460152964134634
0.8051343587505908
0.01274039473130497
0.4168770778100419
0.013087573117872314
0.012856120860160749
0.024470815974414032
0.013182258132390694
0.012372175230400198
0.012456339687749859
0.014150149391911785
0.012961326431847827
0.012519463030762101
0.012340613558894075
0.042892311576821135
0.012309051887387954
0.37478432857804134
0.007822647817755015
0.012709618420209585
0.013746425055772038
0.008102236123974111
0.02477851363866708
0.008236205520704091
0.008212906495185836
0.007822647817755017
0.006576149952528223
0.008282803571740605
0.007974091483623692
0.008026514291039769
0.006913985822542962
0.0076362556136089525
0.8631589983748932
0.015439883818696003
0.0250707024382787
0.01949094244439348
0.014962164641137319
0.03128105174654135
0.2239165329052969
0.01566918902392415
0.014675533134602126
0.015191469846365494
0.015726515325231196
0.014943055874034975
0.014560880531988049
0.015860276694947634
0.015573645188412415
0.5476381563861494
0.018003410371182343
0.16818915380165037
0.014395115861270959
0.018597180353826
0.012849791419262496
0.018688529581925014
0.01867330471057515
0.01916811302944488
0.020660150421728928
0.019503060199141303
0.01699856886209309
0.018871228038123057
0.017356353338814277
0.016640784385371934
0.60140525562559
0.021337764414200606
0.026428232315239806
0.02735137416257851
0.021100385082027773
0.08229150181990826
0.17149337975418036
0.021865274041251284
0.020942132193912597
0.02202352692936651
0.021047634119322724
0.02099488315661765
0.02236640818694944
0.020942132193912583
0.020994883156617655
0.47882048847391484
0.008554880170278955
0.011024470777648161
0.008131911613215723
0.008684499566798337
0.010669722955595113
0.009087001903358517
0.008602634684786097
0.008397972479755498
0.00783856245267187
0.00958501326893296
0.008725432007804453
0.008588990537784053
0.008241064789232044
0.008206954421726946
0.8756608883704108
0.005786844506278324
0.01930124356667222
0.006427026781798663
0.0056910692052162285
0.014578008982715078
0.29540631411274276
0.006215312958398234
0.005761640479683041
0.0062253945690363514
0.005761640479683036
0.005595293904154133
0.00560033470947319
0.007198269995614506
0.005625538736068476
0.6048260670124659
0.029256907126960843
0.18208217988384087
0.02186126038104543
0.02929761710904849
0.04468599033816427
0.02788633773001139
0.027614937849427333
0.027642077837485762
0.027085708082288447
0.027329967974814087
0.027438527927047724
0.027777777777777752
0.02192911035119144
0.029976116810508602
0.44813548282038856
0.015418006643638961
0.04628048861185016
0.015987083283704615
0.017151705244769184
0.02886409655774814
0.015576818729238676
0.018303092865367118
0.0171252365638359
0.016847315414036397
0.01709876788290261
0.01572239647437175
0.017098767882902613
0.02056616508516303
0.01611942668837104
0.7218406320721011
0.021237189776515564
0.03887311190681968
0.16104868913857692
0.020537514919537342
0.030332962917232507
0.02162818454953281
0.021257768448779635
0.019796682718030985
0.023027534263489264
0.020907931020290517
0.021154875087459304
0.021710499238589073
0.021957443305757853
0.021875128616701597
0.5346544840926868
0.017880293863439943
0.02668539325842698
0.10278017862287528
0.017952319216364192
0.025532987611639288
0.019644915010083554
0.017484154422356693
0.01815038893690579
0.016475799481417478
0.01915874387784502
0.017754249495822532
0.017610198789974076
0.01870858542206858
0.018168395275136875
0.6460133967156442
0.02494089092544943
0.2692235264578495
0.22522126671269846
0.02395748331345603
0.12311426359508723
0.024982738057874675
0.02523382085242618
0.02471073169711053
0.02209528592053238
0.02667754692109731
0.025882451405017548
0.02462703743226004
0.05297846965036739
0.024794425961961047
0.08156006109681338
0.010098573102640092
0.01460214609039315
0.5445072493738652
0.009466694239562493
0.08669378001424591
0.009880287677213287
0.00961604742538083
0.009673490958387888
0.009340318466946971
0.009926242503618926
0.009650513545185067
0.009914753797017511
0.012660554674754704
0.009799866731003411
0.24416948139978414
0.02966588793710834
0.036748618682092865
0.03982645455556784
0.02844217005970262
0.19679608410279217
0.0289984054585234
0.03252122965105499
0.029777135016872496
0.03007379389624358
0.02851633477954539
0.028738828939073705
0.029072570178366175
0.026625134423554735
0.02903548781844479
0.40516186450105685
0.010414166757572452
0.019577469910185104
0.009105123450056355
0.010195992872986424
0.025708156067052103
0.010814152212646798
0.013708592414821266
0.010312352278098975
0.008734227846260129
0.010123268244791083
0.010297807352459908
0.010283262426820842
0.019301116323042804
0.010355987055016174
0.82106832478819
0.017232923131799548
0.2531991260923846
0.016686730872124158
0.017545032994471212
0.017589620117710043
0.017076868200463714
0.01569466738006065
0.018002051007669006
0.018291867308721264
0.0180243445692884
0.017388978063135378
0.01658640984483683
0.01395576957374711
0.016998840734795812
0.5257267701087928
0.05659592176446094
0.06566791510611719
0.05276737411568858
0.05742821473158537
0.07465667915106099
0.05950894714939643
0.05584685809404896
0.0570952975447356
0.06084061589679551
0.05975863503953376
0.05526425301706186
0.05759467332501027
0.09787765293383245
0.0575114440282978
0.13158551810237187
0.009166993836739011
0.012289131098605934
0.010837119158456247
0.00965307508708955
0.012731589672642964
0.010276256177282549
0.008861635102544441
0.00984002941414745
0.008325699364978463
0.00946612076003165
0.009634379654383761
0.01034480609720378
0.007546723002237215
0.00995843382128412
0.8610680077523729
0.01177804060713581
0.063978415138971
0.014094224324857093
0.012554208555095604
0.01552335895919573
0.2618642814902426
0.014057263946382818
0.012049083382613842
0.0171003351074315
0.011999802877981467
0.011691799724029173
0.011815000985610091
0.013773901044746696
0.01259116893356988
0.5151291149221366
0.012438921546742069
0.026452861075972913
0.01443559788674752
0.012302502666369026
0.0363618324776149
0.014385991021157316
0.017027556613835343
0.013269836545377871
0.012538135277922456
0.01232730609916412
0.011558399682516058
0.012674554158295508
0.021926234590867365
0.012252895800778821
0.7700473745566395
0.010940272028385564
0.01315789473684211
0.013773901044746698
0.011014192785334123
0.3784126749457911
0.010274985215848605
0.010558348117484734
0.01092795190222748
0.010447466982061898
0.011149714173073129
0.011272915434654059
0.01078011038833037
0.011556278336290162
0.011741080228661539
0.47399221368026795
0.021275322779433035
0.07656962343396637
0.03735745653396515
0.01889411398690934
0.5669670100872309
0.021347118019408633
0.022041138672506
0.020054803699848023
0.017757356020629146
0.020521472759689355
0.018200093333811965
0.02090438070622585
0.04267030429215874
0.020605233872994202
0.07483457180122288
0.01830170270355328
0.10718219872218562
0.26135397979416486
0.017971233437195058
0.11191892487332027
0.0327321940011959
0.018317439335284628
0.01704277216504575
0.016145784156359134
0.01635036036886661
0.018112863122777153
0.017625027539105484
0.019607843137254853
0.017625027539105487
0.30971264910458574
0.025760482323924302
0.5237507993057462
0.023613775463597286
0.02299716817392888
0.06995067141682657
0.02139855668219598
0.024024846990042887
0.0238193112268201
0.02845528455284548
0.024709966200785534
0.024869827349958844
0.02564629578880053
0.02749611765780573
0.024709966200785558
0.10879693066593589
0.021782235121698905
0.0791497839976245
0.0195791066793107
0.019655737233828557
0.05117005277929441
0.023247794476852764
0.02019215111545352
0.020374148682433407
0.02692606109370959
0.020479515694895454
0.020833932009540493
0.019952680632585214
0.03719455539910154
0.0236213684301273
0.5958408766535436
0.02459763133920437
0.45545095657455237
0.022451665148294365
0.02475959105172588
0.03619799574855755
0.024273711914161347
0.02447616155481323
0.023079259034315222
0.024496406518878418
0.025204980261160016
0.023625873064075292
0.023200728818706325
0.0346796234436684
0.024212977021965773
0.2092924385059218
0.010894436665414415
0.014981273408239688
0.014332388465785528
0.010404926971984087
0.4258392814453061
0.01056430222100791
0.012727252029188414
0.01040492697198409
0.010245551722960261
0.011144883485308994
0.011201803217103224
0.010689525630955208
0.014582835285680114
0.010427694864701773
0.4215589176143802
0.012048618472192832
0.7068405059713101
0.01365038984288511
0.013026170117541808
0.02430923609638899
0.011765952936188307
0.01133017690151467
0.01233128400819735
0.014863496101571191
0.012366617200197917
0.012083951664193383
0.011518620592184347
0.014521941912232404
0.012072173933526541
0.1172708642498763
0.0087577653681401
0.011628428536186014
0.009968826392159475
0.008802619480140819
0.6287761555540597
0.009094171208145478
0.008645630088138305
0.008925968288142785
0.009217520016147446
0.008858687120141704
0.008623203032137941
0.00910538473614566
0.010215524008163413
0.008533494808136512
0.25084662136401353
0.022197384159852503
0.060180010588858086
0.023256269976665248
0.024472027766339166
0.2885659940780828
0.0301978547757711
0.0244328097731239
0.025217169637429638
0.02431515579347802
0.023981802851148083
0.023413141949526407
0.02313861599701941
0.03053120771810105
0.022060121183599
0.3540404337510052
0.017542929828280728
0.022613242880361862
0.018885591124302204
0.017489930040279874
0.06720373118507525
0.018938590912303033
0.01842625962829487
0.01718959790827507
0.01692459896827084
0.01826726026429232
0.0181789272842909
0.01763126280828214
0.01635926789626178
0.017525263232280448
0.696823546039149
0.011300160513643642
0.011656857499554129
0.008710540395933643
0.010850722311396463
0.012798287854467624
0.014738719457820574
0.010672373818441222
0.01067950775815944
0.009202782236490088
0.011728196896736216
0.01085785625111467
0.011535580524344566
0.009266987693953975
0.011257356875334398
0.8447440699126098
0.01983235241662203
0.1619642114024137
0.05993698353248899
0.022733487902027172
0.44000951191962423
0.020664645383746454
0.02105701206824797
0.020759764579989244
0.01892872005231551
0.02115213126449076
0.020890553474823086
0.020569526187503667
0.0335770762737054
0.02080732417811064
0.0971166993638901
0.01156054931335829
0.020024968789013727
0.01503121098626714
0.01189762796504369
0.0444943820224719
0.0128589263420724
0.01131086142322096
0.01207240948813981
0.011373283395755291
0.011960049937578019
0.011872659176029945
0.011460674157303362
0.1641448189762797
0.011460674157303346
0.6384769038701624
0.016834220382416675
0.019298245614035068
0.11553321506012225
0.018016952493593513
0.09789079440173468
0.017859254878769933
0.018115513502858234
0.017602996254681636
0.016794795978710808
0.018726591760299605
0.017327025428740362
0.017977528089887628
0.01647940074906365
0.018095801301005295
0.5734476641040807
0.03402198864322819
0.28346019089041924
0.08109218315814906
0.03133985743626915
0.18806330796182208
0.031605654222544376
0.040159478071765176
0.033079618219161534
0.03738069348797871
0.03288631146550683
0.03254802464661106
0.03443276549474447
0.045668720550924254
0.035640932705086364
0.05862027304578954
0.0096911235056898
0.02498675217129659
0.015376462874644052
0.009807884029854743
0.02832789947817018
0.009547418245179106
0.009780939293508983
0.010131220866003793
0.009286952460503484
0.009727049820817476
0.010041405078184613
0.00990668139645584
0.39977905316196466
0.009691123505689802
0.4339180341120364
0.01692047377326565
0.026616475598395393
0.019753227247666302
0.015836802981045246
0.2771155345158654
0.01718663852924958
0.017053556151257608
0.015285461700792764
0.01720565029753417
0.016102967737029197
0.015798779444476104
0.015551626456776716
0.14956558109469778
0.01695849730983478
0.3630487271621132
0.008577713232608905
0.009605340263446206
0.03272270206459613
0.007898290402303259
0.34731245806687217
0.00875606172556414
0.00851826373495716
0.008407857525032491
0.008365393598138387
0.008586206017987723
0.008187045105183156
0.008348408027380747
0.032026293663532865
0.008620177159503
0.4940677894128937
0.02010835969601108
0.064082518211459
0.03315030968570841
0.019429596499521255
0.5685005393743259
0.019078094129910437
0.024459716616365507
0.01901749027308099
0.02152648994582018
0.018847799473958555
0.019514441899082465
0.019987151982352177
0.02096893446298925
0.019865944268693293
0.1114626134807219
0.020606481280638612
0.4916489523231099
0.02426503550099061
0.020056975113154935
0.07931687706968599
0.020780009544054543
0.019059187598513487
0.020158199933480885
0.02224053909447171
0.02101138056194241
0.02034618888551478
0.021315055022920207
0.021372897777392208
0.02005697511315494
0.1777652451809756
0.012033475675621115
0.02869055190445908
0.01141766861503983
0.01190223810533331
0.011912333303047749
0.011044146299605286
0.012134427652765591
0.011639762964757673
0.010287006471021733
0.01129652624246646
0.011791190930474385
0.011831571721332172
0.016889265776270233
0.011246050253894226
0.815883784083911
0.018803418803418754
0.023374627869009828
0.018592144434841015
0.019667723038509506
0.026390089311437562
0.018880245846537934
0.01945644866993177
0.019341208105253
0.019955824450206428
0.018380870066263277
0.018937866128877316
0.018976279650436908
0.024085278017862224
0.021204263900893056
0.7139537117065199
0.007087615434324898
0.009540486266007928
0.0073308179247184
0.007393355707962442
0.012570094432052682
0.007761633764844032
0.007414201635710454
0.006955591225254146
0.007601814985442589
0.0076018149854425905
0.0074350475634584745
0.007025077651080853
0.010485501657251239
0.007303023354387723
0.8864939234120621
0.016474037524693175
0.07569297328220388
0.04963664154889915
0.016849463230627595
0.13066602307974212
0.016527669768398107
0.018100882250408942
0.01627738596444182
0.018592511151037314
0.015991347331348955
0.015624860332698689
0.01681370840149098
0.026860815388878443
0.017922108104725894
0.5479695726404047
0.013632434980749602
0.04625337209606872
0.020507582305335118
0.013187187344490741
0.6412089782876298
0.013370524606479677
0.013436002200047164
0.012741939708231856
0.015033655483093695
0.01358005290589563
0.01344909771876066
0.01354076634975513
0.021856420732825243
0.01317409182577724
0.1350278934548598
0.01638103885294896
0.17141451972912686
0.01488038941222461
0.015864008373371662
0.017982572289688383
0.016771964337507408
0.014968662908737803
0.015485693388315106
0.01802040378819405
0.016633248842986677
0.016229712858926333
0.015397419891801923
0.05780652971664203
0.015876618872873553
0.5762872167366543
0.00923792957547832
0.08568003384890228
0.2940936799711658
0.009629699277576642
0.13332706501809974
0.010436744863899174
0.009762900976290064
0.00949649757886321
0.009465156002695351
0.009661040853744501
0.009543509943115012
0.009614028489492705
0.010468086440067045
0.010491592622192937
0.37909203453841694
0.01504669381613593
0.01970789787874324
0.01628968156616455
0.01637145707603484
0.09811425674239085
0.01489949789836939
0.015422861161539325
0.016551363197749535
0.015275665243772779
0.015488281569435571
0.015897159118787085
0.014915853000343446
0.024941530510442726
0.01615884075037206
0.6849189604697185
0.007322307789420503
0.009657871480873614
0.009121323065269523
0.007711568404662688
0.6100134663131751
0.007995623448217797
0.007690527290325271
0.007553760047132068
0.0077431300761688126
0.007879897319362013
0.008048226234061338
0.0077536506333375265
0.00853217186382189
0.007701047847493978
0.285275428186676
0.01355743337357229
0.03926393660816541
0.013085399449035825
0.013990775992818892
0.017581329123719326
0.012930634227876305
0.012079425511499061
0.013247902931253297
0.014060420342340677
0.012551459436035544
0.012969325533166192
0.013572909895688247
0.013758628161079655
0.013240164670195323
0.7841102547435547
0.011497553101212902
0.17354797133906297
0.016589144319175103
0.01246737999987237
0.3267550995667681
0.011606020583299811
0.012665173643677913
0.012894869488097264
0.010699998085867943
0.013539293940495982
0.012078173152384025
0.01181019466722812
0.11154923466620723
0.01267793452392344
0.24962195892272657
0.011545912437039901
0.03588617676180635
0.007912523139179473
0.010461061604029443
0.009935856042016439
0.012036678290068431
0.014908089026647732
0.00970338800637134
0.008657281845968395
0.009974600714623954
0.009625898661156306
0.010504111240260022
0.009591458952171849
0.009802402169701657
0.8294545611089585
0.007995187362946595
0.00901399157788518
0.007204401234208553
0.008334788767926125
0.009717451631057056
0.007510042498690127
0.0071946983369234226
0.008533698162271276
0.007000640391220837
0.007476082358192175
0.008087364887155325
0.0075197453959752565
0.0066949991267392615
0.008014593157516852
0.889702315111292
0.022102473948380826
0.03445947667456492
0.018675635048026665
0.025185355040892737
0.6420673138169123
0.021172513949399948
0.02431909093225302
0.022790389564065292
0.0186883742260949
0.02155468929144689
0.024815918876914023
0.02265025860531475
0.03380977859308515
0.022981477235088758
0.04472725419755917
0.010503971013431911
0.01350510558869817
0.01134575266259196
0.01078456489648526
0.015542461174346394
0.010320975002744943
0.010320975002744943
0.010552769949615102
0.010699166758164675
0.010503971013431911
0.010381973672973933
0.010735765960302068
0.010735765960302068
0.010552769949615102
0.8435140113945521
0.018980121002592915
0.20753673292999159
0.028429847306251803
0.02088159031979258
0.4250187265917603
0.019279746470757697
0.02391241717084416
0.019510227600115237
0.02467300489772399
0.019452607317775837
0.02059348890809564
0.018334773840391817
0.028614232209737838
0.01954479976951886
0.10523768366464994
0.012194402665958871
0.012916924710253895
0.01303488749299594
0.012105930578902338
0.01828423132501693
0.011855259665575494
0.012076439883216827
0.012577781709870516
0.012946415405939406
0.011958477100474782
0.011457135273821091
0.012046949187531316
0.015320416408623055
0.01213542127458785
0.8190893273172322
0.014085891178301174
0.3431934571581443
0.01537436804577368
0.014664613839115104
0.01671744139068146
0.013976698223430626
0.015276094386390193
0.01394394033696946
0.012316965309398232
0.013998536814404725
0.014948515521778533
0.014151406951223496
0.020779419311866
0.013801989495637736
0.46277066203688555
0.012046037958170261
0.024786432689475234
0.010404831039851868
0.011225434499011063
0.027774270925388204
0.011372722299372974
0.012782476959979798
0.011856667929133528
0.011940832386483186
0.01188822960063964
0.011835626814796106
0.01147792787106005
0.014065984934562131
0.010857214998106284
0.8056853090939701
0.008042402354200116
0.007950441412520071
0.008201243980738373
0.008034042268592844
0.009889981273408241
0.007866840556447303
0.007825040128410923
0.00841860620652756
0.007616037988229009
0.008008962011771016
0.008418606206527561
0.008376805778491174
0.009530497592295344
0.008059122525414665
0.883761369716426
0.01799433400556994
0.38522760011524054
0.044079515989628365
0.01879861711322385
0.2677542494958224
0.02213579179871315
0.017442139633150864
0.018414481897627955
0.021367521367521385
0.017202055123403427
0.016241717084413687
0.01710602131950445
0.037381158167675045
0.01650581004513587
0.08234898684336887
0.022013498751560546
0.06647940074906361
0.022784019975031208
0.023057116104868932
0.03199126092384519
0.02017009987515606
0.026734160424469414
0.021447799625468146
0.02190621098626716
0.02140878589263421
0.021603854556803994
0.021750156054931327
0.023232677902621734
0.021818430087390754
0.6336025280898875
0.020545058227055407
0.051182003203391266
0.01581222828377711
0.018955405421679488
0.023868877729205047
0.01777520864193069
0.020978599901248843
0.01984657441863268
0.020496886929922804
0.01924443320447511
0.0184616496260703
0.020123559377145116
0.036959427724990085
0.019533460987270726
0.6762166263232053
0.006971622550463596
0.007525705228015535
0.00754674634235295
0.006663019540181509
0.008030691972113502
0.006803293635764277
0.0068103073405434145
0.006957595140905322
0.006599896197169257
0.007189047398616887
0.007287239265524824
0.00714696516994206
0.008339294982395589
0.007224115922512581
0.8989044593135025
0.011839708561020007
0.011942039663535306
0.019258713493379122
0.011614580135486344
0.13112707476310348
0.011471316591964932
0.011123390843412923
0.01274022226315463
0.010294508913038996
0.011348519268946566
0.011972738994289895
0.01215693497881742
0.2177605861525551
0.011982972104541424
0.5033666932727535
0.008806383325191335
0.01397817944960103
0.009516365412799216
0.008454649079954408
0.021201758671226194
0.00784237094935679
0.00911903598762416
0.008539325842696628
0.00866959778537697
0.009281875915974597
0.008285295554469961
0.00880638332519133
0.02399609184171958
0.00818107800032568
0.8453216088584918
0.012288358560064393
0.01044149358756101
0.010348634454865313
0.013093137710093794
0.01191692202928159
0.011205002011947893
0.012030416524798564
0.011700250719658283
0.010616894171541774
0.0124431237812239
0.012319311604296305
0.011442308684392465
0.010008150968314417
0.012701065816489726
0.8374449293754708
0.01607440460190311
0.020482769743562185
0.016737451391502237
0.017077934878053133
0.4650825224450291
0.01612816515241113
0.015913122950378993
0.016343207354443286
0.014676630288694122
0.01589520276687633
0.01639696790495133
0.016468648638962035
0.015662240381341484
0.015321756894790583
0.3217389746070993
0.010950878331219821
0.02316985657691663
0.010960708563114988
0.011344087607026643
0.030621172353455794
0.011019689954486015
0.01316268050763317
0.011314596911341127
0.011933901520736864
0.011108162041542554
0.011403068998397667
0.011285106215655621
0.012445073579285728
0.011235955056179771
0.8080450617830076
0.011221821779379576
0.016366334534661905
0.013709278496219389
0.011999152003392025
0.46775492898028376
0.011490354038583873
0.012380750476998135
0.011645820083386361
0.010585824323369394
0.011235955056179806
0.011009822627376183
0.011066355734577085
0.011349021270581613
0.011391421100982296
0.3767931594940284
0.01585822599799033
0.018014067781127262
0.01808714716360648
0.015529368776833846
0.40140677811272507
0.015492829085594238
0.015620718004932869
0.015894765689229935
0.01468895587832284
0.01558417831369326
0.015255321092536779
0.015036082945099123
0.021832465515666408
0.01521878140129717
0.3864803142413445
0.01051570152693748
0.021352243262355613
0.0129252769702208
0.010273434430737806
0.4694677981194837
0.01015557476231634
0.012669914355307618
0.009874021109976167
0.009337104842722828
0.009644849532489988
0.010279982190094558
0.010522249286294237
0.012912181451507306
0.010129383724889352
0.3799402844346664
0.01273774530003754
0.016931769273737893
0.016885982985815395
0.013763358149501378
0.024101901962400276
0.014404366180416283
0.014358579892493787
0.013534426709888914
0.01406554764978984
0.01272858804245303
0.014047233134620833
0.01350695493713542
0.011867805829510171
0.013497797679550916
0.7935679422726487
0.012886851961364078
0.38729548590577584
0.01410654445101518
0.013207175241474474
0.08605608121427163
0.014673270254287406
0.014266706091070381
0.01355213877390105
0.02083333333333332
0.0142051054602799
0.012467967671988964
0.013256455746106849
0.01366301990932387
0.013638379657007685
0.3558914843287995
0.011185826512270718
0.0940483095938871
0.018454465379079153
0.010118804649064356
0.056702544381664235
0.015282044671693798
0.020180319533661253
0.01107840820389424
0.011966399553139795
0.009939774135103555
0.009925451693986688
0.010641573749829894
0.5041928946369617
0.010290673942466726
0.20599250936329594
0.0275869448903157
0.1927447833065813
0.057014446227929366
0.03392188336008563
0.08342429106474054
0.027479935794542568
0.21245585874799364
0.031910112359550595
0.03713215623327985
0.02829320492241847
0.027950775815944382
0.029834135901551654
0.03843766720171217
0.028699839486356366
0.14311396468699844
0.038701622971285786
0.04125795137031081
0.04078235538909685
0.038107127994768335
0.04518161821532595
0.03608584507460901
0.038523274478330545
0.03727483502764391
0.038582723975982294
0.037215385529992165
0.03775043100885787
0.03751263301825089
0.03917721895249974
0.036680340051126456
0.4571666369419179
0.006672378002570096
0.007842103528946582
0.010110162882906623
0.007023844827396834
0.00851757883291047
0.007095236526189765
0.006469186244467138
0.006595494634639247
0.005727810910848239
0.006963436466879738
0.006990894812569327
0.007276461607741051
0.007929970235153266
0.007468670027568174
0.8973167704592137
0.007428127913821189
0.008235533121845242
0.006641558969230025
0.007167674620910205
0.007506263901694485
0.007105165830611568
0.006714485891245101
0.0071885108843430835
0.006688440561954002
0.007188510884343086
0.007433336979679408
0.007271855938074601
0.008506404546472668
0.00758439988956778
0.8973397300662069
0.009236920107534284
0.01298223845959422
0.011752946853243254
0.009076078215114521
0.012350359596516619
0.008892258909491952
0.009213942694331454
0.00952413777256955
0.009432228119758261
0.009558603892373787
0.009512649065968146
0.009225431400932864
0.01315456905861538
0.00965051354518507
0.8564371223087698
0.014197734004043032
0.5169009449485216
0.017292714650619736
0.013422029993888366
0.01838183442245307
0.013233980536881159
0.014832400921442305
0.014440631219343978
0.01610173475624086
0.013790293513860769
0.01316346199050347
0.01325748671900706
0.02675003525927313
0.013500383934308025
0.2807343331296131
0.0182294858699353
0.2603472931562819
0.010398365679264549
0.015614572693224376
0.0213959822948587
0.019904664623765746
0.013898535921007829
0.015846101464078992
0.017555328566564513
0.016486210418794695
0.01542390194075588
0.016908409942117807
0.09737827715355805
0.016302349336057197
0.44431052093973433
0.01428638729889529
0.20241207924057183
0.01492238475490547
0.015358160789579117
0.0265116717310909
0.015793936824252754
0.01615904647492525
0.01541704944291339
0.01769015146161642
0.014498386450898688
0.014757496525569505
0.015146161637575723
0.4630650366287424
0.015299272136244841
0.1386827786022189
0.012394615279069416
0.6580986792289826
0.010473678593752393
0.012638543747046187
0.011002190274368717
0.010514333338415182
0.011174972939185587
0.011474801681073692
0.010504169652249484
0.011423983250245207
0.012176096026506895
0.013233119387739549
0.017369739657178876
0.012811326411863059
0.18470975053232302
0.01507337140050342
0.0716829373119666
0.02701541106403879
0.015579910357954163
0.029993246147233987
0.014459384785411634
0.015457113034935807
0.01561060968870874
0.014505433781543519
0.015134770062012606
0.015718057346349817
0.0157641063424817
0.022824952416037343
0.015641309019463343
0.6955393872413576
0.007848469667692457
0.009733056609174857
0.00729184061324618
0.007665577264088682
0.009581971580110865
0.0071248518969122985
0.00764172173318384
0.007466781173215009
0.007140755584182192
0.007848469667692459
0.007768951231342993
0.007148707427817138
0.0069976223987531505
0.008047265758566126
0.8906939573940212
0.012093158200137183
0.011657962757820363
0.011934905312021965
0.012053594978108368
0.01731550350793904
0.011526085351057687
0.012541541383130272
0.011710713720525422
0.011288706018884875
0.011644775017144079
0.012765732974626824
0.011578836313762749
0.01069525768845284
0.012370100754338783
0.8288231260220508
0.011693060839305183
0.011884750361261005
0.23840278392167263
0.011353917838921803
0.026320445899318725
0.011634079447934157
0.011088501577752203
0.011162228316965981
0.011781532926361716
0.011353917838921802
0.011604588752248648
0.01176678757851896
0.014479931581585987
0.011412899230292825
0.5940605738889388
0.012437460692930826
0.0715552927261975
0.16932781391681465
0.012155857809317293
0.19264453268001464
0.01218401809767864
0.013779767771488639
0.013169628190325997
0.01348877812508799
0.012747223864905703
0.012728450339331468
0.013047600274093468
0.014296039724780095
0.012165244572104415
0.4242722912149288
0.01989180191427382
0.024019975031211005
0.019675405742821464
0.019642114024136497
0.18976279650436947
0.020058260507698693
0.019209321681231788
0.02092384519350812
0.018260507698709936
0.019275905118601735
0.020707449022055756
0.020557636287973354
0.022804827299209324
0.02042446941323345
0.5447856845609657
0.007531794048647961
0.022002716384738802
0.009350948676791352
0.007482405235214205
0.01815862040581137
0.007844589867061758
0.0077046548956661125
0.007433016421780447
0.008280857719059944
0.0072601555747622976
0.007284849981479175
0.007737580771288615
0.6638021154875082
0.007276618512573551
0.21084907601761552
0.05413687436159357
0.05910793326523676
0.05148110316649655
0.05522642151855649
0.047735784814436605
0.052162070139598365
0.07585972080354107
0.05556690500510732
0.052570650323459436
0.05202587674497796
0.05236636023152888
0.05141300646918636
0.047803881511746776
0.0540006809669732
0.23854273067756232
0.010512427647259142
0.011363636363636388
0.014357053682896413
0.010356372715923304
0.1710787651798887
0.01039893315174217
0.00997332879355355
0.010597548518896863
0.01017194416070824
0.010015889229372407
0.010072636477130893
0.010129383724889376
0.01262626262626265
0.010143570536828989
0.6882022471910114
0.016502099648167057
0.01872659176029963
0.018204517080921547
0.016388605152650098
0.025990239473385534
0.01613891726251277
0.01800022698899101
0.01607082056520259
0.6817387356713199
0.01616161616161618
0.016161616161616182
0.016070820565202596
0.05059584610146414
0.016411304051753502
0.0568380433548973
0.013589823865678785
0.023770596352083163
0.012036038543152378
0.014679792674018194
0.021764589928224463
0.013705777994225525
0.012465068818775337
0.014494266068343403
0.018436706438932818
0.014192785334121862
0.013589823865678785
0.013763755058498906
0.025046091766097397
0.014157999095557832
0.7743068841966111
0.012264888669383021
0.019903691813804122
0.014001728608470146
0.011746306128328568
0.018586656788903932
0.01112071449150098
0.01403465448409265
0.012347203358439283
0.010330493476560865
0.012314277482816778
0.011548750874593543
0.011589908219121673
0.011367658558669764
0.011861546693007336
0.8169815203523061
0.016799176468011472
0.01798190857918829
0.018814201546312716
0.016842981361017993
0.44593381080666594
0.016974396040037643
0.01671156668199834
0.016755371575004917
0.015725956589351008
0.016580152002978694
0.017193420505070403
0.016952493593534377
0.017434347416606415
0.017302932737586766
0.33199728409663304
0.007979499310072934
0.03746895328208156
0.010542085550956048
0.007490636704119845
0.029063670411984988
0.007703528484131674
0.00830277942046126
0.007940074906367042
0.008216045732308299
0.007671988961166957
0.007806031933766994
0.008042578356002363
0.6276522767593141
0.007908535383402323
0.21621131480386346
0.027108105159812445
0.0532707901530854
0.09710555979782552
0.024890003999854617
0.0761972291916658
0.0311261408676049
0.03223519144758381
0.03083524235482357
0.031835205992509434
0.030380713428602678
0.027744445656521673
0.027926257227009997
0.035071451947202036
0.02683538780407993
0.4474382749718193
0.012378856326499063
0.015351944090505387
0.01104289740916635
0.011398123479671
0.28479091856828476
0.01126684427970189
0.012610525502915141
0.012378856326499061
0.01007760917409936
0.01176107185605619
0.011521680373759575
0.01084983976215295
0.01590795011390397
0.011923240279547442
0.5567396424572384
0.020447844449756943
0.09921906127978321
0.015045023507849219
0.02011315642680691
0.08446888198262813
0.017977528089887625
0.02350784923101442
0.02275081679815124
0.019045342258347267
0.021364252131643946
0.02265519164873697
0.022360347438042875
0.03236114431428801
0.02151565861821659
0.5571679018248468
0.018984889577683104
0.019150938174572474
0.016586409844836867
0.019722883341635807
0.046272208999833996
0.017047655947307276
0.019667533809339353
0.018929540045386654
0.01737975314108602
0.02162321728381401
0.019501485212450008
0.01904023910997958
0.01885574066899138
0.021549417907418728
0.7056880869356642
0.05919429980816657
0.08778660820316045
0.06147803051064209
0.059011601351968486
0.0969215310130628
0.06595414268749411
0.05755001370238415
0.058828902895770474
0.07536311318169345
0.05928564903626557
0.058006759842879285
0.05837215675527537
0.06102128437014698
0.058372156755275365
0.08285374988581323
0.008647199658435622
0.22313017818635794
0.009187649637087847
0.008290502672525155
0.07091244169895854
0.013430181969507819
0.508071620431171
0.008441828666547779
0.009614605120223104
0.00863098615907606
0.008609368159929976
0.008906615648188699
0.010079392101864017
0.008982278645200016
0.09506515124492652
0.014371321562332796
0.009844836811128951
0.011589085072231128
0.014927768860353127
0.06774745853397542
0.012161583734617447
0.014403424291064735
0.013113964686998386
0.012124130551096835
0.013809523809523813
0.013424291064740504
0.014264312466559665
0.01112894596040664
0.01347244515783842
0.7636169074371321
0.016336234996356953
0.018688243790824618
0.02005598803543352
0.01674528000409046
0.06915417161994605
0.016349017652848626
0.016502409530748684
0.016400148278815314
0.014150400736281031
0.017563370019557455
0.016259539057406923
0.016783627973565477
0.08878833199115438
0.01771676189745755
0.6385064744155128
0.05210877707213792
0.05406285621234311
0.04974759811105664
0.05357433642729179
0.0569125549584757
0.05267871682136442
0.06407751180589469
0.053900016283992665
0.06122781305976214
0.05129457743038578
0.05308581664224052
0.05153883732291142
0.051131737502035327
0.05267871682136443
0.2419801335287413
0.0060192616372391735
0.012597454712221966
0.012205724986623869
0.006129137048077667
0.049553810288160256
0.006057479171443866
0.006229458075364983
0.006367996636856993
0.006549529924329293
0.006716731636474819
0.006473094855919901
0.00594760376060537
0.15201501949094237
0.006468317664144317
0.7106693801115951
0.013092608598226566
0.030645453866427617
0.016507143847967802
0.014863898759029841
0.18485440208286638
0.013850208606762903
0.014287695935635992
0.013935571988006438
0.013860879029418348
0.013508755081788774
0.013295346628679957
0.013306017051335405
0.1609206440667113
0.014394400162190409
0.4686769742949516
0.02031359106201996
0.06295626229924464
0.01964705135529743
0.019440741446073783
0.11007427156732047
0.02083730083158765
0.026725068240970016
0.01969466133434903
0.025312638862438917
0.018313971941852376
0.01967879134133182
0.019361391480987783
0.09423601853615181
0.01953596140417699
0.5038722782961976
0.01494884640952055
0.017397084812815135
0.022455696612999985
0.015062340905037523
0.10595521831476884
0.01384632845307001
0.01528932989607144
0.014948846409520551
0.014397587431295274
0.015013700406958815
0.014559722424890939
0.014786711415924877
0.13549621414789953
0.014543508925531386
0.571298863433695
0.008510528886946244
0.008724791950565235
0.009496138979593607
0.008287695300782504
0.012958630087676464
0.008356259481140577
0.008381971048774849
0.008553381499670037
0.007739181857917887
0.00858766358984908
0.008639086725117635
0.008313406868416773
0.008304836345872018
0.008630516202572882
0.8765159111751045
0.010326480045258879
0.131809425598499
0.4511927012840072
0.010791959381556956
0.08212487736409782
0.011099891865569535
0.015718879125758152
0.010390931030284767
0.009767904841701194
0.010720347175972643
0.011192987732829156
0.010355124927492606
0.016614031695562147
0.010362286148051039
0.2075321717833588
0.01853452415250163
0.017454143858638194
0.019062710073945974
0.018102372034956255
0.04628829347930474
0.017934312878133053
0.019062710073945978
0.017958321329107796
0.01822241428982997
0.017790262172284594
0.018246422740804714
0.01726207625084025
0.01903870162297124
0.018030346682032024
0.7170123883607026
0.05745477727308951
0.06454697585464984
0.053789146545541476
0.05641883815443465
0.05530321141126783
0.05713602677504186
0.056259462905410826
0.055143836162244025
0.05410789704358912
0.05801259064467292
0.05657821340345847
0.05657821340345847
0.05283289505139846
0.0557016495338274
0.2101362658379148
