0.007720058961520148
0.007020321076449229
0.007089147753669321
0.00615425205476309
0.007026056632884236
0.007192387769499455
0.007375925575419698
0.006463972102253502
0.01834230947915412
0.006372203199293378
0.007026056632884245
0.006750749924003878
0.006756485480438884
0.006790898819048922
0.891919174538718
0.02013252664938057
0.03337366753097088
0.01901469317199653
0.015453759723422635
0.018749639873235368
0.018692019590895993
0.019245174301354057
0.02860270815326995
0.019371938922500713
0.021331028522039726
0.01861135119562085
0.04543935465283774
0.015868625756266193
0.02060501296456353
0.6855084989916456
0.012739617350233406
0.014234054722237611
0.012656593051788732
0.021337244700282285
0.5768620505156733
0.013062489621962709
0.013099389310160359
0.015377945056364296
0.012250696481614755
0.012758067194332222
0.012675042895887556
0.016328112027453382
0.023800298887474414
0.013302337595247331
0.22951606058928797
0.012974288468528232
0.012626621786058539
0.012026106607247239
0.014902258253132922
0.01171004598682023
0.011899682359076439
0.012168333886439392
0.012152530855418042
0.03667883500055311
0.011915485390097794
0.012642424817079887
0.012895273313421484
0.013400970306104685
0.012500197537887735
0.7995069454321333
0.023559507670626458
0.02178258771627491
0.022831889585870437
0.015302957193079218
0.026990801375581155
0.02137665341635838
0.02349057543101798
0.035798809769996096
0.014812772378085677
0.03110375833888622
0.026217228464419495
0.031080780925683386
0.040424928961497526
0.02433308058178811
0.6408936681908349
0.01095074043217518
0.009479633424151647
0.010477884608167612
0.008481382240135686
0.009066822784145048
0.011468630144183464
0.01137856236818203
0.011731327824187674
0.01468855313623499
0.012827152432205195
0.010793121824172662
0.007873424752125956
0.009862421472157774
0.0109582460801753
0.8499620964775999
0.018782077958107914
0.019688352522310076
0.014185971239654128
0.014898044111527245
0.016127988162944456
0.017246959818745092
0.015489896888149068
0.018920793452628672
0.014333934433809575
0.01941092153326859
0.022148240625144495
0.013113238082027086
0.08909233828085265
0.014824062514449517
0.6917371803763812
0.009509676247009309
0.01704069374198694
0.009136153931574761
0.015829270016253286
0.008954440372714706
0.009338057885863704
0.008752536418425771
0.010085102516732803
0.010519196018454026
0.014032324823081675
0.009550057037867099
0.0487497097630657
0.016929646567128007
0.009237105908719227
0.802336028751123
0.008597948216902759
0.008663084188242928
0.008337404331542063
0.009086468001954055
0.00865222819301957
0.008304836345871982
0.008521956250339219
0.008066004450958014
0.016218856863702967
0.008402540302882237
0.008793356130923271
0.00846767627422241
0.009401291863431551
0.008511100255115858
0.8719752483308939
0.0073985967446174635
0.007844636548359943
0.007320716778884643
0.00800039647982557
0.0073490367664238564
0.007051676897262191
0.007115396869225407
0.007370276757078252
0.013097994236882543
0.00728531679446064
0.007915436517207958
0.009444715844325036
0.007228676819382226
0.007695956613779116
0.8878811693322837
0.008155128669807924
0.007921046272804181
0.008230639120454283
0.00803431194877373
0.008094720309290827
0.008691252869397141
0.008600640328621503
0.007883291047480997
0.011341669687084706
0.008238190165518921
0.008864926905883795
0.008562885103298308
0.0084571704723934
0.008849824815754519
0.8800743022834359
0.022297257961227283
0.03233005375405105
0.028216025305156194
0.023810909937707465
0.02105528710873072
0.023655663581145386
0.02212260581009495
0.03060293803729801
0.024897634433641954
0.02084182336845787
0.023364576662591507
0.020570142244474253
0.025072286584774277
0.02309289553860789
0.6580698996720429
0.03233603344656383
0.04662050344046675
0.028917341694974258
0.06273408239700368
0.04215660656737208
0.031900531312603383
0.029483494469122844
0.07913073774061484
0.05293528438289338
0.03392561623551945
0.030136747670063524
0.06730685480358846
0.04993031965856625
0.031443254071944884
0.38104259210870134
0.012935753385191557
0.014385863824066035
0.01184096802074327
0.2898684336886585
0.010976663785652522
0.011668107173725122
0.011831364640353373
0.011581676750216048
0.012772495918563302
0.018304043023144097
0.011005473926822216
0.024690290982425755
0.016085662153077843
0.012542014789205769
0.5295111879381544
0.02031722395198771
0.02414150985966336
0.01780154325165831
0.0678444113532783
0.07224403230901123
0.018523532331573476
0.016447813726817376
0.024039980145300305
0.017598483822932182
0.017034429854248447
0.01885068363341006
0.2707459049681874
0.03669735120256306
0.019155272776499234
0.35855782681286935
0.005014723961460386
0.0062040769648626206
0.005094776567458616
0.8526460245304045
0.005632272636303852
0.004991851788318034
0.0053406524287388825
0.005300626125739771
0.005678016982588552
0.005340652428738886
0.004963261571890098
0.006272693484289673
0.007187580409983699
0.0051062126540297875
0.07522657746519144
0.009404743065132363
0.01235126112480124
0.009103308992531964
0.012991808529077083
0.011092773871694587
0.01000007535851815
0.010497441578308793
0.011122917278954625
0.01091944927994936
0.014370869411223902
0.00995486024762809
0.013843359784173198
0.4536507434117813
0.010339188690193585
0.4003571993760312
0.005649331030276078
0.0058659552271988795
0.006025573056510413
0.005979967962421395
0.005495413837725674
0.005877356500721127
0.005854553953676622
0.005495413837725676
0.006179490249060814
0.006675445647278806
0.006059776877077167
0.006361910625416851
0.005369999828980897
0.00575764312873748
0.9173521682371923
0.013800818284075606
0.027669620894673702
0.016186450105684733
0.01909123496619326
0.021680819767369987
0.0150987008813241
0.016186450105684737
0.39302357202012334
0.02982039777011408
0.011872535568163565
0.013565963337906828
0.019678372331615172
0.02019134497719434
0.015766183359909033
0.3663675356299675
0.010040359603405784
0.01127558805461428
0.01140109254965684
0.010430084088011677
0.011328432052526934
0.010172469598187442
0.011235955056179771
0.010278157594012781
0.009842194611233309
0.009175039137585949
0.011103845061398115
0.010469717086446171
0.009934671607580471
0.010819808572617565
0.8524925853265426
0.014494077525044924
0.01685900754138626
0.017945048364341326
0.014971123494006476
0.01458542675314394
0.015062472722105518
0.014321528983080109
0.016574809942855994
0.01889914030226446
0.012646793134598015
0.0149406737513068
0.014199730012281402
0.013742983871786293
0.015245171178303554
0.7855120124234938
0.016766046052542685
0.01765843237469411
0.01856433970172667
0.015643802647412792
0.017036466150164326
0.07878689544206935
0.01757730634540763
0.018402087643153674
0.048405197474276386
0.01928095296042407
0.01753674333076438
0.018131667545532026
0.015522113603483049
0.017658432374694135
0.6630295163536545
0.015860456119990856
0.016089043625046172
0.015350530147175186
0.014823020520124495
0.015086775333649835
0.015948374391165983
0.015596701306465503
0.01519227725905998
0.02270049761741489
0.015086775333649842
0.015491199381055374
0.014049339733783485
0.0163527984385715
0.014858187828594539
0.7775140229642524
0.011865698849888964
0.014235524178847233
0.011675118491266435
0.010780219415995477
0.010531636339531329
0.011211096748533354
0.011691690696364049
0.012768884027708718
0.014997845613337295
0.018792880580690067
0.01105366080010605
0.02396340857114447
0.011028802492459642
0.011078519107752472
0.8143250140863737
0.007672619257276368
0.007109060382985216
0.007555211158465709
0.008852570650323452
0.007561081563406245
0.007790027356087024
0.00772545290174116
0.007643267232573695
0.007379099010249725
0.007966139504303004
0.007760675331384356
0.007379099010249726
0.0071736348373310724
0.007772416141265421
0.8926596456623581
0.008130431969634895
0.007806939981453135
0.008425169114422721
0.009489098319998283
0.008389225560180305
0.007591278655998637
0.008144809391331866
0.007857260957392526
0.008849303054483252
0.007634410921089533
0.008396414271028795
0.008604886885634808
0.007814128692301626
0.00838922556018031
0.88447741666487
0.012292595149917396
0.011717197079070199
0.011110413658904063
0.021143263657857906
0.011288263971711381
0.011497499633837633
0.011591655681794448
0.3617161509007595
0.016079760634402588
0.01236582763166158
0.011204569706860876
0.023779633000648708
0.01153934676626288
0.011560270332475503
0.4611135521938361
0.00666138130256888
0.007262819286111348
0.006998551081221478
0.006998551081221481
0.006497352761602749
0.006670493999289217
0.006679606696009558
0.006624930515687519
0.006980325687780798
0.007508862097560542
0.006834522540255347
0.008502146040077657
0.0073630589500350944
0.006643155909128201
0.9017742420514501
0.013437504195025027
0.013773106197897763
0.012752876109164604
0.011678949699971783
0.013491200515484664
0.012846844669968967
0.012175640664223466
0.012162216584108558
0.012417274106291856
0.016041775737317587
0.013262991153531184
0.012685755708590048
0.017209670707314783
0.012524666747211127
0.8135395272038981
0.005822161550398436
0.005769657087519088
0.005641312844925134
0.8166835847713725
0.005740487941475009
0.005431294993407754
0.005512968602331182
0.005933004305365938
0.006055514718751071
0.006563057859918078
0.005810493891980801
0.006755574223809007
0.0070414318550409945
0.0054371288226165715
0.10580232653108841
0.01004594011180609
0.00852382797365365
0.009686168151879136
0.008348554454714871
0.010211988708695436
0.009741517684175595
0.010239663474843662
0.010055165033855487
0.012739617350233406
0.009520119554989779
0.009898341359015543
0.008588402427999511
0.008616077194147736
0.009898341359015541
0.8638862751609745
0.01921805887437079
0.02264138153100474
0.018607961767247907
0.017963970376395976
0.02269222295659831
0.018828274611486725
0.020641618790990846
0.01806565322758312
0.020031521683867966
0.023268425779992146
0.02009931025132606
0.02048909451421013
0.01931974172555793
0.018997746030131966
0.7191350178792344
0.013588386417804214
0.016848773743564346
0.013846328453070043
0.018231343052589215
0.01500190877106098
0.015136038629399207
0.013939187585765742
0.016033676912124324
0.01208200493185172
0.03126257467421923
0.014289988753727266
0.046656555338884256
0.045996223728603715
0.014032046718461437
0.713054962288874
0.012391290547832133
0.013800545927759762
0.012454770519900933
0.012975306290865194
0.012010410715419252
0.01237859455341837
0.012289722592522026
0.014727353519964424
0.012200850631625694
0.013038786262934011
0.012416682536659644
0.016441312765822346
0.012340506570177084
0.013026090268520255
0.8175077762965792
0.01811116386207382
0.17064936435089917
0.018023245590898723
0.1412670781241758
0.019359603312760484
0.019377186966995495
0.01804082924513373
0.018234249441718985
0.023351092824110742
0.026164477501714443
0.01904309753653007
0.09008106064602342
0.023122505319055416
0.018445253292539265
0.3767297919853709
0.010693703577598714
0.012484394506866421
0.010731535076104366
0.013480623967515343
0.010113620600511998
0.010895471569628883
0.01058020908208175
0.011399891549704284
0.014716452918700103
0.0109585240671383
0.010756756075108136
0.08845004350622308
0.014262474936632226
0.01073153507610436
0.7597447634900795
0.009575659291864526
0.009588529801665418
0.00931824909584666
0.010811228232750273
0.009781587448678816
0.009640011840868993
0.009807328468280602
0.009511306742860059
0.010373630899519903
0.47642766129966413
0.009897422036886854
0.010875580781754738
0.014157560780982499
0.009356860625249342
0.39087738265312705
0.017862945290989005
0.017760333829288717
0.01790570006669743
0.012800779847108925
0.019624442050176997
0.020120397448394983
0.01864108220888272
0.017922801976980818
0.01161219708241409
0.016298120500059837
0.022745540676893616
0.014741846664272383
0.01734988798248763
0.019213996203375893
0.7553999281719765
0.01694154237028276
0.02373130078629783
0.018047615918698117
0.024914032897474656
0.016229712858926337
0.018080469588453038
0.020905885187375427
0.04177891670499595
0.012363931051098394
0.015693102919596098
0.01927415292288149
0.015331712552292081
0.02089493396412382
0.018814201546312737
0.7169984887311921
0.01133903721265849
0.011751365838573348
0.009941701313724814
0.01159101581738422
0.010056237043145615
0.010216587064334716
0.010468565669060459
0.012507301652750585
0.016298434296578804
0.010285308501987198
0.010354029939639674
0.010399844231407985
0.42930282101501566
0.010342576366697583
0.425145174037041
0.01685393258426969
0.015856802373656338
0.016270246607325296
0.016756651588112292
0.015978403618853096
0.017170095821781257
0.015832482124616996
0.01585680237365635
0.4238046597597161
0.017486259059292807
0.016780971837151656
0.017534899557371517
0.01673233133907295
0.0164161681015614
0.36066929325356295
0.009053100801911698
0.009340318466946978
0.008490154178442564
0.009512649065968137
0.008409733232232692
0.008386755819029873
0.008995657268904644
0.008191447806805887
0.30476092001562466
0.009053100801911702
0.008869281496289122
0.010627053606304986
0.009880287677213285
0.00837526711242846
0.5780542726499851
0.018030472380728274
0.030923387650253938
0.016530384140243524
0.017471615977410444
0.01709904504186521
0.32171500284330445
0.017618683451967748
0.02359942741729905
0.04840480812596819
0.016059768221660085
0.016471557150420608
0.021305174814204724
0.019608996607643574
0.01604996372335626
0.39911171245367394
0.02656791370337637
0.029106874833424473
0.02282259535131645
0.022093170054286054
0.021293607709464268
0.22140863246784226
0.021728457405770864
0.02538961130048113
0.03355356366339827
0.019540181514679653
0.023271472457181315
0.01986281193452002
0.029373395615031748
0.022443855293242967
0.4615438566959852
0.050405742821473046
0.05149812734082386
0.05009363295880141
0.06148564294631708
0.05516541822721588
0.054151061173533
0.04993757802746556
0.05165418227215971
0.12749687890137326
0.04892322097378271
0.05157615480649179
0.05212234706616718
0.05805243445692881
0.0517322097378276
0.18570536828963793
0.0175600171916252
0.02600233314913732
0.01921778105237302
0.018276334909232285
0.015411064038803919
0.017119993450809407
0.016986963017539533
0.016475307504963017
0.016199013528171723
0.01968850412394341
0.018562861996275114
0.014234256359877984
0.017938642270931813
0.017242790773827763
0.7490841366324882
0.0136338722937791
0.018543893304101545
0.21870147072257234
0.015620718004932836
0.015586462044395696
0.013987850552662799
0.0147072257239426
0.02086187996711424
0.01892070887001003
0.02109025303736178
0.013736640175390483
0.014981273408239685
0.012971590390061174
0.013622453640266707
0.5730337078651685
0.007804884305576929
0.00684931506849315
0.007830537171002
0.006983992611974762
0.007028885126468629
0.007734338925657994
0.007426504540557176
0.007016058693756088
0.007933148632702277
0.0075996613821763875
0.007978041147196142
0.00772792570930173
0.008696321379098046
0.007945975065414803
0.8934444102406242
0.014944434211334165
0.017437219868606815
0.014784797691410289
0.03149751335420883
0.01483391662061764
0.015239147786578226
0.014944434211334158
0.017781052373058225
0.020101921778105207
0.02743292196230117
0.014747958494504792
0.018174003806716976
0.14761466200036863
0.014465524651562561
0.6160004911892926
0.008464190404196595
0.010285308501987198
0.008658901144211936
0.010938162159685717
0.009254486937200067
0.008910879748937681
0.009197219072489663
0.010628915690249572
0.00948355839604165
0.024361749647802657
0.008991054759532234
0.25156627609982946
0.01096106930556987
0.009139951207779263
0.6091582769244869
0.006265664160401007
0.008250964489876387
0.006237503872039654
0.006779589422995694
0.006160063079045932
0.006336064881304395
0.006117822646503909
0.006624707837008256
0.007293514685590385
0.07544141252006424
0.0061037425023232235
0.009546337754498606
0.007962321534172517
0.006216383655768637
0.8346639069584068
0.010256888433027156
0.012005221688656783
0.010668718044353247
0.24607207795235203
0.010544392123952917
0.01032682176325234
0.009806206971575962
0.009984925482151435
0.012665703140783531
0.01003931807232658
0.010241347692977115
0.013380577183085426
0.014701540087338923
0.010388984723452503
0.6089172766407147
0.01686650076665913
0.02159213734509716
0.017972500816931858
0.015798205263554806
0.01963150089234097
0.01550913706859716
0.017783978081089932
0.016489455294975256
0.019128773596762443
0.017344091697458732
0.01680365985471182
0.4014528818842218
0.020171932735087866
0.01713043259683784
0.36632481210567347
0.0052434456928839015
0.005281168323767959
0.005168000431115786
0.007382857758736835
0.005313502007382866
0.004947053593080604
0.005076388327540226
0.007404413547813437
0.005302724112844563
0.014609436046668289
0.00494166464581145
0.23683884353191614
0.006946353029935609
0.005054832538463621
0.6804893164120385
0.06132958801498137
0.06226591760299631
0.061142322097378396
0.08679775280898877
0.06320224719101136
0.05842696629213491
0.05917602996254694
0.05767790262172297
0.05655430711610504
0.0568352059925095
0.059363295880150026
0.062172284644194845
0.09316479400749061
0.05870786516853949
0.10318352059925101
0.015426029962546849
0.015028089887640476
0.015800561797752834
0.01779026217228466
0.015589887640449458
0.015589887640449473
0.015426029962546845
0.015145131086142367
0.4874297752808989
0.017766853932584287
0.015730337078651707
0.01556647940074909
0.016362359550561822
0.015355805243445729
0.30599250936329586
0.012323305545487547
0.0156457653739278
0.012489428536909564
0.011915549111997154
0.012172284644194798
0.012232693004711906
0.012081672103419167
0.012081672103419164
0.01381841246828565
0.012353509725746106
0.01197595747251425
0.01253473480729738
0.012489428536909566
0.012066570013289889
0.8238190165518905
0.026373785180100445
0.11166106675337502
0.024988860387538076
0.06900538314245455
0.11125161072774804
0.0294206197237376
0.029396534075171298
0.050495562219251666
0.02394113467490393
0.036321158037983095
0.02415790551200065
0.04473909221190556
0.04713561424425257
0.025988414803039605
0.34512325830653795
0.024812734082397026
0.02512484394506869
0.023096129837702886
0.020041911895844474
0.022338148742643133
0.024612092027822375
0.02389869805600144
0.026685393258426993
0.15262172284644204
0.04744069912609239
0.024344569288389517
0.022583377920456584
0.021490993401105773
0.024656679151061196
0.5162520064205454
0.01156922490954104
0.012108804672125946
0.011632704881609857
0.011394654986351805
0.011521614930489431
0.012013584714022732
0.011474004951437817
0.011426394972386213
0.5143464736875516
0.013616454008760244
0.011775534818764682
0.011394654986351805
0.011918364755919513
0.01168031486066147
0.33212721386402605
0.01002778784583791
0.009937175305062272
0.009952277395191542
0.011190648785792009
0.010360033828681944
0.009952277395191536
0.009740848133381708
0.01016370665700138
0.604385646973541
0.010178808747130652
0.009755950223510982
0.011885344931738602
0.010586565180621047
0.009816358584028073
0.26206657001328976
0.009737827715355812
0.011511121302453572
0.009057555606512275
0.008063899717190261
0.009156921195444475
0.0101505770847665
0.009737827715355812
0.00927157379805855
0.025330581670870607
0.008851180921806933
0.009523809523809526
0.010318734235267146
0.00940915692119545
0.00984483681112895
0.8500343957807844
0.012914556286507183
0.017814519415497512
0.014971570510954607
0.011701694125866016
0.014146824241718614
0.01587393995847164
0.016504628282005048
0.015495526964351594
0.016067997904174226
0.021123207389726627
0.014098309755292965
0.010993382624051569
0.014874541538103313
0.014185635830859128
0.7892336651724199
0.019214263420724097
0.022764513108614246
0.018921660424469404
0.018277933832709103
0.018180399500624222
0.01970193508114856
0.018999687890137326
0.023525280898876403
0.16643258426966287
0.022784019975031208
0.01933130461922596
0.016990480649188525
0.020326154806491876
0.018804619225967538
0.5757451622971282
0.007308654150963331
0.008600143237880548
0.007666748852335829
0.0065865943432778015
0.007989621124065135
0.007249950101558007
0.007244079696617469
0.006915337019947633
0.006786188111255912
0.01219870146642716
0.00781937938078968
0.16401324363354589
0.007032745118758288
0.0070620971434609565
0.7355265166191164
0.006861723597382971
0.007096392667060911
0.0066176677649179075
0.007396769076248671
0.006758469206724672
0.006636441290492148
0.006711535392789091
0.007002525039189735
0.6411909924624294
0.006983751513615499
0.006645828053279256
0.007453089652971373
0.007490636704119854
0.006852336834595845
0.2683018407441825
0.010674558301053048
0.022945087377394934
0.01134823440720517
0.010321680340687662
0.01097931653955043
0.011027436261418444
0.01143645389729651
0.013698080825092869
0.013120644162676774
0.011043476168707775
0.01092317686403776
0.009391365717906178
0.014363736977600315
0.011179815380667136
0.827546936778705
0.011696238287998578
0.016002723867892397
0.011475554546715595
0.010548682833327024
0.011248565555681659
0.012780741245160718
0.0115196912949722
0.011626880540738217
0.01318427722922105
0.019836315716465533
0.010718924576602479
0.008127466928965054
0.016866543083771557
0.011708848787500474
0.822658545504987
0.011763929449421699
0.0098252734742365
0.011788678249104928
0.011046214258608467
0.011021465458925241
0.010955468659770005
0.011953670246993016
0.012885875035060796
0.012588889438862213
0.011805177448893728
0.012588889438862227
0.009346796680361001
0.011739180649738485
0.011664934250688838
0.839025557260473
0.00855476615233742
0.009243320501184088
0.008168758411317324
0.008773851626970459
0.00825221954451086
0.008419141810897935
0.00837741124430116
0.008335680677704394
0.108624664851387
0.00860692936058338
0.008700823135426111
0.030181632291112412
0.008721688418724493
0.008554766152337424
0.7584843458212052
0.0673437049841544
0.05193027945836931
0.06302218380870071
0.06251800633823104
0.0684240852780179
0.05826851051570156
0.058196485162777305
0.05099394987035436
0.059492941515413456
0.05236243157591471
0.06165370210314037
0.0668395275136849
0.09730625180063393
0.05848458657447419
0.12316335350043203
0.008598039062051093
0.009585298711338845
0.00836820083682008
0.0072451276908048964
0.009120398664848846
0.007913747982386025
0.008493567141491534
0.007574214240567484
0.00963231107559065
0.00772047492935085
0.008446554777239743
0.008676393002470755
0.007960760346637829
0.00923531777746436
0.8814295937609373
0.006230769890040193
0.006719289675091491
0.006222199367495436
0.006916411693620964
0.006085071006779285
0.006436462431114428
0.006145064664592601
0.006736430720181013
0.6266166148150059
0.006573590791830578
0.006162205709682118
0.008870490833826147
0.007319226253224665
0.006256481457674473
0.28670969068984153
0.015720895099612837
0.028082019324583693
0.012400465804299217
0.010850407578761816
0.011590029270134989
0.012321782645642498
0.011409058005224534
0.012636515280269378
0.012581437069209675
0.012195889591791742
0.012959116230761939
0.011039247159537944
0.0133918736033739
0.011715922323985746
0.8111053410128094
0.015395578535679922
0.016108183354877157
0.015660733817241694
0.014434390640018523
0.015461867356070372
0.014732690331775503
0.014633257101189831
0.019903218322229944
0.17190348347751158
0.015644161612144082
0.015345861920387083
0.014782406947068321
0.015693878227436897
0.015428722945875138
0.6248715654104939
0.0075384492788269745
0.008574388397481859
0.007809387202167481
0.007076261056657882
0.007442824129412678
0.007538449278826978
0.007865168539325822
0.007339230217547195
0.01201689377639652
0.007546418041278171
0.007570324328631742
0.007147979918718599
0.007976731213642504
0.007434855366961486
0.8891226392541232
0.06292134831460683
0.059737827715355914
0.05926966292134843
0.0889513108614232
0.061329588014981395
0.05749063670411998
0.059456928838951414
0.05889513108614244
0.055992509363296035
0.055430711610487085
0.05945692883895147
0.06282771535580532
0.09428838951310857
0.05945692883895139
0.10449438202247197
0.052184769038701485
0.05168539325842683
0.052767374115688576
0.053017062005825906
0.05185185185185171
0.05118601747815218
0.05243445692883881
0.05185185185185171
0.0699958385351642
0.05418227215980011
0.05310029130253836
0.052933832709113476
0.05584685809404897
0.05368289637952545
0.24327923429047055
0.01523078434026921
0.00835065310813644
0.010272418159087119
0.006333330678961713
0.010033524713526943
0.014755651820766219
0.009449562957713199
0.009322153120081122
0.04723985167371406
0.008223243270504367
0.010110501490429661
0.007973732338474851
0.008719610762946032
0.01004945094323095
0.8239355306221584
0.007699677728420875
0.007142234996951487
0.007699677728420875
0.007368696106610935
0.007734517899137708
0.007368696106610932
0.007473216618761436
0.0075864471735911515
0.37942687919170803
0.007873878582005056
0.006933193972650475
0.008257120459890261
0.007725807856458501
0.007534186917515916
0.5221757686612664
0.008474255665266894
0.008786365527938562
0.008247266674232966
0.011671017288994825
0.008682328907048013
0.008445882041387662
0.008540460787651796
0.008256724548859378
0.008937691521961187
0.35329890666969344
0.008058109181704676
0.052198010063178556
0.012834335868043747
0.008237808799606549
0.485330836454432
0.012526358858149973
0.018781669971359282
0.012542095489881314
0.3832656658168887
0.012353255909105184
0.011369716425896171
0.012140811380732036
0.014131495294747078
0.013832499291851536
0.012384729172567872
0.012345387593239514
0.02653196109904629
0.02338463475277746
0.011999181695149939
0.4224105372486072
0.007992076020676628
0.009267341443030916
0.008270653418763731
0.008994954653790186
0.0078001671464388465
0.008128269415296988
0.008468752901847893
0.00841303742223047
0.008443990466462376
0.012158355774290404
0.007818738972977992
0.22064568050267735
0.00991116476305444
0.00870399603801034
0.6649828210604513
0.014102892556942264
0.01654283936610181
0.01434688723785822
0.013334309312057
0.013444106918469182
0.02080054654808519
0.013761300003659925
0.014078493088850667
0.29202503385426215
0.013919896546255296
0.013590503727018755
0.01317571276946163
0.015969451865949308
0.014054093620759073
0.5168539325842696
0.010277704708579189
0.009425926621823077
0.009776658775193235
0.008223416381696816
0.009012563726779678
0.011035536682825434
0.010108601706061439
0.010039707890220862
0.009607555772675478
0.14056217353725917
0.00975786955269127
0.008799619205090647
0.02301053449074948
0.010020918667718886
0.7203412122806365
0.01748685223609862
0.027561367106447958
0.014863824400683817
0.024403293792167463
0.016207963042712294
0.016834357749677023
0.014968223518511271
0.017969698156050592
0.014172180245076943
0.016051364365971123
0.015072622636338729
0.012723642485221006
0.531978754779522
0.01533362043090737
0.2443722350546138
0.015044574563485767
0.01684865748799916
0.01735506672996783
0.017344516537426823
0.014812470327583462
0.01746056865537798
0.01606794323996412
0.015097325526190837
0.08150023737933225
0.013609748377907882
0.015012923985862727
0.015477132457667343
0.014907422060452586
0.015550983805454438
0.7139104288653262
0.010741443325712984
0.013497738216839332
0.009671352367981584
0.03980414092773639
0.010190184347487708
0.010879258070269302
0.010044262853251622
0.009849700860936821
0.014454334679053773
0.01526500964703211
0.010790083823791687
0.06948295150542343
0.010538774583718404
0.01109814031162345
0.7536926244791414
0.3456501520750067
0.015249394632548258
0.01346471273324455
0.02229595555890712
0.013841758204928424
0.01510695523213436
0.012031939940845773
0.01573536435160749
0.09108580717056682
0.010850530796236268
0.012467636930347161
0.014285833982689443
0.018701455395520754
0.013992576393601986
0.38523992660181494
0.008935259497057275
0.011835205992509383
0.009234884965222052
0.012252541466024619
0.009384697699304454
0.009138576779026228
0.009855537720706273
0.009673622257891928
0.01059390048154094
0.04310326377742108
0.009780631353665081
0.011246655965757097
0.019582664526484758
0.009320492241840577
0.8160620652755491
0.011424794636955879
0.010936959053284208
0.01137758474176184
0.012778144965851479
0.011330374846567811
0.010622226418657323
0.010921222421552862
0.010999905580209583
0.47608031976835624
0.01065369968212001
0.011188745160985714
0.011944103484090234
0.013376136971642555
0.01095269568501555
0.37541308658294736
0.021686601425637348
0.02766702911682983
0.022371229511497774
0.05821352341830786
0.021545648584430786
0.022310821150980684
0.02074020377753619
0.021364423502879502
0.01927026700495351
0.022149732189601746
0.022995449236841107
0.02414320808666593
0.027203898352865442
0.022230276670291208
0.6461076879706824
0.01294362223432164
0.017332409378145168
0.013801580623339764
0.019898034945305173
0.014123315019221556
0.016490950188915856
0.014007820620699874
0.02054975333696316
0.012712633437278296
0.018338860565262603
0.013620089425662854
0.012407398241185297
0.41716576746027817
0.013950073421439045
0.38265769110198145
0.01070414248050962
0.013612138904918688
0.01017232990483948
0.017957160799755588
0.01087386989827668
0.010115754098917124
0.010228905710761831
0.01121332473381083
0.013091641490433022
0.011496203763422594
0.010681512158140687
0.011869604082510138
0.5827194858390751
0.010545730223927028
0.26471819591070067
0.008334489295787667
0.009542470060572432
0.008848892587968737
0.014010264946594535
0.007288343274610433
0.007872104314051874
0.007600453137282101
0.3503491006612104
0.010039533915938398
0.01165210153974198
0.008051278494474491
0.007178526841448185
0.011097239561659032
0.007820086003606598
0.5303151153650535
0.010429271103428379
0.43174877556899993
0.010410064342648585
0.0207144915010083
0.012743685777393609
0.01090944012292324
0.010534908287717247
0.011322385479688822
0.0134735426870258
0.010208393354460743
0.010746182656294985
0.017017190050897874
0.015624699894362777
0.010630942091616219
0.40348602708153203
0.011642828080498241
0.011110763356389441
0.011350714114320867
0.015492472849050094
0.010756053540316921
0.011027302223195907
0.011100330714740257
0.010557833348982276
0.011924509405026434
0.01092297580670399
0.011955807329974002
0.011235955056179756
0.010787351465264503
0.011277685622776529
0.8388574170865813
0.013307388111229723
0.018475508965748184
0.012784298955914096
0.01193689452430276
0.013746783001694858
0.0128784550038709
0.013139999581528712
0.013087690665997161
0.030987801560898087
0.012564601510681521
0.012575063293787837
0.02221036553470181
0.014541878517774613
0.012679681124850966
0.7850835896470192
0.019856835760033675
0.022922530269116257
0.024710236464774066
0.022464522896675
0.018504975289763526
0.018601009093662486
0.021947417798757467
0.023218018896497702
0.01742644179982122
0.020484749093219262
0.02087627152449971
0.020477361877534732
0.03198664391404237
0.019760801956134718
0.6967621833654678
0.009166807015855474
0.011572793109255864
0.008709669658109405
0.017611818203690812
0.008926208406515439
0.00887006873100276
0.009046507711185455
0.00931918613510417
0.016472984786147962
0.010281580572464323
0.008950268267449445
0.1385527191652832
0.011211895195245805
0.009078587525764134
0.7222289055169259
0.02235884389795781
0.02664122676842634
0.020676983958730896
0.06959225496431357
0.4413115680870607
0.02070525051233136
0.01957458836831326
0.027475090099639693
0.022330577344357352
0.018924457635502843
0.020055119779520923
0.028266553600452344
0.031672673309306835
0.021298848137940852
0.20911596353614603
0.014227642276422734
0.026970859596236376
0.013017265004110691
0.07288526536950758
0.017447702566913265
0.013062939618160189
0.012400657714442298
0.01543801954873478
0.015586462044395693
0.017127980268566715
0.013291312688407747
0.020884717274139
0.36858271672604376
0.012845985201425025
0.3662304741024936
0.012451102788181444
0.013333333333333338
0.01281731169371619
0.014415314190595094
0.013549729504785694
0.013300041614648367
0.013233458177278409
0.013849354972950489
0.04349563046192256
0.017328339575530587
0.012784019975031211
0.013716188098210574
0.02072409488139825
0.013100291302538494
0.771901789429879
0.006897318945377689
0.0074906367041198555
0.006266918826714137
0.007416471984277085
0.00676753068565284
0.006359624726517601
0.00676753068565284
0.00666555419586903
0.007740942633589204
0.007231060184670158
0.006758260095672494
0.5396966662958433
0.007638966143805397
0.006609930655986952
0.36969258723625187
0.023113964686998337
0.03301230604601383
0.02045657214196535
0.05930087390761533
0.02281077224897444
0.02056358123773849
0.022115213126449023
0.033814874264312386
0.025717852684144747
0.027483502764401573
0.02140181915462809
0.10189049402532563
0.03097913322632416
0.021116461565899716
0.5362225789192083
0.008621608110212323
0.5615928666846968
0.007802063613043858
0.013432334308591282
0.008146272301854607
0.007974167957449237
0.007556200263893324
0.00910513936354172
0.009400175382522375
0.00785123628287397
0.0076873273834402655
0.0117522680893959
0.01373556577254361
0.007843040837902276
0.31749973364803824
0.01674377616215023
0.02112555384201119
0.016213393388982717
0.022186319388346254
0.016417386763277912
0.015201586252478505
0.01488335658857798
0.3510399582221569
0.010379182884139904
0.016727456692206627
0.01540557962677371
0.01637658808841887
0.018294125806793765
0.014834398178747139
0.43417133811493797
0.010306266103540756
0.011050017265651949
0.008960430667339554
0.008570846725281316
0.00894272230633691
0.009881265439477222
0.00920834772137662
0.009411993872907061
0.16400598542601896
0.008756784515809118
0.009323452067893834
0.010076057410506345
0.012626061394887573
0.008898451403830294
0.7099813176791429
0.009261150834184538
0.010452843037112703
0.009431392577459993
0.009238451935081151
0.00885257065032346
0.009420043127908298
0.009715128816252406
0.009374645329701508
0.36065145840426716
0.009533537623425261
0.00912495743956418
0.013188060379071612
0.009170355237770971
0.009340596981046423
0.5132448076268308
0.014120698641261536
0.01551458734833885
0.014193423269456875
0.016084263602535672
0.013623747015260049
0.015138843435996273
0.015005514950971476
0.014387355611311105
0.017841775450589677
0.014169181726725079
0.014738857980921909
0.013878283213943745
0.01524793037828927
0.014787341066385455
0.7912681963080135
0.008283357459617169
0.008179959100204475
0.00798465108798049
0.008248891339812941
0.008076560740791779
0.00824889133981294
0.008214425220008708
0.007973162381379078
0.49284253578732123
0.011281909882585412
0.007731899542749453
0.008524620298246795
0.009007145975506066
0.008168470393603066
0.3972335194503804
0.010179583213291052
0.01054771279490378
0.010339639553122672
0.011444028297960852
0.010643746598802751
0.010371650821088997
0.010339639553122672
0.010371650821088995
0.012788501552546464
0.5258170876148408
0.01054771279490378
0.011828163513556743
0.01086782547456702
0.010291622651173189
0.33362143474502987
0.005924970835635759
0.006247313808558949
0.005871247006815228
0.006354761466200014
0.006139866150917885
0.0058098483453060444
0.005779149014551458
0.005886596672192519
0.007575059863694947
0.006331736968134066
0.0058021735126174
0.39603671639958254
0.005878921839503873
0.006185915147049769
0.5241757229692388
0.015440736254403186
0.015983737799869113
0.01609512273227239
0.016930509725296895
0.014452194979324172
0.015426813137852782
0.015148350806844593
0.01662420116118792
0.013937039666959052
0.01649889311223425
0.015009119641340524
0.014744580426882743
0.016443200646032604
0.015900199100566673
0.7813653008089334
0.0469413233458176
0.052684144818976146
0.04677486475239272
0.05002080732417797
0.04710778193924248
0.0481065334997918
0.04719101123595492
0.04818976279650424
0.20682480233042055
0.04760715771951714
0.048772367873491346
0.0621722846441946
0.04769038701622958
0.047357469829379814
0.1525593008739076
0.009914720302246091
0.010275057053318932
0.010417007894650637
0.013518087812974292
0.010056671143577818
0.009903801006759052
0.010198621984909537
0.010209541280396592
0.11671634946113273
0.1034821633308219
0.010264137757831871
0.01194570926283836
0.01185835489894192
0.010209541280396585
0.6510302355292042
0.008184921908838433
0.008662641086397098
0.007681724375143292
0.011248694234247989
0.008356900812759546
0.007114830951107013
0.007299549033096366
0.007223113964686981
0.010382430125608279
0.010758235878621104
0.0076243980738362575
0.3056447298020332
0.008038421361053767
0.0073186578001987156
0.5844607505923727
0.021467068603270318
0.021302639992692076
0.017539051795012344
0.018269845619804527
0.020553576322280092
0.02128437014707227
0.01934776651137299
0.031588563076642
0.2344021193020918
0.047592947839590616
0.019676623732529475
0.0213939892207911
0.07830455832648194
0.01973143326938889
0.4075454462409792
0.02490130580018215
0.02908526504032119
0.026554644532172586
0.03097479501973882
0.025137497047609373
0.02611600364409349
0.026487161318621964
0.026959543813476348
0.04447143772986466
0.02766811755575796
0.02695954381347636
0.09835678375004218
0.03283058339238112
0.025339946688261273
0.5281573708539998
0.0066806027349534105
0.006793833289783125
0.006567372180123691
0.007900008710042686
0.007020294399442565
0.007063844612838609
0.006671892692274196
0.007299015765177257
0.011854368086403633
0.4800278721365733
0.006558662137444483
0.008753592892605183
0.008056789478268449
0.006706732862991035
0.4220451180210784
0.034260059540958405
0.028714107365792687
0.03214731585518098
0.03529242293287235
0.02936233554211074
0.029722462306731902
0.030346682032075217
0.031427062325938664
0.036036684913089374
0.02700950734658593
0.031283011620090215
0.027129549601459645
0.029578411600883436
0.030298665130125736
0.5673917218861044
0.021480241896211286
0.019762530878954455
0.01933753021489093
0.017044297465048087
0.01854950815027314
0.037594850408620435
0.018009403139692372
0.021489096076712594
0.029723483942943673
0.015087523574255567
0.02024065662602593
0.015353148989295276
0.02317139037196409
0.020904720163625223
0.7022516181014872
0.012391917510519265
0.012006596692406097
0.011752284952451418
0.014726961668285016
0.01070421232718362
0.01320109122855691
0.012106780105115523
0.013663476210292694
0.01061944174719873
0.01061944174719872
0.011960358194232521
0.07922196020406591
0.011821642699711777
0.011829349116074054
0.7633744855967074
0.013260451462698632
0.013614738333839435
0.012568748523804685
0.013125485035597368
0.012872422984782519
0.014137733238856805
0.012838681378007198
0.013007389411883778
0.4738671255525189
0.01385092958126664
0.01315922664237269
0.012619360933967663
0.01449202010999762
0.012889293788170162
0.35369639302223577
0.013212311971599023
0.013309909843965406
0.01361490319511035
0.01406629335480487
0.0127853212799961
0.014115092290988061
0.014334687503812421
0.015579060376483794
0.020898144420451577
0.013602703461064554
0.014627481120911568
0.042235479266551836
0.018043406653734915
0.01456648245068258
0.7650087228098424
0.008778425249240739
0.00902525138705558
0.008714035821984694
0.014444694847772681
0.008928667246171513
0.008585256967472605
0.008853546247706125
0.00941158795059185
0.01016279793524571
0.011826191472693532
0.00875696210682206
0.295375765965895
0.019563654314628236
0.008563793825053923
0.5690093686616655
0.008481134119540663
0.5251493484384187
0.008109697588757864
0.014006252514934845
0.008798402822917635
0.008187080199337619
0.008604946296468265
0.009634135017178944
0.00959544371188907
0.008248986287801414
0.00852756368588851
0.013147305537499617
0.010485343733556194
0.008078744544525972
0.3509456155012843
0.014544540172840533
0.015920911581371395
0.014240150342107745
0.02139992853456154
0.015312131919905823
0.013869588809041752
0.01510038247243953
0.014451899789574042
0.018567779674699962
0.015365069281772392
0.01397546353277489
0.057159116475430656
0.01429308770397432
0.014981273408239747
0.7408186763012675
0.007339208738403165
0.007884349414983314
0.007177685574972008
0.007924730205841097
0.007712731053837716
0.007419970320118746
0.0072281615635442446
0.00789444461269776
0.008469870882421241
0.007924730205841099
0.007581493483549895
0.5070817811966848
0.00860110845270906
0.007238256761258692
0.3925214775331374
0.010955616856175259
0.01140415797618243
0.010955616856175243
0.014375742896229981
0.011538720312184574
0.011090179192177417
0.01121352800017938
0.010406153984166474
0.011785417928188536
0.01128080916818045
0.010888335688174178
0.2089080266433428
0.011168673888178672
0.011157460360178487
0.6428715602502851
0.015949450941425226
0.01759280491222703
0.01594945094142521
0.02479044052077756
0.01710871614563425
0.016573670666768528
0.015822059160742905
0.014981273408239673
0.01681571505006494
0.01617875614665339
0.016204234502789853
0.061300924864327734
0.019172462992687694
0.017134194501770714
0.7144258452444661
0.009618375701469502
0.010290293279579917
0.009767690718827365
0.012306046013911187
0.009680590292035274
0.009817462391279988
0.009531275274677413
0.009568604029016882
0.01060136623240882
0.4544651411649059
0.009431731929772164
0.011970087224855975
0.011895429716177025
0.009767690718827373
0.41128821531225496
0.012599140779907475
0.013053536021150027
0.013686935448336645
0.014554417272526994
0.012874531835206003
0.012227362855254475
0.01236505838290372
0.013686935448336645
0.02189358889623265
0.012048358669310422
0.012667988543732104
0.05900253359770871
0.01301222736285526
0.012778144965851503
0.763549239920687
0.007330775554946567
0.007170914405773278
0.007848421180841027
0.00860966474833287
0.007521086446819535
0.0077113973386925
0.007460186961420189
0.007901708230565461
0.008503090648884023
0.009074023324502911
0.007483024268444946
0.28685180110228065
0.008807588075880756
0.007543923753844294
0.610182393958771
0.03017207511589529
0.01215264136612454
0.1842539482988922
0.01097404468190989
0.011576438542730704
0.01337488977938419
0.013846328453070053
0.013697912574317088
0.01336615943357519
0.010197043904909098
0.014221733322856969
0.018875007639052584
0.01380267672402506
0.014247924360283942
0.6252411758029738
0.015743033073065422
0.017342728369199468
0.014282993715482736
0.025988700564971722
0.019424871453056537
0.014194121754586392
0.015628769123341567
0.015628769123341563
0.01654288072113245
0.01282295435790005
0.015120929346791065
0.5603884974290618
0.018980511648574852
0.014854313464102046
0.2230559258553925
0.0070950637545764365
0.007574801161469502
0.007675798510289101
0.008180785254387072
0.007389639355300248
0.007364390018095353
0.007162395320456167
0.007970374111012913
0.00818920170012204
0.007852543870723393
0.007196061103396029
0.28440853427597457
0.0071792282119260975
0.007330724235155483
0.6174304591171129
0.007050011015642192
0.008070793860615388
0.007218917529558621
0.012969082764191784
0.006829698171403375
0.007453917896746693
0.006837041932878003
0.007777043401630296
0.00811485642946315
0.008584857163839296
0.007145479914812347
0.28006903135786154
0.007865168539325822
0.006734229272233221
0.6172798707497988
0.012813843806353137
0.012865862116798406
0.013160632542654987
0.012935219864058786
0.013351366347620994
0.012883201553613518
0.013108614232209706
0.013039256484949345
0.4308156471077818
0.013542100152587009
0.013334026910805912
0.013108614232209702
0.013576779026217203
0.01288320155361351
0.3985816340685252
0.004075011868966611
0.00565754075011869
0.004479435916372139
0.8455495771131161
0.004444268607902097
0.004299203460463155
0.00445745634857836
0.006250989080550722
0.004483831829930901
0.005138822950185513
0.004246452497758087
0.010312813208841067
0.0057322712806175385
0.00450581139772468
0.08636651368887477
0.012149761252043164
0.011943833095228873
0.011338919134586893
0.01727222415279865
0.011364660154188678
0.01136466015418868
0.012574488075472637
0.011235955056179745
0.014620899133814652
0.012600229095074423
0.011750775448215471
0.3472077428986964
0.01162207035020654
0.011351789644387785
0.4916019923549174
0.00603837040434151
0.006508740056091585
0.006138323955338403
0.0073671646705354525
0.0058972595088164935
0.005867861405582115
0.0058267040610539824
0.005750268992644598
0.006273555230216546
0.05833171643765546
0.005656195062294582
0.19734358739174143
0.007514155186707359
0.0061089258521040265
0.6693771717848762
0.011652928868735176
0.013700568126819626
0.011571023298411788
0.01119127929054886
0.011466779845272947
0.012345403236014633
0.011422104079642007
0.012926188189216774
0.01103491411084059
0.013276148353325757
0.0110944817983485
0.013775027736204495
0.013797365619019971
0.011154049485856408
0.8295917379617429
0.021434355704018623
0.02435722239093027
0.02540742990181193
0.020358841988055466
0.025470695414515614
0.019814758578803514
0.020902925397307443
0.021371090191314904
0.02597681951614536
0.027406620103249294
0.02015639234740357
0.23751138779228673
0.021244559165907468
0.020599250936329583
0.46798765057191993
