0.012333068512843784
0.012590322702682247
0.012923239889532015
0.01286270949192297
0.010698747777399471
0.012650853100291294
0.047705519615632
0.035190859909961056
0.3769454848106532
0.012998902886543337
0.09199107176635268
0.31332047062384133
0.019377293534596902
0.012446563008360749
0.01596489236938675
0.014695371243960299
0.01430940332218313
0.01446664951253679
0.01415215713182946
0.013551762586842759
0.014452354404322815
0.01635360379678074
0.013537467478628804
0.014766846785030143
0.014852617434313965
0.025845555650856278
0.7516653801069274
0.03147782828716015
0.031763730451439494
0.01410927180718756
0.011676029962546785
0.011985018726591738
0.01228464419475654
0.015880149812734074
0.01307116104868913
0.012322097378277124
0.015215355805243429
0.019222846441947553
0.02428838951310862
0.012078651685393234
0.01969101123595506
0.7951966292134832
0.01264044943820222
0.012153558052434428
0.012294007490636678
0.002223380568104297
0.0023601297347387875
0.002192813107327176
0.002532272803325733
0.0027301568915144665
0.002377826685715015
0.002335997528862112
0.003119489812991486
0.005463531410479155
0.0023617385484638992
0.7214886031635713
0.24134458215889923
0.0036520071560034403
0.0029296497934283103
0.002887820636575408
0.010805343587894816
0.010254561477297766
0.009683750926315373
0.010575016523463314
0.010795329367702137
0.01062508762442668
0.012477718360071288
0.014150093132247785
0.012758116525466146
0.010685172945582725
0.02370365919605841
0.8296180576418514
0.010134390834985681
0.012207334414869105
0.011526367441767304
0.008027156137472796
0.008336686579791808
0.008089062225936597
0.008481134119540672
0.00807874454452597
0.008212874402864195
0.008377957305434334
0.010585941127309872
0.014496342381939947
0.008305733535559889
0.016642420115351688
0.8634042158046239
0.011731203763890191
0.008522404845183199
0.008708123110574598
0.00791179700073705
0.00759592677827417
0.0075056781432847695
0.007708737572010909
0.008235187942782387
0.00720484935998678
0.008836845509378364
0.009137674292676349
0.011363807289081443
0.007009310650843095
0.01179248830528108
0.4577862009837099
0.02007280056555815
0.010228178632131551
0.41761051697426393
0.01579870400095115
0.015412282266214807
0.014892099161762044
0.016408061351881536
0.015397419891801876
0.015129897152369022
0.01588787824742877
0.01841448189762792
0.02419594554426009
0.01566494263123473
0.01563521788240885
0.7664972355983578
0.017597051304916428
0.014624576422329194
0.018444206646453784
0.009926501647376879
0.00975049984511842
0.009996902368280257
0.010672749288952722
0.007441356199487493
0.009504097321956582
0.008926811410548846
0.02437976964884122
0.012186364788375434
0.008814170257103437
0.013601419278533422
0.8488426121483482
0.008018642110895216
0.009095773140716974
0.008842330545464796
0.012380023363079105
0.014041933114153927
0.013524091669978436
0.015077616002504896
0.014571817382612566
0.013006250225802943
0.013644519912809941
0.5440707154641906
0.016835868347844934
0.012753350915856783
0.10117176680275057
0.17387429700013243
0.02750581066271662
0.013632477088526794
0.013909462047039259
0.009296810938988974
0.009075194468452884
0.008953305409658031
0.009341134233096189
0.008776012233229172
0.009573831527159085
0.009363295880149796
0.5800035458635285
0.013518604702701501
0.00958491235068589
0.022261374465350255
0.2786494692285528
0.010814883762161179
0.009906256232963217
0.01088136870332201
0.01651487173067089
0.015847182665122615
0.017067801738078075
0.01617059455624755
0.017850249861767465
0.01653573701396929
0.01635838210593302
0.021689461988670108
0.03694198407978885
0.016254055689441105
0.029190531334439145
0.7235036983714649
0.021491241797335452
0.014793485858554225
0.01979072120851717
0.017624589541403276
0.012643241673554196
0.013856933306527874
0.02970938414457079
0.015867342759919897
0.013722906009635086
0.3481433496399878
0.015286557806717765
0.10507740076395561
0.013804811579958462
0.0605431083908534
0.29109239692928573
0.018398969479006124
0.018801051369684546
0.025427956604939683
0.009940515532055518
0.009781890284203561
0.01049570389953733
0.010125578321216121
0.010169640890063877
0.010768891826393468
0.01228464419475655
0.25259308217669113
0.022322097378277155
0.010557391495924204
0.015545274289491083
0.5958757435558492
0.008883013879709186
0.009658515091429828
0.010998017184401849
0.009332427871753689
0.009353006544017758
0.009527925258262312
0.009990945384203786
0.009610239947318576
0.010021813392599884
0.00913693048524507
0.019210190558505116
0.02566160431328964
0.009569082602790444
0.013180639585133935
0.8356895913075688
0.011266823064575847
0.00883853973741612
0.009610239947318576
0.01975685732640028
0.015817606632486093
0.016556973685805384
0.01521156806419161
0.01815691550610283
0.016835751427220838
0.01813267396337104
0.03699259420869547
0.02079924366386679
0.017369065367319986
0.056567639964607425
0.2961710483255152
0.11273529447414031
0.01932050955722824
0.31957625783304855
0.01685393258426962
0.016990956426418152
0.01689960719831912
0.016625559514022063
0.020416552480131488
0.016990956426418156
0.016968119119393398
0.027975701105325608
0.03510094089704933
0.01687676989129437
0.029437288754909977
0.3041929295697452
0.01881794098839861
0.42906732438110895
0.016785420663195348
0.01381962386588955
0.012898315608163579
0.012617917442768727
0.01208716377255702
0.01310861423220973
0.012187305974483762
0.013238799094714487
0.012938372488934277
0.01751487111698611
0.013419055058182612
0.11422219551763502
0.5804842876885179
0.13705461755693074
0.015231628913056522
0.019177231668969917
0.008988764044943809
0.008700662633246906
0.008838951310861418
0.00878133102852204
0.008873523480265051
0.008573898012100256
0.008931143762604433
0.009034860270815315
0.009783923941227308
0.008643042350907522
0.013990204552002302
0.8689830020167102
0.009392106021319497
0.008723710746182651
0.009760875828291545
0.01760451257790111
0.015693945321384697
0.015724271785773847
0.36599493548044715
0.01996997680025476
0.016709881878421196
0.018211041865684095
0.015284538052131194
0.04803711959241225
0.01567878208919012
0.08891719358898541
0.26089857313985015
0.029446996921863897
0.032767744772475696
0.039060486133224125
0.015258704397281227
0.015027511906413327
0.015143108151847277
0.014888796411892587
0.7556757756508067
0.014680723170111485
0.015119988902760485
0.015328062144541592
0.016668978591575387
0.015166227400934065
0.016553382346141437
0.023974661303000865
0.018033014287695968
0.031881444490682906
0.016599620844315023
0.010132881842901854
0.009748088861525818
0.009594171668975412
0.011005079267354152
0.014711918321276485
0.010299625468164784
0.011402698681442714
0.01530193422605304
0.014288646041762866
0.00978656815966343
0.021304704735518973
0.32512441639731143
0.01213380534605714
0.5136986301369866
0.011466830845005393
0.01022859356838433
0.009479529897972351
0.00959576391579491
0.009337466098411452
0.009188944853415985
0.009776572387963315
0.008026604675190485
0.012979465323518012
0.02941366395453956
0.00975720005165956
0.06119075293813768
0.7918055017435114
0.00870463644582202
0.012462869688751115
0.00805243445692883
0.010758464270259777
0.010877836966739775
0.011131503946759769
0.010385424593759785
0.010474954116119782
0.011131503946759769
0.010907680140859773
0.011370249339719763
0.012683349000999737
0.010534640464359781
0.013787546443439713
0.8379366429413436
0.012250622976259746
0.01065401316083978
0.015115567691779687
0.009247531494722532
0.009315628192032707
0.009465440926115105
0.009179434797412352
0.00947906026557714
0.009601634320735462
0.009261150834184563
0.012734082397003743
0.01002383384405857
0.009805924412666001
0.0186448757235274
0.8541096356826692
0.009805924412666008
0.009479060265577143
0.009846782431052116
0.015033777871119036
0.014123700514543733
0.015698834400924067
0.014657495887150407
0.019032867793762447
0.013616157373376733
0.013414890265672592
0.021465574573838766
0.0509643319682173
0.013904931919213121
0.11288459519059124
0.6225104133851376
0.013038608281703943
0.04595890650705311
0.01369491406769575
0.05859610970158287
0.06530143771898046
0.06439531231122406
0.0585357013410658
0.09097499093874606
0.05901896822520258
0.06886553098948908
0.04554790382989026
0.05140751480004854
0.05901896822520258
0.08499456324755357
0.10287543796061398
0.07853086867222439
0.0543071161048691
0.05762957593330938
0.010651939313146674
0.010131403542182409
0.01023297149749251
0.010499587380181525
0.010283755475147559
0.01065193931314667
0.0111470830952834
0.014955881419412146
0.01537484923506631
0.010207579508664992
0.017787088173681184
0.3540658922110074
0.01046149939694023
0.4930108550752239
0.010537675363422816
0.006240258682857596
0.006321678647032815
0.006141391583501974
0.005850605997161925
0.005490031870100247
0.006385651476027617
0.006734594179635695
0.3452380952380951
0.015626817409914624
0.006176285853862784
0.007880289389815517
0.5610766045548654
0.006455440016749237
0.006792751296903704
0.007589503803475466
0.029620117710005372
0.028871054039593398
0.02906367041198504
0.029769930444087753
0.02786516853932588
0.030733012306046064
0.030262172284644208
0.03454253611556982
0.02227929373996792
0.029149277688603543
0.05515248796147671
0.3446976993044411
0.113729266987694
0.02848582129481009
0.16577849117174973
0.0064543503627002155
0.00676442029162892
0.006780739761572536
0.006429871157784788
0.007050011015642203
0.0067073021468262665
0.006739941086713492
0.012443595832007364
0.007604872993725153
0.006429871157784792
0.007980220802428328
0.8973831729945411
0.007433518559317184
0.006690982676882648
0.007107129160444865
0.01581222828377711
0.015053530353938603
0.0149812734082397
0.01552320050098149
0.01581222828377711
0.016751568577862884
0.014017847465587622
0.014836759516841871
0.019750231824367453
0.01600491347230751
0.10515794164047348
0.6654021701169357
0.029962546816479408
0.015764056986644515
0.025169502751785342
0.052434456928838906
0.05052195394055299
0.051557893059207854
0.05092039206311254
0.05466571041517251
0.04916726432385047
0.04956570244641002
0.07777512152362737
0.06311259861343536
0.04988445294445769
0.05084070443860061
0.22065503227348754
0.0819985656227587
0.04972507769543385
0.0471750737110526
0.004214661215503778
0.004842336611193739
0.00476317034507068
0.004331525703590199
0.0034833157094145695
0.004659500234671437
0.005030827721010544
0.06785302971185363
0.15464753104919815
0.004344720081277375
0.046165242616331995
0.6817026024967536
0.0044144617919095915
0.004947891632691149
0.004599183079530064
0.01013122086600379
0.010885673483684919
0.011114703742623834
0.01044108533397997
0.009875245870719116
0.010616226120227374
0.010481502438498604
0.6922372214587885
0.01708296284320855
0.010953035324549313
0.012637081346158985
0.16059062862069876
0.009929135343410628
0.012866111605097898
0.010158165602349542
0.007864234544724335
0.007733475300512755
0.007696115516452308
0.008163112817207914
0.008405951413600822
0.007518656542165181
0.008237832385328804
0.009181166932855112
0.015896588117720652
0.007696115516452313
0.016811902827201648
0.25477504740022616
0.6197614577787747
0.00885426882232619
0.011404074084451769
0.0035957084788225953
0.0030289659929150867
0.002894570683057824
0.002723406845032066
0.0031342000562938825
0.0029440180140430424
0.002942750133761369
0.0027119959224970146
0.011260044781531548
0.003091092126717026
0.08064606107632895
0.8735213346215001
0.0022276656548982044
0.002633387345033333
0.002644798267568383
0.014443579189379623
0.014109837950087155
0.014480661549301008
0.014925649868357633
0.015129602847925252
0.01503689694812179
0.015556049987021179
0.016872473764230345
0.01919012125931691
0.014313790929654775
0.037267771720992236
0.7528831534838877
0.025457040086031
0.015722920606667412
0.014610449809025858
0.017766937235928405
0.013581777226864997
0.014421474935689823
0.013315206525650778
0.013475148946379308
0.014181561304597015
0.014288189585082715
0.012888693403708004
0.016300798379250147
0.013981633278686342
0.04943553654017885
0.7698695136417557
0.012622122702493785
0.012235595185733148
0.011635811108001132
0.004956490953472333
0.0055154936925857585
0.005198725473754818
0.004962702095018042
0.005223570039937639
0.005024813510475086
0.005074502642840725
0.008117962000236035
0.0057018279389569
0.005211147756846225
0.006652132595449719
0.9214849597207463
0.006453376065987171
0.0051490363413891835
0.005273259172303277
0.016301159694959617
0.016233473218717574
0.01537611118631831
0.01545507874193402
0.013503452010288347
0.016650873155543526
0.01601913271061775
0.018715310680925936
0.023453364017869228
0.016662154234917213
0.02561933125761473
0.4014033662740853
0.041153377555164475
0.016188348901222872
0.3472654663598215
0.004934590056268528
0.00493015247528267
0.005138718781617759
0.00487246392246658
0.0054271615456982095
0.005089905390773377
0.008249463052700712
0.435788203134707
0.057085041802012904
0.005027779256971432
0.016143919626533193
0.43079592452562243
0.006438930010472687
0.004952340380211936
0.0051254060386602
0.01604551687439876
0.0164343750639569
0.016639037268987498
0.015554327582325339
0.016147847976914067
0.015799922228362046
0.018317267350238368
0.5932747999426947
0.026073964920897984
0.016250179079429355
0.023597552240027776
0.17062688033400875
0.01905405128834853
0.017867010499171068
0.018317267350238364
0.015931372549019617
0.01758371888081077
0.016358228684732322
0.45494602335316164
0.021618197840934144
0.01630315047367262
0.019759308217669098
0.01591760299625469
0.04585261070720425
0.01568352059925095
0.04545329367702136
0.2326228244106632
0.030348094293897336
0.027167327605199396
0.024454725710508933
0.0066602658916538994
0.0066602658916539055
0.006634316803764346
0.006331577445052807
0.006988954338255008
0.006539170148169293
0.006487271972390168
0.006781361635138522
0.00704085251403413
0.006305628357163247
0.007283044001003365
0.903469393050834
0.008243160252917109
0.006815960418991273
0.007758777278978636
0.012527724292573537
0.011569052783803328
0.01084598698481561
0.010748494966974567
0.010967852007116917
0.010837862649995525
0.29036372646989533
0.024308009781699082
0.12681274220673208
0.010545386596472417
0.13524580174998188
0.298414942276601
0.012308367252431203
0.011910274846246956
0.022593775134660824
0.026511503477795545
0.024424826110219303
0.024959871589085008
0.023006955591225193
0.02340823970037447
0.025066880684858142
0.023087212413055048
0.02049224184055639
0.026484751203852255
0.023863028357410315
0.023970037453183456
0.6500535045478865
0.03095238095238088
0.025200642054574573
0.02851792402354193
0.011173533083645437
0.01081460674157303
0.011594881398252184
0.010799001248439445
0.011485642946317098
0.011672908863920096
0.011048689138576777
0.010861423220973776
0.011376404494382018
0.011173533083645435
0.019803370786516884
0.8335362047440699
0.011157927590511861
0.01078339575530586
0.01271847690387017
0.020207042082352814
0.027443571641642628
0.01926795046015489
0.016826312242440286
0.013788074641211743
0.01931214300708186
0.016859456652635534
0.071481444654359
0.030990023532531247
0.020914122833184175
0.026703346480616057
0.6239656181984911
0.01717985261785599
0.04957298951531819
0.025488051440124622
0.03445121079566573
0.031048975040741042
0.03096320439145721
0.03307888040712466
0.030591531577894012
0.031392057637876274
0.032021042399290926
0.04076964862624013
0.04228493009692085
0.03142064785430423
0.09474797724218785
0.1898962175143666
0.26760442576550286
0.03456557166137748
0.07516367898904992
0.012581256188385221
0.011558827327909093
0.011235955056179782
0.011214430238064496
0.010676309785182334
0.011397391192044434
0.015131947135046718
0.01632657454044515
0.0200288432562745
0.01166645141848553
0.011870937190580752
0.8123358732618711
0.015196521589392583
0.016950794265788466
0.011827887554350177
0.011201657269072973
0.011503477795612598
0.01106446612064587
0.012628445212714844
0.009239823846565395
0.011037027890960446
0.010721488249578111
0.017512450096719714
0.011256533728443815
0.01118793815423026
0.08498991645059062
0.6821281090944016
0.08677340138014299
0.009342717207885723
0.019412547502435096
0.005664924415511238
0.005753601869529373
0.005581463282317707
0.005341512524386292
0.005388459411807657
0.005670140736335836
0.005816197719424528
0.007553232554014991
0.007266334908662206
0.005404108374281443
0.007261118587837616
0.9123762427884364
0.006358695085182511
0.005471920545001192
0.009092047197270803
0.011386571075699578
0.01131628359992366
0.010824271269492198
0.010543121366388507
0.010302135735156771
0.0108242712694922
0.010533080298420516
0.016256489040174255
0.016487433603437997
0.011115462240563884
0.01736100651665306
0.6180478155656635
0.1622636583627034
0.011436776415539533
0.0713016236406904
0.017491022819413827
0.018108807289856702
0.017645468937024553
0.019865631877678626
0.03374647669794192
0.018765203289702256
0.018784509054403594
0.02832155681686544
0.06417236186725346
0.018108807289856706
0.028514614463878842
0.48509594965056524
0.022124406347735378
0.18755550407351665
0.0216996795243059
0.014577586400233204
0.01448787817623177
0.014622440512233914
0.016483886160263684
0.7555226625400895
0.01385992060822172
0.014375742896229974
0.014779429904236434
0.016259615600260107
0.014420597008230682
0.017425822512278755
0.037251340016595906
0.01572136625625149
0.02545470856040719
0.014757002848236079
0.012336303758233243
0.012945886607258171
0.012775410047785101
0.010931163631667316
0.009727495802660467
0.010771018984889578
0.016546558181583376
0.05612811571742219
0.045723879633217085
0.011225623143484437
0.03490636704119851
0.734480175642516
0.0072426707994317505
0.01383959705540488
0.01041973395324809
0.02399206873760734
0.024586913417052155
0.02333113020489088
0.02328706763604312
0.022692222956598312
0.02482925754571485
0.021546596166556457
0.021061907909231056
0.026834104428288104
0.024917382683410386
0.04842476316369232
0.6388191231548801
0.02775941837409114
0.022560035250055017
0.025358008371888015
0.023474333553646125
0.02134831460674152
0.02073143864287283
0.01957479621061903
0.02941176470588228
0.021337298964529575
0.02962106190790916
0.4133950209297201
0.042531394580304034
0.02034589116545489
0.07512667988543743
0.2196298744216788
0.01883674818241899
0.02086362634941612
0.02377175589336853
0.014755046125229387
0.015056682502576501
0.015345750697534162
0.0148555915843451
0.013146318779378162
0.01415177337053518
0.01432772792398765
0.024897569313525877
0.020008546364024854
0.013699318804514532
0.0706708895759496
0.7251087147776684
0.016828796219490755
0.014478546112661214
0.012668727848578566
0.006923488496522214
0.007217763509898347
0.006891385767790266
0.007677902621722847
0.007089352594970579
0.006730872124130556
0.00910647405029428
0.01083467094703049
0.010032102728731946
0.006896736222578923
0.565569823434992
0.31904761904761936
0.014761904761904764
0.011508828250401285
0.009711075441412524
0.01093506267271619
0.010301605023319161
0.009905693992446027
0.010301605023319166
0.008314131648335997
0.010269932140849305
0.013595584800183701
0.03057224980402407
0.028679795076450416
0.00994528509553334
0.02403179957399973
0.8022186854170134
0.00974732958009676
0.009636474491452279
0.011544765660260827
0.013108614232209756
0.013044773578481468
0.012143911020315524
0.015527465667915135
0.009427136533878134
0.01291709227102487
0.18915276359096586
0.027217398706162757
0.046554023379866034
0.013073147202360701
0.016080751333560347
0.5903983656792644
0.011363636363636383
0.019123822494609047
0.010867097945749643
0.017535684081534005
0.01931341583389425
0.01728542087367749
0.021548525173026814
0.016707226565870998
0.01903726332867325
0.029755432437563657
0.02362829872797252
0.03429468924213396
0.017492535252593224
0.038997911596679286
0.6735187007024618
0.016646818205353894
0.01789813424463661
0.03633994373392706
0.014694934084687722
0.016035002118910992
0.01595482710831644
0.01671076292249368
0.01403062685404712
0.01584029137889564
0.014420048334077819
0.013996266135220876
0.017478152309612974
0.01621825928598426
0.035196829651009634
0.5215155367716962
0.22154646141863962
0.014168069729352058
0.05219393189705528
0.013832267188138717
0.01356711190657695
0.013622352590235637
0.013246715941356476
0.013986941102383072
0.012782694198623388
0.01346767867599129
0.010341055980908813
0.011876746986620697
0.012915271839404276
0.34755228530708265
0.3371338923690516
0.15603283506236668
0.013379293582137363
0.01626285726912156
0.006589640308105459
0.007313970744117046
0.007043082938779383
0.007213860033448779
0.010641179657503616
0.006742750806774575
0.007596636280121569
0.010276070006831103
0.011029844769509835
0.006842861517442844
0.04787058629543257
0.13004970202341404
0.723028996772902
0.007514192165453584
0.01024662568016398
0.025407112582625936
0.025430594202388072
0.02793138670705502
0.02962206332992849
0.016871543799091244
0.027931386707055045
0.022178389865332916
0.02010026651638429
0.01975978302983339
0.027496976741455605
0.15986286734058908
0.5157737780752117
0.020710788630199702
0.027555680790860963
0.03336738168198842
0.02191622489692041
0.02537258693695197
0.025150312850776284
0.023905577968192596
0.022116271574478517
0.024105624645750705
0.022405227886506885
0.021216061525467077
0.017881950232832126
0.024694650974116193
0.028840062681292314
0.6918725480389876
0.014681203391902571
0.020838195578968478
0.015003500816857284
0.009774367406595413
0.01054322340976218
0.009667793307146556
0.010078864833592154
0.009447032672573923
0.010314850339514623
0.009759142535245572
0.013169513717609079
0.01348923601595565
0.00980481714929509
0.014608264060168685
0.8540239334977622
0.008114856429463179
0.008914162175329619
0.0082899424499863
0.008645443196005012
0.008333333333333345
0.008918539325842707
0.007974406991260929
0.008309925093632967
0.008161672908863927
0.00851279650436955
0.008856117353308376
0.015090511860174785
0.008169475655430728
0.0421270287141074
0.3725889513108616
0.01816479400749064
0.008029026217228476
0.4681179775280895
0.009290830453786127
0.00877213055981449
0.00941287748766181
0.009840042106226694
0.00826868654507731
0.009130643721824296
0.008253430665842844
0.00926794663493444
0.014515969091588676
0.008657711465556044
0.007498264643737083
0.8703707941447935
0.007841521926512426
0.0096112039177098
0.009267946634934429
0.010866698317244298
0.011253538710414809
0.011288706018884856
0.012967944998329569
0.01264264739498164
0.012097554113695917
0.011754672856112966
0.0107875718731867
0.012880026727154456
0.01306465509662219
0.5515025232543829
0.23756396054227988
0.05326968050500256
0.014022964252430957
0.02403685533927662
0.03574103798822895
0.019876939539860833
0.019315141787051845
0.01982343499197426
0.020331728196896676
0.019957196361690688
0.020331728196896676
0.5646067415730344
0.026484751203852255
0.020010700909577257
0.033520599250936284
0.1305778491171748
0.020947030497592237
0.024799357945425295
0.02367576243980732
0.008924596003247692
0.0077983813938870186
0.00782457243131401
0.008073387286870444
0.00893114376260445
0.008158508158508167
0.014058039338938223
0.013088970954139509
0.04405987271155811
0.008145412639794673
0.7545834315497234
0.08398810926900815
0.01116392970325555
0.0108168984573479
0.010384746339802539
0.01068664169787766
0.011285892634207246
0.011415730337078654
0.011355805243445701
0.010476903870162296
0.01145568039950063
0.011136079900124848
0.01137578027465668
0.029872659176029975
0.011555555555555562
0.017717852684144816
0.544659176029963
0.02919350811485644
0.01266416978776529
0.26514856429463174
0.010685172945582699
0.010354703679224472
0.010345523977381189
0.009923257692590119
0.008959388999045288
0.009996695307336392
0.00996915620180654
0.4939964749944919
0.0176892854520085
0.009758023059411003
0.011070720423000634
0.3662792832488801
0.009253139458030378
0.011639861937284248
0.010079312623925947
0.014635551714203363
0.014405070584845824
0.013905694804571173
0.015134927494478015
0.017458945548833146
0.014904446365120479
0.01574954383943144
0.5280322673581102
0.0324786324786324
0.014481897627965005
0.03165274176510124
0.22154998559492964
0.01709401709401705
0.030365888792855004
0.018150388936905747
0.025520425050082785
0.024126818221409323
0.02450425340417505
0.02511395639171969
0.03153035449873709
0.024997822489330232
0.024678454257759233
0.03768545132537822
0.028133437853845526
0.02488168858694078
0.31550677931655174
0.3225038469355165
0.03620474406991266
0.028568939987805984
0.026043027610835334
0.007190410784115036
0.007032792176112508
0.006845150976109507
0.006815128384109026
0.006439845984103026
0.006740071904107827
0.006552430704104827
0.0072954898561167145
0.014478394992231627
0.0070928373601134714
0.007535670592120552
0.8903725053102457
0.008548933072136755
0.006304744320100867
0.010755593584172066
0.01144569288389514
0.01137078651685394
0.01195505617977529
0.011205992509363305
0.011310861423220983
0.011850187265917612
0.011745318352059934
0.011595505617977536
0.012764044943820234
0.011310861423220983
0.03439700374531827
0.795775280898877
0.029543071161048606
0.011835205992509373
0.011895131086142331
0.007333548296417584
0.007432762027597977
0.007581582624368571
0.007606386057163667
0.010541458937917005
0.007730403221139163
0.007846152574182955
0.01034303147555622
0.011889112119784042
0.00731701267455418
0.0345098428289142
0.11753520020504167
0.7450207108663823
0.007821349141387858
0.00949144694959117
0.01837389361952266
0.017349389496313435
0.017786063384894416
0.017382979795435044
0.016207319326178582
0.018155556675232158
0.017450160393678273
0.11842259955324902
0.15874775364874616
0.017668497337968783
0.09136561361078928
0.440839085672058
0.016946305906854087
0.017786063384894406
0.015518718194185498
0.01767489778178427
0.018994881040533183
0.017868066063552412
0.018715860189090303
0.016043698957964467
0.0162905250957793
0.01614028309884854
0.02081924814612111
0.049676443128038386
0.019949990878164525
0.02714014358842283
0.6998916111307861
0.012684717169440802
0.022944099245570573
0.0251655344859041
0.012139997417021865
0.012269146325713595
0.012564343831294669
0.012435194922602942
0.013394586815741434
0.012324495858010045
0.012582793675393476
0.01313628899835801
0.019261637239165394
0.012545893987195845
0.014501577461670485
0.8081031715282008
0.015239571225623178
0.013468386192136713
0.016032914521872332
0.009340458573125033
0.008067278706494917
0.008723851283456636
0.009591668950397337
0.007148077098748502
0.008398419658353872
0.010134054992235297
0.39935598794190175
0.024715675527541784
0.008929387046679437
0.014827121585822585
0.46780510642185047
0.006788389513108602
0.008421256965378626
0.007753265734904519
0.0067799501098010796
0.006907873696778457
0.006858125635176149
0.006687560852539646
0.0063535381532098265
0.006929194294608024
0.00705001101564222
0.012373053607089811
0.013126381397067705
0.006907873696778463
0.009416597374723733
0.512198935391482
0.010212566360360754
0.00724900326205147
0.3809493351526908
0.01593462717058224
0.016070820565202603
0.01636590625354671
0.01582113267506526
0.5690387016229712
0.016048121666099206
0.016502099648167075
0.01616161616161618
0.025581659289524463
0.016365906253546718
0.01829531267733515
0.13119963681761426
0.04553399160140736
0.01713766882306208
0.06394279877425951
0.007780389126772043
0.007952094266121494
0.007780389126772041
0.007769657555562699
0.00874623053561272
0.007791120697981382
0.00786624169644677
0.009475977377847897
0.011761802045437492
0.007962825837330836
0.008810619962868759
0.8762113261002547
0.011214491913761112
0.008359893972076449
0.01051693978515396
0.013767512831183208
0.013559439589402105
0.014461090303786905
0.013715494520737937
0.01692329033153003
0.014027604383409591
0.014166319877930341
0.02091136079900124
0.019766957969205155
0.013698155083922857
0.5824490220557638
0.2142460812872798
0.016697877652933832
0.015102649465945316
0.016507143847967806
0.010075215897483523
0.010315101990280741
0.011468102887919029
0.010059739375367579
0.012056210728325132
0.010500820255672151
0.011994304639861333
0.01786764478286441
0.01697000650013928
0.010384746339802521
0.0152908038505587
0.7688581421982849
0.03195901816943699
0.010021048070077698
0.0521790943139258
0.006678938016898689
0.0074522887346448385
0.00702406974217383
0.007586506627807402
0.010034385345962595
0.0068515038795362556
0.007989160307295075
0.007771855146936642
0.010302821132287705
0.0071902442765655675
0.04435581802610216
0.15619767099998721
0.7015633188889312
0.008053073589753426
0.010948345285117159
0.006129343969755335
0.005924797393089164
0.005734357476882726
0.006221037262743618
0.006298623895272166
0.0061716639511345435
0.0056920374955035154
0.006319783885961772
0.009536102470781588
0.00607997065814626
0.007314303448373164
0.9095692531228621
0.0066865570579149125
0.00605881066745666
0.00626335724412282
0.005233753556667859
0.005199138784467677
0.005067602650106977
0.00516452401226749
0.005420673326548852
0.005206061738907712
0.0053168290099483055
0.005746052185230585
0.007227564435398459
0.005240676511107896
0.006424501720354193
0.9219367657341458
0.006029893317272096
0.005192215830027639
0.005593747187549775
0.006953459569959856
0.007028067505259854
0.006841547667009858
0.006901234015249857
0.009915394601369795
0.007333960039989848
0.006550576719339864
0.08541862512496835
0.5091394720742494
0.006923616395839856
0.010534640464359781
0.3125251801781638
0.00867690287538982
0.007125057821149852
0.008132264947699832
0.006440775627597188
0.006597034020381968
0.00681188931046102
0.006938849254598645
0.007275781414040804
0.0061819726645474206
0.008794417668917765
0.0120709608426234
0.011602185664269083
0.006274751085263381
0.041598914004170144
0.4675446435111259
0.015464697810917577
0.006264984935714331
0.39013814218537135
0.045203111495246216
0.04347450302506471
0.04163065399020445
0.040449438202247084
0.07888216652261595
0.04471333909536145
0.08568135983866322
0.0356093344857389
0.07058484586574472
0.04010371650821079
0.12085854220685693
0.1388072601555749
0.05079227888216639
0.08893690579083828
0.07427254393546524
0.01362043426424364
0.014222575478401184
0.015920613702325465
0.02444693329479629
0.014198489829834895
0.013512048845695282
0.016932210942110143
0.029685561857966912
0.02050892975420596
0.014764502571142967
0.038633380300348054
0.7252429639799125
0.01973818900008428
0.014619988679745151
0.0239531774991871
0.008728843044554934
0.009424694541658967
0.009547491864677321
0.009608890526186497
0.009414461431407437
0.009475860092916608
0.016086449315404885
0.021530463969218778
0.019432676367655142
0.0093018972186406
0.027496367245860694
0.5366447678107286
0.011184789504922096
0.2912445508687913
0.010877796197376187
0.008814324560053363
0.009317120722384695
0.008978502898773796
0.009563388230465347
0.0092042481145144
0.00924529269919451
0.017690215997126876
0.02189728592683802
0.017228464419475648
0.009060592068134008
0.02217433687342876
0.5384228618336668
0.010004617515776514
0.29717305423015755
0.011225693910009748
0.0076269953819861295
0.007354278026253605
0.007672448274608224
0.008199701829024431
0.007799716373950065
0.007417912075924527
0.00783607868804773
0.03908039707646996
0.03379877095378352
0.007681538853132641
0.015526708119704783
0.8130067997527355
0.021953747136467798
0.0069724737282280845
0.008072433729682577
0.3296406013543913
0.008624165191326744
0.008256060579501828
0.008559892957516033
0.00922014408666233
0.00845472021128035
0.013538069612672121
0.017499576387549867
0.02984568820955084
0.00840213383816251
0.01457811121433619
0.5096729711885106
0.009237672877701613
0.013783472687222072
0.010686719603615603
0.0076788436564846725
0.008215233470724401
0.007923512694558932
0.007885871304085967
0.007848229913613003
0.007801178175521802
0.007622381570775226
0.7244932527807579
0.010737206632412994
0.008328157642143294
0.013334462575047518
0.1624037791956035
0.008196412775487917
0.008149361037396718
0.009382116575386292
0.011283726973935653
0.010175418481999552
0.010070320262936638
0.009678590537338544
0.009391959030803334
0.010567148207597658
0.009974776427424907
0.009955667660322574
0.012067186425131857
0.010700909577314078
0.019366735458228243
0.8414354505847305
0.014790185737216254
0.009821906290606142
0.010720018344416424
0.011092875478685354
0.010722551866346842
0.010470058494297857
0.010865631443841258
0.011429533308084
0.010823549215166437
0.013828220342549333
0.015259016117493574
0.020662374279341825
0.011042376804275562
0.026823212557337033
0.7934856710011394
0.016790809241257407
0.015057021419854384
0.021647098430332867
0.008019636471359946
0.008612116210668848
0.008590956219979245
0.00815717641084237
0.008527476247910433
0.008527476247910441
0.008622696206013653
0.00890835608032331
0.011257115046869366
0.008474576271186429
0.010632895321526033
0.8729659958949613
0.008622696206013657
0.011733214837385455
0.008347616327048796
0.029488649392341214
0.03089505465107391
0.03224031185507911
0.030222426049071327
0.04324696170603076
0.03127722999312085
0.03058931437743637
0.035144844454635824
0.024107620576320415
0.035114270427272026
0.36777497515860313
0.14832989375525493
0.1062906061300925
0.02748605060001531
0.027791790873652845
0.016774582619183662
0.016076302926426717
0.015235193296514963
0.017004697517933123
0.012965784295054919
0.01698089252840731
0.013592649019234435
0.04322986097886116
0.02693931314670223
0.014997143401256907
0.02286072494128103
0.7209420427855009
0.02443978924649273
0.01292610931251192
0.02503491398463785
0.015230961298377055
0.015003972307343117
0.015162864601066863
0.015003972307343107
0.7212121212121214
0.015321756894790609
0.01936216093519464
0.01718306662126887
0.021041879468845753
0.01511746680286008
0.022335716717739193
0.058790148677789145
0.016570196345477253
0.017205765520372278
0.015457950289410976
0.006536691653522818
0.006271104679208871
0.006368667241201748
0.0070028238941554615
0.006943202328493145
0.006677615354179195
0.007284671295468219
0.013609977398006462
0.011046250074526953
0.0062873651062076855
0.7304617419253426
0.16290779795877441
0.012542209358417754
0.006970303040157829
0.009089578692336458
0.01887280538965932
0.01998627841324468
0.02180832517911171
0.019187727052895582
0.018400422894804928
0.021920797201696082
0.02010999763808753
0.026982038217993273
0.028084264039320222
0.01991879519969409
0.12420285453993332
0.6107905658467456
0.012090742427821079
0.017849309984141453
0.01979507597485125
0.016731269319464195
0.016600428503671678
0.016191550954320188
0.019086404003728963
0.022046677461033937
0.017450893806322844
0.016158840750372057
0.024352746839376545
0.029619089675024086
0.01748360401027098
0.36641970462685836
0.36211831280768064
0.028670493760528604
0.027116759072992803
0.019953224408354158
0.020076944635532043
0.020357206553033122
0.019287115595301715
0.019924074498713265
0.0191597238146194
0.01989859614257679
0.01992407449871325
0.019847639430303893
0.046905653647226625
0.020459119977578946
0.02349104435781792
0.6841957756885526
0.024790440520777515
0.0210451221687176
0.0206374684705342
0.024167903328386788
0.023319906720373217
0.023696794101712586
0.024427013403057595
0.023861682331048545
0.023296351259039512
0.029797658587143536
0.04765269827809588
0.025911007467081328
0.024921678091065522
0.03952606411796587
0.5313169858431676
0.08489388264669182
0.024474124325725016
0.04873624949944655
0.02012739980536138
0.020584505588486804
0.020879412545341914
0.02173464272022174
0.019847238196349024
0.021189064850039782
0.018741337108142353
0.01707511280191097
0.02096788463239845
0.020835176501813647
0.03316228729835736
0.7026748060986768
0.02012739980536138
0.019154206847739507
0.02289952519979943
0.01241170056416825
0.01289527331342156
0.012165173280235189
0.011416109609823203
0.009955909543450468
0.012079836912719898
0.012041909638268657
0.01462096430095297
0.010448964111316584
0.012041909638268658
0.010695491395249643
0.7847247902147629
0.012990091499549657
0.010524818660219065
0.060987057317593706
0.00789375316079949
0.008033011573107006
0.008069658523714246
0.0074906367041198615
0.0070801908573187656
0.00808431730395714
0.008120964254564374
0.009176396432052883
0.011177319935208194
0.00779847108922067
0.009491560207275151
0.8472701686492695
0.00801102340274266
0.008568057051972694
0.04373447085468026
0.02411255841702294
0.029233369792184532
0.027062410924397595
0.022438765702164323
0.025289184978953282
0.024891452056610613
0.028918497895329933
0.04411520996983858
0.0442643598157171
0.025604056875807885
0.21741075867554946
0.3830499486261642
0.05576547015345862
0.024510291339365605
0.023333664777435256
0.016572141965400376
0.01634385589441768
0.017520955947922225
0.016793294096664874
0.0187765293383271
0.016828963795255922
0.021166399143927254
0.016243980738362772
0.017642232923131787
0.016087034064562144
0.050886392009987486
0.5985589441769216
0.017692170501159257
0.017563759586231503
0.14132334581772782
0.016077464145427937
0.016853932584269617
0.015095459943363464
0.017310678724764723
0.7216817392893027
0.015757741847081366
0.016511372978898296
0.01584909107518038
0.040353521512743185
0.016305837215675488
0.016876769891294396
0.03934868000365393
0.0167625833561706
0.01886361560244811
0.016351511829724996
0.015341400172860805
0.01567751848650721
0.015797560741380924
0.015725535388456693
0.7566503409200038
0.015581484682608237
0.01574954383943144
0.018150388936905744
0.021607605877268742
0.01577355229040618
0.019806972054163013
0.026121194660520434
0.01634975511380001
0.016157687506002067
0.015509459329684004
0.009837702871410748
0.009578027465667919
0.009667915106117359
0.009747815230961302
0.009278401997503124
0.009338327091136087
0.009867665418227218
0.3358202247191009
0.03455680399500624
0.009328339575530586
0.011535580524344571
0.5107116104868914
0.00933832709113608
0.01069662921348315
0.010696629213483157
0.00679286242515329
0.007037381616927902
0.006935995610582331
0.006727259715164979
0.006369426751592376
0.00668551253608151
0.008665521601183253
0.46240368329397163
0.04930938238030487
0.00681075407333192
0.008540280063932851
0.40356401631718347
0.006840573486962968
0.006649729239724247
0.006667620887902879
0.008192159181827696
0.008429865145348528
0.008174766062545682
0.008673368815296695
0.0077109495483586935
0.008742941292424745
0.008250136246101073
0.018332347723240695
0.012088217900998404
0.008609594044595985
0.44646397884996697
0.42413121369186324
0.00823854083324639
0.0073398963370091014
0.016622024327176185
0.0057242536848508855
0.005570336492300476
0.005819535756429705
0.0057828888058224625
0.0057609006354581195
0.005738912465093778
0.0058635120971583885
0.009176396432052881
0.6305034558074435
0.005746241855215232
0.008743962414887445
0.2880010554321777
0.005812206366308263
0.005790218195943914
0.005966123558858669
0.005347403198473382
0.00550405149456714
0.005489810740376799
0.005226356787855477
0.00550405149456714
0.005489810740376799
0.005333162444283036
0.008537332137109978
0.592757152418792
0.0050483473604762
0.008309480070064502
0.33099784964611695
0.005297560558807182
0.005589496019709194
0.005568134888423681
0.008917090035204597
0.007849006752816022
0.008397102121410167
0.008439263303609718
0.009198164583201591
0.008031705209014075
0.008305752893311145
0.013119154527759646
0.6252784394741094
0.008347914075510693
0.021642740195768444
0.24377595547779166
0.006809030925227161
0.013006724708560843
0.008881955716704982
0.015397419891801933
0.015875217706262254
0.015258704397281194
0.014996686240964239
0.014842557913718975
0.01644549251706974
0.014580539757402035
0.026155577133521384
0.2666265933015828
0.014888796411892564
0.03133428892896226
0.5045699049028222
0.015813566375364144
0.014688429586473721
0.018526224934880795
0.007702809911256266
0.007453737015922228
0.007795059131750358
0.007536761314366911
0.009252596815556942
0.007536761314366904
0.008265530156270198
0.011604951938156144
0.6192228925665582
0.007702809911256266
0.012730392428183997
0.26710761794062826
0.008200955701924343
0.00798878249478794
0.009898341359015534
0.013578344794759082
0.012175416181278449
0.012087733142935906
0.29417659363922205
0.011762053286235046
0.01273909285633764
0.014793381183220015
0.014104443024814338
0.04002104392920225
0.012726566708002993
0.020592987862162335
0.505054300853031
0.010935327496148234
0.013290243383062176
0.011962471659589415
0.014253017062005834
0.016560738470850857
0.015804108500737737
0.014574584799303918
0.01692013770665458
0.01608784473953015
0.019284606363258062
0.026425301706200596
0.018102372034956314
0.014877236787349155
0.24650058638822683
0.4900314001437599
0.013761207581432313
0.06264896152536609
0.014167896190368102
0.017302932737586787
0.016952493593534394
0.01552883457082154
0.018157128151214487
0.020610202159581228
0.015780712705609212
0.2654467003964342
0.025746325864599087
0.034353987340385916
0.0167772740215082
0.02913025384935498
0.4259368771491762
0.03485774360996124
0.016054493286900142
0.04736404056333093
0.011235955056179765
0.009559320337328881
0.011110833062235662
0.011344394117597986
0.010301710834730525
0.009576003269854772
0.01030171083473052
0.012996004437660047
0.011402784381438566
0.010393466963622859
0.032815328278404755
0.3658567102925349
0.4528832278137855
0.009751174061376502
0.030471376258518694
0.007363511015929832
0.007510194502302937
0.007343953217746753
0.007471078905936777
0.009338848632420956
0.007441742208662154
0.007431963309570619
0.010414527532490383
0.7185632841454711
0.0071972697313736475
0.012331191754432282
0.1730473983238968
0.008116486245978428
0.007686214685950662
0.008742335787837003
0.010141605109482178
0.010283115878451694
0.01029254992971634
0.009924621930395583
0.009679336597515091
0.009764243058896784
0.009132161624166272
0.011585014952971262
0.013254842026811597
0.009952924084189489
0.015811469919527556
0.8400267927055942
0.014839762639270207
0.00972650685383826
0.015585052689176333
0.02115003304692658
0.018704560475875695
0.017867371667768184
0.018131747080854767
0.01866049790702793
0.018968935888962278
0.01771315267680101
0.03428067856356017
0.43046926635822846
0.01859440405375629
0.019762062128222024
0.30784313725490176
0.01747080854813831
0.022031284423881855
0.01835205992509359
0.003702069872243991
0.003429604449403604
0.0036761207843544305
0.0038274904637102054
0.004458918269022849
0.0035550250408698117
0.00386208924756295
0.0046881352120473055
0.004761657627734394
0.003533400800961847
0.007914471806316013
0.04432969181133282
0.8994905329077684
0.004069681950679439
0.004701109755992084
0.017268078363583995
0.01721405934889081
0.016781907231345445
0.017196053010659764
0.015737539613944113
0.017304091040046106
0.016907951598962835
0.01784428118697784
0.5049157303370786
0.016673869201959114
0.016079660040334193
0.2644590895995389
0.015971622010947865
0.017484154422356686
0.028161912993373672
0.01633141872048941
0.01328024287359742
0.01487448225359848
0.07572255658024206
0.011777538769003112
0.012936985590822065
0.02878021617580875
0.013104800262401128
0.11893483451184995
0.01390573392221029
0.028070817791406355
0.5972981837875772
0.015690671792642094
0.020618320785372655
0.01867319618297903
0.010947853644482848
0.011353329705389615
0.011513386045221253
0.011780146611607274
0.011171932520247126
0.011246625478835209
0.01692329033153
0.020284473467994026
0.5589060682693638
0.011417352241322268
0.013209983247436411
0.2781779186273568
0.009550028276620015
0.011844169147539925
0.011673442385052872
0.006640795391303062
0.006400132364664668
0.0063324458884226244
0.006257238692598127
0.007392867349548017
0.006543026036731215
0.006738564745874909
0.012048192771084362
0.7068122677977831
0.006242197253433229
0.012040672051501923
0.19635846757817796
0.0069566656137659486
0.006663357550050404
0.006573108915061013
0.010912439185237712
0.010016549081090481
0.010165864098448362
0.009966777408637878
0.009755247800714219
0.009755247800714214
0.009232645239961665
0.010427165378824621
0.2821182823795836
0.01002899199920364
0.01050182288750357
0.5788445506240129
0.013065064018813698
0.010700909577314056
0.014508442519939773
0.012890863165229529
0.012673112098249301
0.013152164445605803
0.01466190517666872
0.012063409110704661
0.013340882036988667
0.012266643439886208
0.01129402200737452
0.014981273408239723
0.012556978195859846
0.016331330023517138
0.8173794384925822
0.012687628836047982
0.012339227128879617
0.011381122434166611
0.024861561085452986
0.025252177109900978
0.025413019002320705
0.025206222283495314
0.022701684244387746
0.02534408676271225
0.024218193515773975
0.03559201305117068
0.06787527860113508
0.0249764481514671
0.13938098848831593
0.4664644654304815
0.030789733691780976
0.02649295742285333
0.03543117115875092
0.01764981273408242
0.018695380774032475
0.019428838951310885
0.01849250936329592
0.0212546816479401
0.01721285892634211
0.01992821473158555
0.014481897627965052
0.021192259675405774
0.01807116104868916
0.31242197253433207
0.4217540574282145
0.04350811485642945
0.018071161048689156
0.017837078651685406
0.012364352251992668
0.012808508595025416
0.011980217036396778
0.011716124075674607
0.01276049169307593
0.01292855084989913
0.0127724959185633
0.013492749447805591
0.023624315759147224
0.0124363776049169
0.023204167867089242
0.21678430807644283
0.021859694612503623
0.012592432536252729
0.5886752136752132
0.009680881354447295
0.00816961254572136
0.008841287571821774
0.010359857196048806
0.00815501091471918
0.008534653320775937
0.010892816727628474
0.015397419891801913
0.632776281110599
0.008184214176723539
0.012958947514437347
0.2353271860466811
0.00747603507311766
0.010973125698140478
0.012272670857334776
0.019599441376245818
0.019012251634609286
0.018964641655557696
0.01966292134831463
0.01931378150193616
0.018155272011680344
0.021186440677966142
0.018980511648574887
0.5352155145051735
0.018552021837110418
0.02721703802450328
0.18525042848981138
0.019202691550815745
0.020424681013140364
0.03926236272456043
0.04787197820905689
0.046237657473612546
0.04664623765747366
0.0479400749063671
0.09101123595505632
0.0450800136193395
0.062036091249574474
0.04072182499148795
0.05498808307797084
0.047769833163091587
0.05226421518556355
0.2658154579502894
0.07490636704119863
0.03966632618318017
0.0370446033367382
0.005635544687339713
0.005375550730442497
0.00532636268454302
0.005354470139342719
0.005523114868140915
0.0056214909599398635
0.005417711912642043
0.008277645438511443
0.6226082312681385
0.005600410368840087
0.008073866391213625
0.2982622566070087
0.005895538644236927
0.005733920779138657
0.007293884520521967
0.005699906367041204
0.0054190074906367075
0.005629681647940078
0.005688202247191017
0.006091994382022479
0.005342930711610487
0.005723314606741574
0.014823267790262176
0.007771535580524345
0.005389747191011241
0.029980102996254684
0.07243679775280903
0.8131612827715355
0.007344335205992513
0.009497893258426964
0.00861646156589976
0.008716782593187075
0.008226324237560182
0.008984305332619928
0.008895131086142313
0.008159443552701966
0.008226324237560177
0.011068753344034237
0.5515092741216338
0.008148296771892261
0.011570358480470843
0.32579810950597476
0.01310861423220975
0.008883984305332607
0.010087836632780452
0.010916682016332014
0.01116227666236874
0.012083256585006414
0.01160434702523482
0.011027199607048538
0.011260514520783424
0.011456990237612798
0.01991772579357768
0.020273838030330893
0.011260514520783417
0.643015902253331
0.1896236262049488
0.013458586602812026
0.011628906489838492
0.011309633449990758
0.01536431733060945
0.014683350357507658
0.014534388832141623
0.014108784473953005
0.6457269322437864
0.013725740551583245
0.015321756894790605
0.017194416070820565
0.12608529111338093
0.0144492679605039
0.016981613891726244
0.04253915560095333
0.016407048008171606
0.01815202587674499
0.01472591079332652
0.006545795028941109
0.006596867551923745
0.006290432414027934
0.006384065372829431
0.006613891726251289
0.006699012597889017
0.006486210418794695
0.0077885597548519
0.6387299965951654
0.006435137895812064
0.008639768471229149
0.27162070139598204
0.0071075927817501
0.007218249914879144
0.006843718079673151
0.010845712142636327
0.010531490575887049
0.010713941808193087
0.010759554616269578
0.011159933709385606
0.01039465215165753
0.012062053691343203
0.03403729100464746
0.05356464095117911
0.010992686746438402
0.5573834466051398
0.23067410662247304
0.014672119931276697
0.010516286306528212
0.011692083136944859
0.011002951379899532
0.009837932998498411
0.010027787845837854
0.009950119953744452
0.009337406582785342
0.010545573793127245
0.010683650045737752
0.18933706139215423
0.0712300868154438
0.010718169108890377
0.00997600925110892
0.6159754224270351
0.008681544382885445
0.010105455737931267
0.012590828284920336
0.015725535388456693
0.014789205800441714
0.01577355229040618
0.015125324114088115
0.01836646499567843
0.01507730721213863
0.01577355229040618
0.017286084701814995
0.444924613463939
0.015389417074810292
0.020431191779506332
0.33064438682416236
0.01995102276001147
0.016757898780370647
0.023984442523768305
0.015469793193290957
0.015380971414190718
0.015084898817189933
0.014551968142588514
0.015055291557489855
0.014596379032138637
0.015129309706740045
0.01800121389764767
0.377699811993901
0.01364894672173612
0.02071027816020488
0.41022338677443726
0.017483086852896304
0.0171426033663454
0.019822060369202504
0.012091710287956093
0.01215839251380879
0.012347325487058096
0.011147045421709512
0.01196945954055947
0.012069482879338522
0.014358905966947855
0.02583936251792086
0.4376576756798814
0.01185832249747163
0.016181553473588305
0.38190022116271594
0.012158392513808779
0.012436235121528371
0.015825914935707237
0.014615876495843592
0.01575774184708136
0.015346670320635768
0.016557047592947818
0.01993696903261164
0.015163971864437723
0.5957796656618258
0.017767424865259857
0.02247191011235952
0.015403763588197648
0.03953137845985199
0.1400726226363386
0.03671097104229467
0.017858774093358884
0.017025212386955292
0.012659409383130866
0.012006020511743463
0.012402720897942948
0.01233271494743717
0.011364299298773702
0.01219270304642557
0.011772667343390823
0.015506318037033095
0.03720816269382892
0.011224287397762113
0.026182225489166523
0.7790612202037167
0.01638139241835552
0.01683643109664317
0.012869427234648243
0.00956449066765717
0.00968830284458478
0.00988433879138681
0.008924794420197902
0.009389090083676404
0.009595443711889076
0.009399407765087037
0.011050236790788386
0.0522177856192157
0.009389090083676398
0.018571826539140135
0.806037907161502
0.012412170736991988
0.010317681410633401
0.013557433373572299
0.0058565788902867535
0.005350454788657035
0.005413117772668332
0.005446859379443645
0.004555116914667473
0.005663769708713526
0.005307072722803058
0.016697275124241424
0.18983992017699877
0.005369735706814355
0.006396444598691782
0.7246154661885
0.006873647323085525
0.006116871285410609
0.006497669419017726
0.011454213701404746
0.01188200064604561
0.011908191683472591
0.0119343827208996
0.0101970439049091
0.01284233868503533
0.013540766349755122
0.02130204377395388
0.3530813755532855
0.012065337908034558
0.02207904455095464
0.4634329465790142
0.017268624010197048
0.011462944047213727
0.01554874588582455
0.005762598731783295
0.006140838802981426
0.005814514035673235
0.006192754106871366
0.005814514035673235
0.0059554270033745
0.0060444246671858244
0.006103756443060041
0.47559609893573584
0.005814514035673235
0.00770571439166389
0.44253346682982897
0.006422664738383955
0.005925761115437391
0.008172952126673348
0.016239353318005037
0.015964600234263195
0.016138128497679087
0.024669934782294362
0.016629791910690812
0.014923430653767764
0.01609474643182512
0.01642734227003895
0.02944196202623172
0.015545240264341417
0.018393995922085862
0.41162350151114196
0.016890084305814675
0.016195971252151053
0.35482191661966955
0.00954569774794496
0.009764579989299119
0.010129383724889364
0.009715939491220411
0.01005642297777132
0.009363295880149836
0.009849700860936847
0.679617199280121
0.018726591760299647
0.009655138868622038
0.011466997422053631
0.1801157643854273
0.010250984970086122
0.010360426090763191
0.011381876550415913
0.013321837801757677
0.013358920161679054
0.013321837801757679
0.015213038157748318
0.012904661252642084
0.014480661549300949
0.017271109133385216
0.06057403493158301
0.20788370971928663
0.013859532020617755
0.05214706863944817
0.5137575555308338
0.014768049838691693
0.015658026476804945
0.021479956984462444
0.007324441911952375
0.006695275913032639
0.00677243778082469
0.0076746380811624154
0.00994794541688184
0.006766502252532988
0.008285997495207063
0.007579669628495287
0.01741484000783491
0.006861470705200117
0.04532962956367931
0.3828178327012012
0.022471910112359567
0.0075974762133703645
0.4564599322162678
0.04639470931605759
0.048959071430981486
0.04733947430576642
0.054492694942133095
0.052906839423693335
0.04882410500388025
0.05655093295542728
0.05574113439281972
0.054357728515031845
0.04909403785808277
0.07025002530620512
0.14579748287613453
0.1346964942470561
0.08809933529034654
0.0464959341363836
0.0163659062535467
0.016070820565202603
0.015707638179548292
0.015866530473272043
0.7309726478265801
0.01550334808761777
0.015639541482238114
0.01734195891499262
0.03920099875156058
0.015639541482238103
0.01931676313698785
0.034411531040744486
0.016297809556236536
0.016842583134717964
0.01482238111451597
0.006826726707222932
0.007007137032466671
0.006696831273047439
0.006848375946252179
0.007425688987032133
0.007137032466642158
0.006913323663339928
0.014577154279693746
0.39357594913872096
0.0069061072503301775
0.008702994089757766
0.5054447836158559
0.006992704206447172
0.007425688987032133
0.0075195023561588775
0.01725423073737682
0.016978163045578778
0.016895342738039377
0.028361354204050837
0.0377476557251838
0.019508783553727364
0.02260074170186529
0.019508783553727368
0.2332495928001546
0.0186161646835804
0.04427205550801051
0.416558540154046
0.01597511709871262
0.033855101270831585
0.05861837322511477
