0.021229840250707042
0.023064281892532318
0.016548192310632107
0.016089581900175787
0.01719789039211188
0.7542039287625159
0.016529083543529766
0.017408086830237708
0.01647175724222272
0.016605518611939152
0.016701062447450878
0.017006802721088433
0.01756095696705649
0.016624627379041503
0.016758388748757923
0.0353890023833844
0.12909644194756548
0.020524770173646588
0.020992934967654083
0.020343888321416412
0.5925689479060264
0.019960844399046652
0.01902451481103166
0.019950204290091953
0.021046135512427667
0.020769492679605046
0.021120616275110672
0.02008852570650323
0.019088355464759954
0.020035325161729664
0.01609394092927608
0.19459760180411087
0.022471910112359557
0.016878768912864228
0.020912188676621077
0.5342194935375876
0.021289700871258418
0.0189153478576183
0.036549141159757194
0.01851796660010531
0.021011533990999327
0.021200290088318002
0.019133907549250442
0.018756395354613122
0.019451812555260833
0.07389200998751556
0.08138264669163545
0.05703807740324585
0.05696004993757795
0.05688202247191002
0.1562109862671661
0.0603152309612983
0.057974406991260836
0.0565699126092384
0.055633583021223385
0.05774032459425711
0.05688202247191002
0.056960049937577965
0.057194132334581683
0.05836454431960039
0.022494203673978964
0.023151863741751412
0.009942928482254318
0.012874531835205993
0.009954075263064023
0.8288188871054045
0.01004324950954164
0.010455680399500625
0.010310772248974491
0.010433386837881222
0.01041109327626182
0.010444533618690919
0.009798020331728195
0.010812377385411092
0.010054396290351344
0.014699734671068946
0.028913175159751926
0.007797769871942548
0.007755112487522734
0.007644203288031211
0.8647504969585292
0.007831895779478407
0.007610077380495353
0.007174972059413217
0.0075759514729595
0.007499168181003831
0.0074735737503519376
0.007874553163898223
0.007746581010638767
0.007652734764915168
0.1606906807666888
0.018230887860762292
0.014816038775060604
0.015284203569068084
0.014416721744877736
0.6430105750165235
0.01452687816699714
0.014637034589116544
0.012929610046265706
0.014637034589116544
0.01566975104648603
0.014871116986120309
0.015132738488653907
0.015490746860541972
0.015655981493721098
0.027301399566331545
0.1653459491425191
0.020067021486299998
0.01906169919179969
0.020126158091858838
0.5703725606150211
0.019771338458505785
0.01967277744924106
0.01967277744924107
0.01878572836585845
0.019771338458505795
0.019022274788093808
0.020599250936329555
0.020205006899270628
0.02022471910112357
0.02729301139533025
0.026482853879459135
0.011382049034451582
0.018872685738571426
0.011142986160915837
0.799758280872314
0.011926581135282987
0.012152362738066731
0.011355486492947608
0.011461736658963492
0.011607830637235327
0.01151486174197143
0.01148829920046747
0.011860174781523061
0.011700799532499239
0.029605849830568902
0.21476401251682148
0.045203236214472184
0.030805648783176875
0.0424631548227054
0.17765131248277324
0.045349157708708246
0.03693435154109311
0.09504353324578041
0.0449276067253596
0.050261848014656996
0.051785916954456286
0.041214715372018776
0.043468391782998564
0.050521264004410045
0.02869181380417339
0.1585607276618512
0.013483146067415694
0.016586409844836794
0.01371054039593362
0.6460540395933657
0.01413857677902618
0.014018191546281398
0.01293472445157835
0.013443017656500768
0.01387105403959333
0.013349384697699269
0.014111824505082894
0.013536650615302263
0.013509898341358979
0.018494269381318477
0.015157275210498158
0.006223423727858974
0.010644589000591374
0.006321984737123713
0.8886682999633906
0.0060474219256005214
0.005913660555884098
0.00623046379994932
0.006082622286052214
0.005941820844245451
0.005984061276787479
0.006103742502323231
0.005808059474529026
0.006378305313846422
0.029718286923953726
0.15221914635690892
0.012945774303859344
0.11482928947511264
0.01389567388590353
0.5555193689048115
0.014320867032151883
0.014275633718721195
0.01317194087101272
0.013000054279976152
0.013334780799363153
0.012755794387450505
0.01340715410085223
0.01291863431580094
0.01368760064412242
0.029998103636277407
0.021203716872896232
0.014803489309249556
0.01461385293699336
0.015218318873559997
0.7714407623382162
0.014376807471673112
0.014922012041909684
0.013653818802446352
0.015159057507229927
0.015336841606220111
0.014827193855781589
0.014400512018205138
0.015573887071540359
0.014471625657801211
0.015578556822733325
0.035829978005916634
0.018853075306898268
0.015170998728137682
0.016337458102325206
0.7397601028732845
0.016688801287321437
0.01843849034860273
0.01933792890219308
0.018543893304101583
0.01762337415941144
0.016766096788020615
0.01623205514682632
0.017770938297109847
0.01706825192711736
0.019492058284808236
0.020002369301147307
0.010743869433281417
0.011682477195476484
0.01152756135123069
0.821928793387827
0.011336194720103542
0.0114637724741883
0.012748662711756314
0.011545786744671374
0.012511732597027463
0.011226842359459463
0.011673364498756146
0.010634517072637325
0.011481997867628999
0.01293083013321959
0.030887024131228336
0.011496705068032088
0.013096761958943768
0.01194709145214056
0.8110629118664957
0.011911534632342529
0.01242118238278106
0.012527852842175174
0.011923386905608535
0.011721898260086327
0.012018205091736633
0.012243398283790872
0.011390034608637975
0.012421182382781054
0.044836811128945844
0.06894952737649349
0.027858034599607555
0.027751025503834417
0.029677189227750946
0.5415730337078652
0.027144640627786622
0.027322989120741856
0.03171036204744062
0.02914214374888524
0.02949884073479571
0.02750133761369709
0.028179061886926978
0.029641519529159898
0.029213483146067337
0.013184192405233363
0.14230530222871637
0.005391243009018999
0.6464285114458944
0.005335259177149646
0.13604630982572238
0.0057551379161698115
0.005475218756823033
0.006219803720685473
0.005575989654187873
0.005480817140009963
0.006186213421563856
0.005520005822318517
0.005609579953309486
0.005486415523196902
0.15019577800476677
0.04477357848144364
0.016832652366360234
0.021344058563159695
0.0165985699693565
0.602613210759279
0.01649216887980934
0.016385767790262185
0.015981443649982975
0.016683690840994213
0.015789921688798097
0.016087844739530135
0.01702417432754512
0.017066734763363983
0.016130405175349
0.15028018629680925
0.455948329428397
0.012712419977311469
0.01280933080225062
0.014302897633665684
0.22666301825913956
0.01467913965990001
0.01616130521779284
0.015118088690506728
0.013025954999173408
0.013225477285812824
0.013539012307674759
0.013367993204840995
0.01458792947172199
0.013578916765002653
0.08442150015183726
0.06737524040894827
0.01959712521510273
0.022289705435772855
0.01965786010729828
0.6108917906670714
0.019921044640145758
0.019131491041603367
0.01894928636501667
0.01984006478388497
0.01876708168842998
0.018949286365016686
0.018868306508755938
0.020730843202753278
0.020609373418362165
0.023816383366945137
0.01212645032869755
0.008119221602367683
0.009463694856953309
0.007804929153243772
0.8708956461765451
0.007612861545445832
0.007516827741546858
0.007141422871759957
0.007682704311917808
0.0075430187789738475
0.0074120635918388765
0.0076652436202998145
0.007586670508018834
0.007612861545445822
0.010742900488313693
0.011435073247048825
0.009984354999288899
0.01171004598682031
0.010079173185416998
0.8530887024131228
0.010458445929929396
0.010638600483572788
0.010069691366804186
0.010448964111316588
0.010430000474090968
0.009899018631773608
0.010572227753283115
0.01011710045986824
0.010325700469350057
0.013816277211326472
0.7436238121371425
0.008058692700961854
0.008973359136554894
0.007798734871898577
0.14642365423683118
0.007846875210613998
0.007866131346100168
0.008010552362246437
0.007914271684815587
0.007875759413843254
0.007866131346100164
0.007904643617072504
0.008058692700961862
0.007962412023531014
0.14456928838951297
0.09880149812734078
0.04794007490636683
0.05543071161048675
0.048239700374531645
0.1674906367041198
0.04808988764044926
0.0486891385767788
0.05438202247190993
0.04831460674157287
0.04659176029962527
0.04704119850187251
0.04906367041198485
0.047490636704119654
0.04786516853932562
0.5821774506005425
0.05023892548107969
0.018752421542037944
0.021722846441947538
0.020147229755908515
0.13064703603254552
0.0193723363037582
0.01944982564897322
0.02138705927934907
0.01898488957768303
0.019294846958543162
0.019708123466356683
0.019114038486374753
0.019578974557664944
0.019423995867234888
0.025033763557634738
0.02954485331996714
0.022652910627514844
0.019367055121618425
0.02185929298414156
0.6714701418765574
0.02231875583030501
0.02426799214736225
0.021121367806969885
0.020188518998092504
0.02968408448547121
0.02483883992592897
0.022750372443367715
0.02173398493518787
0.02316806593987996
0.018752691539756488
0.021636717169739913
0.011235955056179775
0.012828041603048458
0.011679651306946448
0.8197288232914439
0.011366453953464091
0.011209855276722906
0.012240796565269016
0.01188844954260136
0.010844458364326808
0.011614401858304299
0.011849299873416062
0.011666601417218024
0.01145780318156312
0.0042125138607796144
0.8658664247330583
0.0029485658454881723
0.004910399267995752
0.002661657400299314
0.09363683594264934
0.002830313040376548
0.002991214398151377
0.0033304642488814432
0.0027159373764161256
0.0027896030582889382
0.0027023673823869227
0.0028051116228937417
0.0028148044757717447
0.0027837873465621373
0.635490222202484
0.02224985566460898
0.011768885730781149
0.011413598614380209
0.011739278471081067
0.20208435108288555
0.012346227294932679
0.011576438542730641
0.011309973205429933
0.0115616349128806
0.011606045802430721
0.011087918757679345
0.012301816405382561
0.012035351068081858
0.011428402244230248
0.027489809009456436
0.03294224760485855
0.013201729881846596
0.023941068139963193
0.012560266517681636
0.7719390816727709
0.012932729116229022
0.013212076065139569
0.014257040577730877
0.013522461563929073
0.012570612700974603
0.013201729881846579
0.012632689800732505
0.01269476690049041
0.012901690566350066
0.08265530156270177
0.06515562443497354
0.019888931938525128
0.021933789659477423
0.01965215893925697
0.6141461104653664
0.019114038486374812
0.01980283266606402
0.018382194670455057
0.019436910758104116
0.020427052391407314
0.01889879030522193
0.02074992466313662
0.020384002755176735
0.019372336303758255
0.0073345817727840205
0.7612409890862226
0.002407944370612002
0.0032352033076933386
0.002270347549434172
0.20086283274938596
0.002449894620971096
0.002468352731129097
0.0029751117554669563
0.0023961983005114577
0.0024767427812009157
0.002419690440712551
0.0023139758098076313
0.002553931241861649
0.00259420348220638
0.029457938056471265
0.42795308259884723
0.01771737424028343
0.019545179304312675
0.016786651416268537
0.33035053488528543
0.01765009307228236
0.0178407230482854
0.018109847720289708
0.01733611428827733
0.017223979008275533
0.017807082464284852
0.015990490928255805
0.019657314584314474
0.016573594384265134
0.06663337494798174
0.4288972118185603
0.025867665418227225
0.030378693300041615
0.025501456512692453
0.15528922180607566
0.02598418643362464
0.02598418643362462
0.05771119434040784
0.02566791510611735
0.0257511444028298
0.02588431127756973
0.02674989596337913
0.027265917602996247
0.02643362463587183
0.04353273197235851
0.25994355646990575
0.021627894709078475
0.018713404019623396
0.021430078598934452
0.4288917022735665
0.023078546183467885
0.0230653584427916
0.021707021153136056
0.02357968032916603
0.022682913963179858
0.021825710819222494
0.023856622883367633
0.023131297146172944
0.022933481036028942
0.015600065135971342
0.03473375671714708
0.013157466210714864
0.013825109916951626
0.013548282038755901
0.7872170656244944
0.013059762253704593
0.013580850024425975
0.014150789773652493
0.013597134017261021
0.013369158117570421
0.013320306139065288
0.013645985995766144
0.013238886174890078
0.013955381859631974
0.01199544307190566
0.03179425320734769
0.008093759540137462
0.008473503548000402
0.008555409118323766
0.8579534031764467
0.008153327227645375
0.008220340876091773
0.00845116566518493
0.00805652973544502
0.007929948399490709
0.008101205501075952
0.00839159797767702
0.00772890745415151
0.008101205501075957
0.19656063723162956
0.15751437463733725
0.0204357229519439
0.017312865959803775
0.020836630268502444
0.3102389618610539
0.059566387086564455
0.02583742153294303
0.021859998944980787
0.01904309753653007
0.018483937331856323
0.03421427441050813
0.025858521918025068
0.05431239120113955
0.017924777127182576
0.009219245174301345
0.006937793454647386
0.008970076385806717
0.007506209753400768
0.00897007638580672
0.8742632001058964
0.009009009009008997
0.009250391272863184
0.008440592710255636
0.009110233829334952
0.009398335241031862
0.00928153737142501
0.009546279209200552
0.010698684855988225
0.009398335241031865
0.015362833991023237
0.0654978863551927
0.008886345151670324
0.008876304083702337
0.008976714763382224
0.8108965669588613
0.008996796899318198
0.00862527738450261
0.009147412918838036
0.009067084375094124
0.009328152142261839
0.009077125443062111
0.009237782530549939
0.00931811107429385
0.008705605928246525
0.012705357241501219
0.7934256221021656
0.0067577769675810796
0.008337660520219928
0.006061744353481452
0.11534254747936763
0.0061980047065062485
0.006433698290116703
0.006389505743189747
0.006341630484018874
0.006205370130994073
0.006485256261531492
0.006470525412555841
0.006558910506409763
0.006286389800360167
0.011149286532330448
0.015327947503636983
0.005992509363295872
0.005621072832513072
0.006060606060606058
0.900609774971369
0.006401089547156965
0.005639644659052214
0.006401089547156958
0.006060606060606057
0.006128702757916236
0.006209180672919176
0.006023462407527779
0.006258705543690223
0.006116321540223481
0.10169803083568854
0.05928172606327982
0.024861561085452996
0.02281657131040185
0.025803635026768683
0.5464718182027067
0.02401139679694859
0.02396544197054296
0.02846901495829598
0.024333080581788107
0.02323016474805262
0.024172238689368346
0.02362078077250062
0.02419521610257117
0.023069322855632884
0.12059454969990437
0.46554777239747347
0.013774622725776836
0.014197734004043025
0.013563067086643756
0.24596868976540823
0.014315264914672516
0.015561092567345176
0.012317239433971105
0.014464137401469875
0.01410370927553943
0.01383730587811258
0.013907824424490275
0.014182063215959096
0.01366492720918931
0.7551723748928301
0.008111096069671945
0.005115969495961383
0.004800099273498493
0.004856504670366868
0.17768828121474672
0.0049129100672352394
0.0049241911466089095
0.005003158702224632
0.004958034384729936
0.005025720860971988
0.004845223590993192
0.004958034384729935
0.004856504670366867
0.004771896575064309
0.06478388500860413
0.06215203968012964
0.06630225731349328
0.06265816378175937
0.06478388500860417
0.07996760805749561
0.06569490839153759
0.0669096062354489
0.06579613321186353
0.06650470695414509
0.06660593177447115
0.06589735803218955
0.06670715659479703
0.06863042818098997
0.06660593177447105
0.6698329986068138
0.020427364345293082
0.012629141109844618
0.01275579438745051
0.012737701062078235
0.15500551846423857
0.013027194268034564
0.012918634315800941
0.01284626101431186
0.012864354339684126
0.013009100942662293
0.013099567569523643
0.01277388771282278
0.012846261014311862
0.013226220847129535
0.3979328165374673
0.05138925180733393
0.03742415004500194
0.03640797839909421
0.04021136370234887
0.07862265191766094
0.03960166071480423
0.04067589931190669
0.03838225473971495
0.042708242603722156
0.036378944923496845
0.040879133641088236
0.03812095345933867
0.042069506140580144
0.03919519205644113
0.7863225722889614
0.01277941478051572
0.008526805470107632
0.007943960539239507
0.008364904100422033
0.10042202290364716
0.008332523826484917
0.008332523826484918
0.008116655333570802
0.008451251497587681
0.008300143552547806
0.008354110675776332
0.008526805470107632
0.008483631771524813
0.008742673963021745
0.016601974804221986
0.10636704119850188
0.017242083758937696
0.021709227102485525
0.017500851208716358
0.36145726932243816
0.016819884235614577
0.016901600272386793
0.32288729996595167
0.017773237997957096
0.017133129043241394
0.018032005447735772
0.016833503575076597
0.01624787197820906
0.016493020088525694
0.3517851720098909
0.021821179124549946
0.012855552181394888
0.012450652900091118
0.01208913568464132
0.4787789394530969
0.012436192211473124
0.011756539846427496
0.012363888768383161
0.012262663948057218
0.011915607421225417
0.012074674996023322
0.011799921912281477
0.012378349457001152
0.013231530085462686
0.8305614485389766
0.017914669600062858
0.006565220048366126
0.007988266415232724
0.006477916590276156
0.0710999362684756
0.006888242843299033
0.006652523506456103
0.006355691748950191
0.006652523506456102
0.006774748347782071
0.006617602123220108
0.006434264861231166
0.006565220048366125
0.006451725552849161
0.01543903454015812
0.019212095991122207
0.014204466638923571
0.018671105562491304
0.014398668331252584
0.7884449993064224
0.01500901650714385
0.013663476210292687
0.015397419891801899
0.014176723540019405
0.014079622693854892
0.014592870023581632
0.014287695935636011
0.01435705368289637
0.014065751144402824
0.27389981273408237
0.040566479400749055
0.027106741573033742
0.03258426966292138
0.02558520599250935
0.35973782771535556
0.025655430711610503
0.026334269662921368
0.03012640449438204
0.026334269662921368
0.026825842696629215
0.02591292134831462
0.025210674157303388
0.02563202247191011
0.02848782771535582
0.015571881302218342
0.060350043215211785
0.007879573609910668
0.008045231921636396
0.008261307980409081
0.8276649380581954
0.008218092768654548
0.007663497551137982
0.007706712762892519
0.008131662345145473
0.008038029386343973
0.008088447133390934
0.008333333333333314
0.00795880149812732
0.008088447133390932
0.47426182388293686
0.025476874836686654
0.017202334291438037
0.01783381238568069
0.016875707690967696
0.29108962633916885
0.017071683651249885
0.018116888772754972
0.017028133437853848
0.01779026217228465
0.01696280811775979
0.017180559184740016
0.01785558749237871
0.0178555874923787
0.01739831025172023
0.08538484198123134
0.01615957581113493
0.01489710895089002
0.013171737575221968
0.01409754660606825
0.7280926931223597
0.014406149616350325
0.013816998414902703
0.01486905413177347
0.014378094797233775
0.014714752626632417
0.013999354739160298
0.014139628834743062
0.013746861367111318
0.01412560142518479
0.8766420023750805
0.010559970768247016
0.006367041198501878
0.0065497396546999225
0.0062300173563533436
0.03746231844340905
0.006321366584452366
0.006184342742303832
0.006275691970402855
0.006339636430072171
0.006293961816022659
0.006083858591394907
0.006211747510733539
0.006266557047592953
0.006211747510733539
0.6109030378693314
0.05543575581028761
0.008310319171742393
0.00892823364733476
0.00848056091501785
0.23294745204857542
0.008253571923983913
0.008783212903063088
0.009048033392602678
0.008013972433448086
0.008020277683199035
0.00797614093494243
0.008095940680210346
0.008354455919998994
0.00844903466626313
0.26855002675227396
0.06041733547351528
0.014606741573033714
0.014745853397538804
0.014756554307116119
0.49990369181380406
0.013654360620652757
0.014424826110219382
0.014125200642054593
0.014168004280363841
0.014382022471910122
0.014660246120920295
0.014039593365436077
0.013932584269662927
0.013632958801498129
0.6538818002920078
0.023347933726909156
0.011007427156732023
0.01046149939694023
0.010918555195835686
0.19170951564781327
0.011477178950041234
0.010626547324319141
0.01095664317907697
0.01107090712880083
0.010423411413698949
0.011235955056179745
0.011032819145559546
0.010702723290801722
0.0111470830952834
0.8792875811710188
0.008406757739875488
0.006017657783885232
0.006143399886832088
0.005945805153629887
0.03997700715831826
0.006143399886832087
0.006017657783885232
0.006179326201959761
0.005864970944592626
0.006044602520230989
0.0058559893658107045
0.006143399886832089
0.005864970944592622
0.006107473571704415
0.42740621841745424
0.036085845074609026
0.010903037869329975
0.011283514654301139
0.010831698472147884
0.4104987812852981
0.010451221687176717
0.010546340883419507
0.011449973247726026
0.009892396409250317
0.01041555198858567
0.010058855002675202
0.010011295404553805
0.010153974198917991
0.010011295404553804
0.7332321085130071
0.024536896447008807
0.014292944630023232
0.014697843911327007
0.014333434558153613
0.07369166919728722
0.01405000506124097
0.014414414414414363
0.013523635995546061
0.014394169450349176
0.013543880959611242
0.013402166211154918
0.014110739953436514
0.013807065492458703
0.013969025204980204
0.019543045241890565
0.39521532340629584
0.017145523113409302
0.018454440599769348
0.017054806059899192
0.38322771276388923
0.015901403522413607
0.01740471469486674
0.01570700983632054
0.01750839132744972
0.01699000816453484
0.016445705843474233
0.01674377616215028
0.01739175511579387
0.015266384147842904
0.03175798293370393
0.4741431458100056
0.0187845090544036
0.012439347722563257
0.017986537446748222
0.2571720915865479
0.020978930975455886
0.01967257423066523
0.02283871964168495
0.021056154034261244
0.020386887524614802
0.019395858269946026
0.01929289419153888
0.024537626935402852
0.019556739642457188
0.1304690507175982
0.017138039115053988
0.006525285481239815
0.007710590147307716
0.0066597014742990545
0.7698798198825693
0.006415308759645884
0.006482516756175507
0.009109738438697149
0.006842996010288937
0.0062747829487203016
0.006604713113502094
0.00664137202070007
0.0066352622028337405
0.006610822931368418
0.008943972705873375
0.008505589387311654
0.007309565333409564
0.007109433818413992
0.006580514814497131
0.8974183034565574
0.007314330369480886
0.007376275838408088
0.0069950729527022346
0.0065376294898552255
0.0071141988544853214
0.007228559720197071
0.006985542880559587
0.007347685621980145
0.007233324756268396
0.08498751560549313
0.04422596754057434
0.02618601747815232
0.02387640449438202
0.02671660424469414
0.5588327091136082
0.0274032459425718
0.02677902621722848
0.025780274656679165
0.02587390761548065
0.025593008739076155
0.02578027465667915
0.027153558052434468
0.02593632958801499
0.02487515605493134
0.8445534183964958
0.01399733384117312
0.0064987621405446635
0.006776487018345717
0.006419412175458643
0.06407509680695737
0.006284517234812419
0.006395607185932844
0.006530502126579071
0.006308322224338226
0.006538437123087672
0.006387672189424239
0.006316257220846824
0.006562242112613475
0.0063559322033898335
0.11059346548521659
0.02854663378094452
0.014859474437441024
0.013641484729454062
0.014448402910995422
0.6859565786669095
0.015042172893639074
0.013732833957553077
0.014631101367193472
0.015361895191985641
0.014844249566091192
0.014813799823391515
0.01450930239639477
0.01495082366554005
0.014067781127249506
0.031051207682371
0.15779895521054216
0.013916985546808355
0.01794665561757129
0.014306953618172507
0.6342505707345218
0.0139413585512686
0.013803244859327143
0.01730483316678443
0.01495690040377944
0.015192506113561943
0.014501937653854583
0.013372655113862549
0.013551390479904451
0.014103845247670341
0.7859533989592651
0.014583540485897049
0.00878326870173345
0.008993183299636526
0.008219813728414713
0.09484825384198954
0.008518113420171693
0.008451824599781256
0.009136809077149135
0.008551257830366915
0.008761172428269973
0.00876117242826997
0.008739076154806496
0.008650691060952575
0.009048423983295221
0.36619850187265945
0.037025147137506736
0.012707330123060427
0.012560192616372359
0.012600321027287286
0.44466292134831475
0.013014981273408206
0.01229266987693951
0.013282504012841057
0.012854467629748493
0.012038523274478298
0.01273408239700371
0.012533440342429071
0.012867843766720136
0.012627073301230569
0.05836356591877711
0.006909466615007103
0.006175665997440501
0.005688422387376281
0.005659070362673616
0.8628145069446892
0.005987813039343453
0.005817571296068004
0.006533760698813002
0.005899756965235455
0.00577060805654374
0.006040646683808248
0.005882145750413865
0.0062050180221431715
0.006251981261667427
0.6985970926172794
0.05314860661461312
0.015631943121945054
0.015790643052117075
0.014394083666603191
0.06449565162191333
0.01485431346410209
0.0159652129753063
0.015489113184790217
0.015457373198755796
0.01490192344315371
0.01507649336634293
0.015631943121945047
0.015076493366342933
0.015489113184790211
0.3163918933109314
0.036998144842311564
0.02912247541040983
0.03461794252511461
0.028772445657880882
0.29041968567328214
0.02929749028667435
0.029227484336168546
0.029962546816479363
0.02985753789072068
0.028667436732122204
0.02926248731142143
0.029437502187685913
0.028352409954846104
0.0296125170639504
0.05332619939361498
0.0970215801676476
0.058587479935794384
0.0932762618155877
0.060103442125913877
0.09550561797752821
0.05939004815409294
0.061262707330122915
0.06037096486534673
0.05689316925271966
0.0597467451400034
0.06393793472445145
0.05805243445692869
0.06099518459069006
0.06153023006955576
0.14810628725926892
0.1356071183210336
0.04470004210712941
0.038228841167475554
0.04190767457837464
0.05974780045652994
0.07913924162843781
0.05613545198679163
0.0351483722270239
0.07118321033619232
0.06389202845555492
0.039846641402389
0.07712253174655956
0.0693216319836892
0.03991312634354985
0.020921695562665883
0.01665550512190887
0.009933774834437076
0.010851501847855742
0.009598928491703254
0.841506064439318
0.009933774834437081
0.010057791998412589
0.010516655505121911
0.010181809162388072
0.009797355954064033
0.009735347372076299
0.010206612595183174
0.010367834908351307
0.009735347372076297
0.02059925093632959
0.01094178254193752
0.0068951167362636
0.00620632255657442
0.007081665159929426
0.8870090547734881
0.0070099157662118
0.006572244464534298
0.006550719646419011
0.007052965402442373
0.006715743251969539
0.006758792888200119
0.006758792888200118
0.006780317706315405
0.007067315281185895
0.2165053986204881
0.016078058608951385
0.0077506154183626256
0.008164956494187033
0.007766864088002801
0.6749372395135146
0.007531258378220296
0.007441890695199338
0.007872480440663927
0.007263155329157431
0.00796184812368488
0.007677496404981844
0.007628750396061335
0.007807485762103232
0.007612501726421159
0.09046638721465707
0.41229919554199657
0.016031285396565547
0.029623566568279712
0.015386396143892984
0.2969715008557183
0.01594033947631685
0.014766310324015515
0.01589900042165835
0.01565923390463906
0.01605608882936064
0.015394663954824665
0.015030880273829888
0.015121826194078583
0.01535332490016618
0.038333231002230767
0.03114958760565679
0.028202451853216185
0.025603241849327617
0.025214383659769468
0.5987188145965082
0.026155829802910226
0.026421890669450006
0.03602054808538498
0.02595116759787962
0.028509445160762106
0.028222918073719273
0.02691307996152343
0.028284316735228437
0.026299093346431646
0.08296208686510279
0.017570142584926732
0.008515671200473099
0.007740324594257193
0.008351402851698539
0.7987909849530189
0.008673368815296678
0.00808200275970827
0.00898876404494383
0.008357973585649527
0.008075432025757286
0.008778500558512387
0.007806031933767016
0.008423680925159343
0.008883632301728112
0.6735247607157719
0.016912193091968373
0.012983770287141077
0.014148980441115282
0.013166874739908458
0.15071161048689147
0.01245110278818145
0.012817311693716193
0.015197669579692052
0.013316687473990858
0.013150228880565967
0.012833957553058689
0.01310029130253849
0.013083645443196016
0.012600915522263846
0.01703449200895574
0.6078455649446461
0.023163194766871967
0.02488624756244776
0.02233778025402132
0.09480917448231037
0.025237048730409294
0.02261635765210843
0.023070335634176285
0.02411242145665025
0.02319414781110389
0.02212110894439801
0.020666315865498688
0.021646495599508882
0.02725931428689345
0.6359278175008518
0.04344569288389514
0.013918964930200893
0.01509022812393599
0.012924753149472251
0.155083418454205
0.013810010214504594
0.014055158324821244
0.014994892747701747
0.01345590738849166
0.01341504937010555
0.013346952672795375
0.01391896493020089
0.013006469186244487
0.013605720122574064
0.2076971093825026
0.01222030154614421
0.010059540958417337
0.009987515605493106
0.010755786036684884
0.6568712186689721
0.010215595889753164
0.009627388840871961
0.010935849418995457
0.010599731105349054
0.01001152405646785
0.010311629693652137
0.010431671948525853
0.010227600115240537
0.010047536732929966
0.06777818050018136
0.2697837380693491
0.03676855543473885
0.03982924570093841
0.03463412669646815
0.2080061213805325
0.03725182231887566
0.03841971728887284
0.043977286456445656
0.036688010954049416
0.03709073335749673
0.03858080625025175
0.036567194233015236
0.038339172808183365
0.03628528855060209
0.013835229622278102
0.2634246623896785
0.01155495693474636
0.2970970829050437
0.011873958813312976
0.29872753695105086
0.011306844362527874
0.010786989449308206
0.01326811517149301
0.011224140171788383
0.011188695518614315
0.011590401587920423
0.01144862297522415
0.011661290894268561
0.011011472252743973
0.018134048856839374
0.015171334339538245
0.012644641958745597
0.015160154284755978
0.01294650343786683
0.8111017943987923
0.01179495779529317
0.012186259712672572
0.014165129409134086
0.012264520096148456
0.012968863547431358
0.012376320643971138
0.01285706299960868
0.013226004807423539
0.013002403711778172
0.02868540760830571
0.16727653651326635
0.015340020376827853
0.03198587971931631
0.01664585934248859
0.5893208202390684
0.017535551824587107
0.017018956189820224
0.015842266132851203
0.01614361358646523
0.0158996656478253
0.017650350854535302
0.017062005826050802
0.017248554249716615
0.016344511888874574
0.02333222086253571
0.08268624615270498
0.009930655986947017
0.012096265806355925
0.009886157155041354
0.4142247932658432
0.01099121148069864
0.010308896058145148
0.3653873252493788
0.009522750027811777
0.010264397226239485
0.010249564282270932
0.010390477249972196
0.010234731338302378
0.010494307857752076
0.020348837209302285
0.22566631826495964
0.011856545597073402
0.012542461458061125
0.012324710391080901
0.17637836425398468
0.01208518421740265
0.011998083790610547
0.44618282379583685
0.0116605696367912
0.011998083790610556
0.011747670063583288
0.011584356763348116
0.01155169410330109
0.012074296664053632
0.0680551749337716
0.11619621814195645
0.057641362930483185
0.07983922535854562
0.057458664474285145
0.09144057732712134
0.05681921987759196
0.05718461678998807
0.0677811272494746
0.05563167991230473
0.05855485521147337
0.05837215675527535
0.05837215675527534
0.05837215675527536
0.05828080752717634
0.01180275397592772
0.017981973571611177
0.011702730637148672
0.012936351815423618
0.011836095088854075
0.8258927082986042
0.011836095088854082
0.011813867680236522
0.013147512197290493
0.012458462530145941
0.011958345836250692
0.011891663610397993
0.011513797663899362
0.011680503228531113
0.011547138776825713
0.013563846297100996
0.01759885778136445
0.012374035218407943
0.00997372069443583
0.011163531773128893
0.8308192107931378
0.011535994371676291
0.0113497630724026
0.011360109255695564
0.012146419185962296
0.012146419185962308
0.011856726053758777
0.011122147039956962
0.011360109255695576
0.011629110021313137
0.012877161974498168
0.01612801413962884
0.011309598956360717
0.012645709716786593
0.01101502335563691
0.8321655514876063
0.011362201742204255
0.011088667255817877
0.013866094348356688
0.011698859571602906
0.011593653999915835
0.011267516727685896
0.010762529983587921
0.011656777342928084
0.01056263939738248
0.016865393166742303
0.7711413364872859
0.007825285712321037
0.007586905596890052
0.006977202609345411
0.1167191561343914
0.0076235794608025135
0.008256203613292446
0.01182273687877913
0.007105561133039019
0.007545647499988527
0.007926138838080308
0.0075548159659666525
0.007490636704119847
0.007559400198955715
0.09931057515685023
0.28991626708652396
0.034351964502970095
0.05909015005128949
0.03311147689591841
0.15527565065960558
0.03504377489921051
0.03583100741907018
0.05591736444094575
0.035401607862783076
0.033636298575824904
0.03401798707030232
0.03332617667406196
0.03463823087382819
0.031131467830816686
0.028906881104501753
0.1492803113754865
0.012080487625761884
0.013613497833590331
0.012273261364470852
0.4115443930381141
0.012420136593963398
0.012713887052948488
0.27341741940221814
0.012814863773224614
0.011704119850187236
0.012594550928985794
0.012007050011015612
0.012860762282441034
0.011768377763090225
0.66745140003567
0.031300160513643586
0.013465311218120172
0.015106117353308324
0.015034777956126231
0.12826823613340488
0.01414303549135006
0.013893347601212733
0.01498127340823966
0.014339218833600818
0.014374888532191864
0.014392723381487388
0.014571071874442622
0.014000356696985872
0.014678080970215761
0.012766951241663863
0.11690064094247088
0.00849400143584954
0.011331101711774845
0.008511300827775908
0.13597322054129796
0.008260459644843489
0.008580498395481409
0.6375517900545793
0.008770791706671523
0.008952435321898445
0.008416154172180857
0.008805390490524267
0.008321007516585797
0.008364255996401733
0.19585866793689927
0.011805691763101592
0.007985653842920784
0.008256512277359036
0.008247172331343916
0.6935937310282345
0.008004333734951005
0.008461991089691485
0.00863945006397862
0.008265852223374141
0.008396611467585706
0.008135092979162576
0.008219152493298581
0.008219152493298585
0.007910934274799882
0.03909176029962544
0.09638792855084995
0.020365168539325854
0.019897003745318376
0.020743301642178063
0.6221009795447993
0.019500864304235116
0.020023048112935773
0.021859694612503627
0.019392826274848757
0.02011307980409106
0.0206352636127917
0.020527225583405383
0.01906871218668974
0.0202931431864016
0.0209772188434182
0.06872143765247568
0.022386008315293953
0.021492629625811777
0.023227845926536785
0.6389032058550662
0.02190495825172662
0.02238600831529396
0.024378930007215735
0.02312476377005807
0.022403188674707093
0.022660894065903842
0.02264371370649072
0.02166443321994297
0.02312476377005806
0.43426563569731386
0.15408159155893825
0.015686037614272518
0.015796786275220527
0.014719503845998993
0.2251318915871288
0.01616930449840929
0.014689299665740448
0.018585638919093105
0.014266441142120764
0.015162498489791029
0.015212838790221943
0.01566590149410016
0.015545084773065964
0.01502154564858447
0.5803838951310858
0.025468164794007514
0.01907771535580525
0.01842228464419477
0.019639513108614247
0.16406835205992507
0.019264981273408255
0.01926498127340826
0.018211610486891405
0.01853932584269666
0.019616104868913867
0.019569288389513124
0.01914794007490637
0.01970973782771537
0.019616104868913867
0.027945836934601016
0.053482098425918695
0.022445719074932598
0.02299573086089944
0.02401718132055214
0.6428852046829577
0.0228123935989105
0.022917157748618466
0.02367669783400124
0.02247191011235958
0.02325764123516936
0.022209999738089656
0.022314763887797642
0.023021921898326417
0.023545742646866277
0.07456588355464758
0.06069118147769839
0.052093973442288034
0.05728634661218922
0.05234933605720119
0.2175689479060262
0.05405175348995571
0.05251957780047664
0.061201906707524706
0.0514130064691862
0.05354102826012937
0.05303030303030298
0.05268981954375208
0.05447735784814433
0.05251957780047662
0.014323931819918975
0.1787586944890315
0.01417870518994114
0.013154475273255377
0.013765955820530463
0.6440342429106471
0.013857677902621716
0.013337919437437897
0.011686921959795154
0.012741725903844685
0.014071696094168008
0.014186348696782093
0.014522662997783388
0.014171061683100205
0.013207979821141951
0.04427501337613698
0.1501605136436598
0.017843766720171208
0.014312466559657535
0.01666666666666665
0.6005885500267522
0.01658640984483679
0.01698769395398607
0.016720171214553214
0.01900749063670412
0.016078116639914368
0.017616372391653274
0.017897271268057773
0.01801765650080255
0.01724184055644728
0.02071354468885726
0.01264264739498164
0.012748149320391778
0.011306289673119876
0.012238223347576101
0.8175871709658706
0.012422851717043845
0.012528353642453981
0.01433067820154385
0.012097554113695915
0.011657962757820344
0.013170157022032336
0.012036011323873346
0.0124668108526314
0.012053594978108364
0.10486891385767792
0.019727592761300615
0.012146978439113273
0.010921033392943511
0.011865798382652323
0.7347347347347344
0.011910787191686074
0.012338180877506728
0.011809562371360133
0.011303438269730407
0.011652101539741984
0.011775820764584813
0.011607112730708231
0.01148339350586542
0.011854551180393887
0.6483324415908689
0.03615123952202594
0.01466024612092024
0.014856429463170995
0.014517567326556053
0.13661494560370974
0.014446227929373957
0.014071696094167967
0.020331728196896683
0.0150882825040128
0.01457107187444262
0.013750668806848547
0.014856429463170999
0.014125200642054537
0.013625824861779883
0.015328266137915807
0.028723287067636077
0.004962546816479388
0.7888907248292574
0.0048523903943599785
0.11037122714254229
0.0050231328486450635
0.005083718880810737
0.006587354042740674
0.00510575016523462
0.004918484247631624
0.005138797091870443
0.00497356245869133
0.0050561797752808856
0.004984578100903271
0.23025996915620164
0.0545384445913197
0.011224939413967804
0.012106190790923082
0.010652126018946877
0.5841154439303812
0.010630094734522994
0.010817360652125992
0.012612910332672362
0.010541969596827468
0.010508922670191646
0.010784313725490168
0.010178453403833417
0.01055298523903941
0.010475875743555822
0.07951310861423219
0.06275280898876406
0.029775280898876363
0.02981273408239697
0.0279962546816479
0.501947565543071
0.028895131086142285
0.029288389513108574
0.02999999999999997
0.02953183520599247
0.029887640449438157
0.029419475655430675
0.031985018726591735
0.029775280898876353
0.02941947565543067
0.3335500046429565
0.021759990095025845
0.012675271612963173
0.014145541213978423
0.01341814467452878
0.4857770761754422
0.013464574240876626
0.013464574240876628
0.014486024700529319
0.013247902931253318
0.012814560312006725
0.01289194292258646
0.012644318568731263
0.012984802055282168
0.012675271612963165
0.09729685718938273
0.053655756391467024
0.052922976713890055
0.05039895782445839
0.051375997394561
0.22520762090864677
0.055039895782445704
0.05137599739456101
0.05105031753786012
0.052353036964663535
0.05162025728708663
0.05170167725126187
0.05153883732291141
0.0525972968571892
0.051864517179612275
0.019010493442963048
0.01886854260163134
0.013758312313689514
0.012273288127450011
0.013845666677585954
0.8000567803365332
0.013408894858103745
0.013649119358818974
0.013157751061901491
0.013922101745995346
0.013146831766414435
0.013343379085181422
0.013507168517487254
0.014337034974503447
0.013714635131741303
0.05022471910112355
0.036966292134831394
0.022565543071160984
0.019719101123595432
0.023913857677902557
0.635730337078652
0.02385767790262167
0.02273408239700368
0.025056179775280844
0.023857677902621652
0.025299625468164756
0.02256554307116097
0.02230337078651678
0.02264044943820219
0.022565543071160987
0.01631025733961578
0.02913025384935494
0.016968037265246372
0.035895990227269775
0.016283409179385967
0.7273972051065198
0.0179077228732901
0.017786906152255894
0.022028915468567483
0.016095472057777217
0.016605587102143812
0.01680694830386746
0.016525042621454343
0.016968037265246396
0.017290215188004218
0.033660456075475284
0.020164667583242472
0.01423853095023623
0.013969879422873276
0.013685424864488973
0.7785521262978234
0.01438075822942837
0.01381184911265978
0.013969879422873276
0.013843455174702476
0.01368542486448897
0.014554591570663222
0.01355900061631818
0.014080500640022727
0.013843455174702469
0.03602691403187876
0.10992073861161922
0.023332026826931425
0.028394739134221712
0.024388119501785516
0.5467620416340037
0.027033794965595274
0.024203031094852345
0.02096942775019593
0.027164445605783436
0.024867171849142014
0.026587405278285816
0.022787649159480828
0.029265743402142635
0.02829675115408061
0.5707212231683757
0.03289169409908316
0.007517842406435086
0.007563185243627093
0.007010002629884588
0.3086214870636886
0.0072367168158446295
0.007182305411214217
0.00829773920613763
0.007291128220475044
0.007028139764761391
0.007000934062446184
0.007291128220475042
0.007155099708899015
0.007191373978652625
0.01656434611374953
0.018309587242750645
0.011815127997219944
0.011575736514923324
0.012039074867755482
0.8224641878064781
0.011606625738445472
0.011745627244295119
0.010201166068187936
0.012695470867601033
0.012062241785397089
0.012046797173636022
0.012587358585273533
0.011683848797250833
0.012602803197034605
