0.4662346912984536
0.02270168424438774
0.021346016865421272
0.0223340456331426
0.021575790997449478
0.021989384435100272
0.02175961030307206
0.1530985041704005
0.02279359389719902
0.024815606259047347
0.021736632889869233
0.02152983617104385
0.02104731049378459
0.11332460191631633
0.0237126904253119
0.02673433356233702
0.018482813642709914
0.02194741779875746
0.019945482348248115
0.0199011590541409
0.019258471289586243
0.020854109877446073
0.13673736232076775
0.02153373372042341
0.017330407995922267
0.019531798269914087
0.019753414740450167
0.016399618819670666
0.6035946191520953
0.017995257407530517
0.016176408702604884
0.014888692505155067
0.012902411311703079
0.014888692505155081
0.012944493540377893
0.012759331734208644
0.013483146067415729
0.09088919749189914
0.014274291966502551
0.3041282666330005
0.013398981610066071
0.013457896730210837
0.011134957707360189
0.44198964777174726
0.012683583722593953
0.011590467372354694
0.012954297106345342
0.012040906550553437
0.01293344344068799
0.012766614115429188
0.011294345320020339
0.012078443148736668
0.7035943378127009
0.012157687078234603
0.011119174528498605
0.012945955640082406
0.011511223442856773
0.010781345144849554
0.14089153591418296
0.011340223384466504
0.011302126758513024
0.012043249824645033
0.011778563015312176
0.012082952846044962
0.011090377311046746
0.011699156972512321
0.012122655867444886
0.01594738026230467
0.011685922632045681
0.011434470163179462
0.011143314672913317
0.011725625653445603
0.014954804727306464
0.8295813978110416
0.011408001482246173
0.026954338991154663
0.030639891624830662
0.027930512391425598
0.027372699019842225
0.028906685791696512
0.02824926288947325
0.02687465136664274
0.5486492947645234
0.02818949717108932
0.02739262092597018
0.028069965734321432
0.027830902860785676
0.026575822774723087
0.0890708422981908
0.02729301139533029
0.01619630979670066
0.015732842308318666
0.01583305149499585
0.014943694963235797
0.01539463630328315
0.014906116518231842
0.014417596733180556
0.02109403379554827
0.015369584006613849
0.016935352548444933
0.015933260681673028
0.015269374819936662
0.022233913294001297
0.7704207533225612
0.015319479413275251
0.038333284438837864
0.016105846803766824
0.01619385689559069
0.01578314313374599
0.017474892676582456
0.01713263120837856
0.017083736712920867
0.04353565875553731
0.01580270093192908
0.016995726621096996
0.016575233960160758
0.01674147524471693
0.017660691759321723
0.716646619923529
0.017934500933884854
0.017760537423458733
0.068352059925094
0.02019796682718026
0.06395279709886462
0.019529159978598137
0.018414481897627916
0.019826407466856853
0.025236311753165618
0.022665120979727664
0.019722370845966303
0.046563819035729134
0.024077046548956618
0.01911301349503592
0.5948962606265978
0.01969264609714043
0.016713298100694263
0.015943509348492216
0.015662240381341463
0.016298796464893156
0.016520850912643742
0.015721454900741616
0.015825080309691895
0.032271913073085544
0.016091545646992604
0.02510695622566654
0.01613595653654272
0.01637281461414336
0.0195555950319018
0.7457772645852759
0.016002723867892366
0.01529220549784473
0.01394954420182324
0.013143947424210338
0.013073281040209205
0.014486608720231836
0.013723411773019618
0.014288742845028663
0.25961416154335387
0.014684474595434996
0.0188961910819024
0.013709278496219399
0.012677549289802878
0.013525545897816457
0.5533177867288532
0.015617270864249931
0.009434599536150917
0.009697297216155127
0.009104351024145637
0.009442105184151048
0.009209430096147315
0.008976755008143595
0.00944961083215116
0.7583331456921333
0.010665525808170614
0.008939226768142997
0.009817387584157048
0.009337026112149361
0.01011761350416185
0.11719318787387512
0.010282737760164497
0.4661750936329588
0.0227294007490637
0.021348314606741584
0.022893258426966306
0.022963483146067443
0.021863295880149836
0.022471910112359557
0.1865870786516856
0.022893258426966295
0.02661516853932585
0.022261235955056184
0.02258895131086145
0.020060861423221006
0.07453183520599249
0.024016853932584264
0.013618519019899827
0.012571634854022832
0.012481386219033445
0.013257524479942242
0.013338748251432704
0.01442173187130545
0.012318938676052538
0.04084653219620048
0.013528270384910432
0.011515725824646909
0.013131176390957098
0.015288118767203655
0.012445286765037684
0.7883579260863678
0.012878480212986773
0.021653967023978628
0.015110422316931462
0.01380458335127073
0.0157131172241595
0.015612668072954819
0.01645931091882276
0.015454819406776055
0.029417251424225466
0.015698767345415972
0.015038672923213843
0.015282620861853759
0.016057514314004085
0.015268270983110234
0.7651355346047329
0.014292479228550562
0.013721422262391376
0.018863532102239653
0.015933008784722924
0.014851180083396653
0.014529370279837582
0.014392429937897544
0.014837486049202661
0.09997329663332172
0.01663140452861712
0.02016446535066998
0.017007990468952194
0.015837150545364904
0.014152784339502487
0.6954104444398801
0.013694034194003375
0.011725996709720283
0.010092524531251775
0.010267539407516261
0.010792584036309718
0.010232536432263377
0.010127527506504681
0.01033754535802206
0.8203997339773892
0.017536490601701052
0.009765830095558089
0.010780916377892084
0.010769248719474454
0.010617569160045236
0.03642642957984758
0.010127527506504688
0.021550325872187363
0.014583149016485279
0.014656875755699053
0.014988646082161057
0.01374266418944821
0.014059689168067453
0.014398832168450833
0.10382936683476364
0.020097909109675953
0.015637441387242313
0.01423663334218052
0.015091863517060348
0.04466365861570683
0.6645949452947588
0.01386799964611163
0.013129013569639239
0.01308005515980839
0.013822591042242928
0.015348461481971044
0.01420609858591791
0.013781792367383883
0.014148980441115247
0.41135671913376276
0.01557693406118167
0.011929532528783437
0.014116341501228024
0.01401842468156633
0.012818943640710541
0.4079541096505189
0.014712002154170014
0.06984512602490131
0.06539123393055982
0.06741573033707862
0.06417653608664849
0.06741573033707864
0.06721328069642675
0.06407531126632253
0.06923777710294557
0.06701083105577482
0.06367041198501881
0.06609980767284139
0.066808381415123
0.06670715659479702
0.07105982386881254
0.06387286162567064
0.010091335934032553
0.008510671432019746
0.008674188449469347
0.008425019660974723
0.008580750153783867
0.0083549409392106
0.008736480646593
0.6562560832223756
0.21789031901391523
0.008354940939210602
0.008534031005941108
0.008331581365289225
0.008635255826267065
0.02179448246863976
0.008829918942278484
0.008646107259542589
0.007900458773038254
0.008725794884054505
0.008230593217444756
0.008059834022062078
0.00803706612934439
0.008623339366824898
0.7273544847056685
0.007957378504832475
0.009414523638764619
0.007484944730940414
0.00869164304497796
0.009386063772867501
0.1629896519927599
0.008498115956877602
0.01104167341255709
0.011225161631534085
0.011559757795550973
0.011387063001219661
0.011430236699802497
0.01172165916523656
0.011883560534922136
0.009940744098695097
0.010868978618225793
0.011581344644842378
0.01134388930263686
0.011430236699802487
0.011257541905471197
0.8420921974333236
0.011235955056179789
0.028466375255473755
0.021582030295029385
0.024036533967006002
0.023840955985175202
0.021190874331367786
0.02334223213150665
0.02648125873989106
0.33417431865520586
0.02393874497609059
0.03542895140865041
0.026031429381680214
0.024212554150653723
0.022804392681471906
0.3391419993937085
0.025327348647089326
0.00634045406205206
0.006565866740648268
0.006849077541961439
0.006918435289221804
0.006721921671984091
0.007198756184399128
0.007028251722384055
0.5534979423868317
0.0068404078235538915
0.013166412354926708
0.007057150783742543
0.007536875202293431
0.006132380820270954
0.3504386877514219
0.007707379664308501
0.03045463243937782
0.028294923316657138
0.029224418382131842
0.031028732332759247
0.02955247546406409
0.02949779928374208
0.031411465595013545
0.3107247327701688
0.030017222996801467
0.03086470379179311
0.029087727931326735
0.028048880505207922
0.03600426474206513
0.2953607260996749
0.030427294349216778
0.009723915486873073
0.010122976777561766
0.010368271332388759
0.010306032415492357
0.009793476629286698
0.010675804804112154
0.011689933038247636
0.012531988972728362
0.009511570946873585
0.009767848839976416
0.01132016064962784
0.011506877400317044
0.008402253781014196
0.8525486836469068
0.011730205278592367
0.0175318182588506
0.019218058874370787
0.020616198078194058
0.021353398749300877
0.022573592963546645
0.02126018946904599
0.019641737420983896
0.36109275170742455
0.021133085905062063
0.016455674750453293
0.01963326385005164
0.019141796735980425
0.018853695324283513
0.3778111071567776
0.023683630755672997
0.012306046013911153
0.013575467640239581
0.012452921243403699
0.014498683368478442
0.01360694090370227
0.01295649345880671
0.013029931073552983
0.017761411680777137
0.014257388348597829
0.015852033697374042
0.01328171718125449
0.013523012201135099
0.012935511283164917
0.8063030455627936
0.01365939634280675
0.032586385661990284
0.02600562855752338
0.028269747561311044
0.026174908483040212
0.02642882837131547
0.02628070843648823
0.02727522799889965
0.43058465054275374
0.027761907784760544
0.025667068706489722
0.02615374849235063
0.025709388687868942
0.025116908948560012
0.2189635836560231
0.0270213081106244
0.0074162039997428585
0.06980096018188625
0.008810125554439057
0.008414278899343293
0.008339846194966314
0.009747300968640146
0.00995029925330464
0.1789869708934292
0.008465028470509416
0.011831416691195615
0.008505628127442318
0.008712009716851215
0.008072565120158064
0.6424658878299143
0.010481478098176731
0.030137561692743824
0.029507508138191692
0.028527424831110624
0.028492421855857708
0.027267317722006322
0.028912457558892466
0.027547341524029517
0.4777906122020369
0.028982463509398253
0.027232314746753434
0.027302320697259224
0.027302320697259234
0.02740732962301791
0.15348804648395123
0.030102558717490936
0.008106146386783968
0.007362889411491452
0.007618383996748261
0.007641610777226143
0.007606770606509314
0.007397729582208292
0.00725836889934095
0.009337165752112183
0.006921580582411532
0.0067183462532299796
0.007728711204018239
0.006869320326336273
0.007711291118659827
0.8944981563742996
0.007223528728624109
0.014118864577173271
0.014299559760825276
0.01581082856955121
0.015194822261646625
0.014521322031670936
0.015326236940666283
0.015605493133583013
0.6436362441684734
0.01412707799461199
0.014915566068729865
0.01394638281095998
0.014504895196793472
0.01628720678099743
0.16214107365792763
0.015564426046389366
0.03348537100901099
0.029369229057737256
0.02981421737679388
0.02892424073868063
0.028590499499388165
0.02910965253828756
0.02762635814143214
0.3548040197278152
0.034338265287202845
0.027774687581117685
0.03118626469388513
0.028330922979938465
0.030741276374828506
0.2559424481774015
0.029962546816479422
0.004393116953708468
0.004210690910715486
0.004121339379453625
0.004158569184146069
0.004247920715407932
0.004229305813061711
0.004266535617754154
0.005368537836650513
0.004061771691945709
0.004743077117817445
0.004072940633353443
0.004240474754469451
0.23258948183557815
0.7110557628014686
0.0042404747544694445
0.01052945182158666
0.009993190330268987
0.010606060606060612
0.010044262853251627
0.00958461014640791
0.010052774940415402
0.010001702417432756
0.014436499829758274
0.010410282601293844
0.009320735444330958
0.00944841675178754
0.010350697991147434
0.009814436499829758
0.8549540347293152
0.010452843037112698
0.008941135719079474
0.008513563248251836
0.008914074170292918
0.008919486480050223
0.009276698924032826
0.008946548028836786
0.008356606265289786
0.053392435755883226
0.008356606265289782
0.007690892165140405
0.009260461994760884
0.007934446104219438
0.008210473901842359
0.8340964690091142
0.009190101967915832
0.027915848683569305
0.018308898263787357
0.018211436447934496
0.018851899809253295
0.02077328989320969
0.019158208373362275
0.02038344262979824
0.09547081018615207
0.01889366915890451
0.35146123108196553
0.019199977723013493
0.02004928783258844
0.017877281650724684
0.31430043300892474
0.01914428525681187
0.0157483868056496
0.015131687799888735
0.01483085901659074
0.015808552562309203
0.014018621301686183
0.016124422784772083
0.015823594001474112
0.026518057247717514
0.01586871831896881
0.014214160010829868
0.015838635440638994
0.015462599461516516
0.014951190529909923
0.7745739512356538
0.015086563482394037
0.00590838991367742
0.005938432574255437
0.006098660097338219
0.005733141060305631
0.0056580344088605836
0.0056229846381862245
0.005813254821847025
0.015091429830359113
0.0060686174367601976
0.006053596106471187
0.005863325922810389
0.005823269042039696
0.32609805924412694
0.5882853652186104
0.005943439684351777
0.011767413637980466
0.011863662042558542
0.011528884983156538
0.010629171636013665
0.010198146172033571
0.011001611114598386
0.01163350281421967
0.7791350197727706
0.011520515556671494
0.010624986922771132
0.010679388194923962
0.010867700290837595
0.00900550289791393
0.07882325863620192
0.010721235327349213
0.004029390373383465
0.004196610073878869
0.004307418309146916
0.004150272084584963
0.004152286779771653
0.00415631617014504
0.004081772448237443
0.9216082102858255
0.0037030097531394
0.00424899214873286
0.004073713667490679
0.003880302929568273
0.004043493239690299
0.025564467223931367
0.0038037445124739877
0.019877114391324523
0.01686617218672733
0.016168514846637744
0.018139090842329397
0.017845340383344305
0.017588308731732352
0.018702112555384155
0.027477907517563765
0.015507576313921285
0.018897946194707547
0.016939609801473604
0.01826148686690652
0.01735575628503582
0.742943869183129
0.01742919389978209
0.018560379407397562
0.021784899053697668
0.023314052700396704
0.02140815105378631
0.02475455975888125
0.022848658112270895
0.02463267070008643
0.19601976818917208
0.024488619994237976
0.0201116947011502
0.021430312700839928
0.022117323759501793
0.028377989052146335
0.5062052611750107
0.023945659641424533
0.00944517519532179
0.00997342884159259
0.01001568913329425
0.009920603476965509
0.00983080035709949
0.008420363121556449
0.009740997237233442
0.6893921385292363
0.009841365430024895
0.017680649540683508
0.009624781435053867
0.010269250883504237
0.010290381029355065
0.17641030517213155
0.009144070616947447
0.33051441881393856
0.013406386892709248
0.01271820118844382
0.01290348195497682
0.013287277828509466
0.013035825359643255
0.013340215190376032
0.1140006087796619
0.013843120128108462
0.013829885787641823
0.013194637445242963
0.013115231402443105
0.013975463532774889
0.39607734148568746
0.012757904209843749
0.32881289692232524
0.01152255333007653
0.011574662107148673
0.010441296205829656
0.011770070021169204
0.010610649731314117
0.011600716495684737
0.25172447484123106
0.01208272268360202
0.018446507083536873
0.011587689301416708
0.010356619443087443
0.009913694837974281
0.27861911740758827
0.01093632958801498
0.3315669243233199
0.01313517677371367
0.012165644008818727
0.013015645336945797
0.013307833293489495
0.012046112572050856
0.01353361489627324
0.192764363694318
0.01361330252078514
0.013121895502961688
0.012696894838898149
0.013095332961457717
0.012524238319122334
0.3205301883284198
0.012882832629425947
0.2979964635283962
0.018141820865182443
0.019603748102975358
0.02020244211464293
0.019186054606463106
0.018559514361694715
0.0198404410843323
0.22112693705359024
0.020369519513247846
0.021998524149645645
0.019506286287122494
0.019979672249836388
0.018643053060997162
0.24517215933614567
0.01967336368572741
0.013620474406991252
0.013395755305867655
0.013982521847690365
0.01334581772784018
0.013021223470661663
0.013707865168539307
0.013121098626716593
0.013757802746566789
0.013395755305867651
0.013308364544319584
0.01315855181023719
0.014506866416978759
0.012983770287141067
0.8112983770287148
0.013395755305867653
0.1778312300240536
0.014388173141344569
0.01529979021823892
0.014970290069963853
0.014157523037552022
0.015958790514789056
0.014640789921688787
0.12260700517315254
0.01698024097444176
0.015442573615824783
0.015047173437894704
0.015695190396169
0.014135556361000352
0.5173262161301304
0.015519456983755632
0.01583923179725783
0.015360755003382336
0.015756735798313774
0.015162764605916621
0.015006022207922909
0.016977676582685737
0.015459750202115194
0.093814449999175
0.013884076622283815
0.013182860631259384
0.01514626540612781
0.01511326700655017
0.013240607830520222
0.7072052005477742
0.018850335758715697
0.013810136709917585
0.014320334875523266
0.013526049094978052
0.01497547570181239
0.014047842673438412
0.013995663315592379
0.014326132581950606
0.2286673392006123
0.014018854141301733
0.013688384874943496
0.01366519404923416
0.014604422490462806
0.011195371111188446
0.5907804872392483
0.01437831193979665
0.006490577877130004
0.00653633220254784
0.00664744984999115
0.006327169572066308
0.006738958500826824
0.006196442928015351
0.006216051924622994
0.006425214555104525
0.006601695524573319
0.006640913517788607
0.006588622860168222
0.006314096907661219
0.006418678222901985
0.9096286709675742
0.006229124589028091
0.013206439711554604
0.013220414780032429
0.01320643971155461
0.014436245737604138
0.012982838615909233
0.013653641902845334
0.01356979149197834
0.014981273408239704
0.014268544915870105
0.014617921627815996
0.01303873888982057
0.012912963273520055
0.01410084409413607
0.8079685840460618
0.013835317793057194
0.011607258168668472
0.011623401782254964
0.011833268758879
0.011219811442593326
0.011381247578457982
0.011365103964871509
0.011591114555082022
0.013237763140901467
0.011413534805630905
0.011139093374660998
0.011316673124112109
0.011268242283352724
0.011687976236600808
0.8383217099315482
0.010993800852382812
0.22592796468391452
0.012865762177681372
0.014204146833748895
0.013459400533195191
0.014862545737136955
0.014355254778788774
0.013891137519023426
0.35863312070286807
0.016956470118403896
0.013783203272566377
0.015207935325799542
0.013901930943669124
0.012876555602327068
0.24534533562153935
0.013729236149337836
0.012563520950924027
0.013038279615269658
0.014198800794781186
0.01382075222872819
0.012941569516977029
0.01294156951697703
0.013565789242320337
0.01859471435353695
0.011930509398463192
0.011930509398463195
0.012941569516977024
0.012844859418684403
0.01258989643227657
0.8136835997256955
0.012414059889926343
0.014382022471910113
0.012979230507320411
0.013033707865168548
0.01379639087504256
0.013265236636023152
0.01336057201225741
0.013074565883554653
0.02511406196799455
0.014218590398365675
0.014450119169220304
0.013265236636023164
0.013415049370105554
0.013810010214504597
0.7985018726591758
0.013333333333333348
0.022047021055613205
0.023966890126837195
0.02445472571050886
0.024155729707613323
0.022865325905643098
0.022975482327762507
0.023715104019135683
0.5961350832467824
0.028483303433732978
0.03698108456865883
0.023856733704717782
0.022928272432568474
0.02547760677304623
0.0805243445692884
0.021433292418090777
0.01923331130204886
0.018719247998824948
0.02310347359917744
0.019923624880663827
0.0212895645149445
0.020188000293750407
0.023132848645075952
0.0824557538371154
0.023169567452449084
0.019372842770066782
0.01947565543071156
0.020959095248586274
0.01821252845707567
0.6509142983035912
0.019850187265917557
0.015366306136021555
0.015392558367461224
0.016783926633763862
0.016661416220378717
0.017396478700689545
0.018096538205747456
0.016241380517343956
0.36535230494592075
0.031975217893520896
0.01590885225244145
0.015987608946760476
0.015331303160768656
0.017422730932129225
0.4046256431796701
0.017457733907382093
0.03139191952088881
0.054696122600372626
0.037778863377300145
0.040185275651812055
0.03533626445204368
0.029510213682172732
0.038737809622030446
0.08277696357813602
0.03113861296567703
0.03354502524018894
0.03227849246413007
0.03828547648772364
0.06303714559698922
0.391231974524598
0.06006984023593683
0.014116303811921032
0.013355130567160587
0.012542059146621005
0.012922645769001232
0.01212687374038804
0.013320531783307827
0.0133378311752342
0.020370033993305153
0.012991843336706724
0.012230670091946285
0.012879397289185305
0.012905346377074857
0.013770315973393546
0.8099921287766738
0.013138888168080912
0.010940272028385569
0.009827940638112128
0.009905381431105855
0.01076427022612712
0.010412266621610208
0.009975782152009244
0.010785390442398134
0.11103601700881413
0.010327785756526152
0.011355636281715523
0.010060263017093292
0.009736419700937747
0.014030863676044045
0.7511404916786351
0.009701219340486053
0.014973582816141008
0.01691930261710849
0.015973359788970156
0.019472579193872134
0.01607333748625308
0.015396565381568724
0.015965669196871465
0.3734551523121764
0.01632712702550969
0.015404255973667404
0.014450622553430372
0.015281206500088447
0.015265825315891058
0.41550730990779
0.019534103930661614
0.019670068902421577
0.02208594219058239
0.020970923749892807
0.020056036824198764
0.019198330331360612
0.02034193898847815
0.020213283014552427
0.19898790633845106
0.019484232495640005
0.024944963833376237
0.018983903708151076
0.020070331932412748
0.020256168339194337
0.5342796694970976
0.02045629985418991
0.008184523809523813
0.009087413055109681
0.008803170144462281
0.009171013911182453
0.009463616907437132
0.009597378277153555
0.008819890315676836
0.008560727661851253
0.009120853397538793
0.008861690743713218
0.009296415195291598
0.008962011771000526
0.008786449973247729
0.8746154360620655
0.008669408774745854
0.010537390060177586
0.009333838320077432
0.009821992172705466
0.009603164583596354
0.009190758742583004
0.010099734881959347
0.00956108235492152
0.010369061145478269
0.00951058368051172
0.010242814459453778
0.00958633169212641
0.009603164583596344
0.010444809157092961
0.862315364221692
0.009779909944030638
0.03171816479400747
0.03085986267166038
0.029533395755305836
0.030040574282147278
0.031523096129837676
0.029611423220973744
0.03031367041198497
0.039091760299625467
0.030898876404494336
0.03671192259675407
0.0305867665418227
0.031015917602996223
0.028675093632958747
0.5575062421972532
0.03191323345817725
0.012259595120247595
0.01277743656442308
0.01336753495429747
0.0144393463154979
0.013740862507075154
0.01340366342714693
0.013006250225802945
0.043077182460830726
0.01354817731854474
0.012933993280104037
0.012921950455820902
0.01266905114587472
0.013560220142827886
0.7838553897660084
0.014439346315497887
0.006702460531930043
0.00683283553785618
0.006738017351728082
0.007253591238799626
0.006554307116104889
0.006927653723984279
0.0072476651021666175
0.006672829848765015
0.006975062817048332
0.006874318494287226
0.006862466221021213
0.0070402503200114
0.006820983264590171
0.903907694495805
0.006589863935902927
0.009724331072645651
0.010351924958666499
0.01031818335189119
0.009501636467928584
0.010540877956608264
0.010729830954550025
0.010122482032594363
0.016837061780881974
0.01010898538988424
0.010743327597260151
0.010223706852920312
0.009643351216384898
0.011782569085939835
0.8485069339001928
0.010864797381651279
0.017977528089887666
0.015111545350920035
0.014997557401074732
0.015306953264940571
0.01503012538674483
0.015046409379579863
0.015062693372414908
0.023334961732616843
0.01551864517179613
0.015127829343755077
0.01517668132226021
0.01589317700700211
0.015095261358084986
0.7767790262172312
0.014541605601693536
0.005480953685941343
0.006320224719101112
0.006365899333150621
0.006371608659906812
0.00625742212478303
0.006143235589659254
0.006166072896684009
0.007753265734904524
0.006354480679638242
0.006080432995341174
0.007113821138211369
0.006634237690691497
0.0062745501050516005
0.9101979994519039
0.006485795195030585
0.012935575909989295
0.014635196763798848
0.0141737612378777
0.013766159856647362
0.01451983788231856
0.013727706896153926
0.012904813541594558
0.1357543317259996
0.015319659460581876
0.01323550900183805
0.01482746156626597
0.012989410054680104
0.012558736897153712
0.4078474801774989
0.2908043590276017
0.01990857435809799
0.022372224833027154
0.02289913273806981
0.023810541006251674
0.024294726648723296
0.020321556229617902
0.022030446732458926
0.40902294185500077
0.021774113157032784
0.021959242961507214
0.022115891257600974
0.021560501844177654
0.01995129662066901
0.3044388430811299
0.023539966676635167
0.01605906286206986
0.01659795758898495
0.016530595748120578
0.01677309837523237
0.01642281680273755
0.01716379705224582
0.016436289170910428
0.21465524209845616
0.016099479966588493
0.01580308786678518
0.016530595748120575
0.016018645757551218
0.01626114838466302
0.5728585670789212
0.015789615498612308
0.014296154197497041
0.014762035260802059
0.01543801954873482
0.014935598794190201
0.014990408331049615
0.01522791632410707
0.015556773545263547
0.055823513291312556
0.014424043116835674
0.014250479583447532
0.015355805243445701
0.016369781675344842
0.014040376358819778
0.749355987941902
0.015173106787247656
0.012142295440308157
0.013395177736015042
0.012888693403708
0.01276873658816161
0.012848707798525866
0.01262212270249378
0.012782065123222315
0.013195249710104376
0.012955336079011575
0.013088621429618676
0.01312860703480081
0.012635451237554482
0.013035307289375825
0.8197715489090591
0.01274207951804019
0.011638677459627073
0.010809069308525635
0.011324553984938184
0.010937940477628767
0.011090974990938737
0.012355523337763278
0.010897668237284037
0.07469695139140595
0.010929886029559816
0.010728524827836176
0.011960855382384918
0.011735330836454432
0.009737827715355803
0.7798074986911522
0.01134871732914502
0.01064583136625434
0.00842696629213481
0.009182324615239332
0.009174456299373657
0.008788908821955725
0.008710225663299005
0.008899065244075135
0.5769599974821388
0.2816384980958679
0.009190192931105002
0.00917445629937366
0.008584332609448252
0.008859723664746775
0.0326299058949422
0.009135114720045297
0.040003676386112456
0.021736632889869243
0.02277061648399622
0.02212724891431722
0.022678706831184933
0.021943429608694633
0.021529836171043846
0.3448679947611499
0.021966407021897456
0.02656188966246179
0.02267870683118495
0.020312033271294293
0.02194342960869463
0.3475333746926771
0.021346016865421265
0.014018191546281377
0.014601877523225794
0.014261394036674884
0.0140960163432073
0.014417043630526722
0.014524052726299872
0.014494868427452663
0.07169609416800421
0.016100004864049756
0.012704898098156487
0.014378131232063765
0.014076560143975838
0.01240332701006854
0.7441412520064208
0.014086288243591576
0.008469312856416913
0.007961154085031908
0.007471816008883367
0.008168181732633202
0.007634928700932877
0.007685117221563492
0.007747852872351762
0.11468704320604275
0.007879597739007144
0.4399964868035556
0.007572193050144599
0.007227146970809101
0.008312473729446228
0.35097459833499606
0.008212096688184997
0.02471049119634941
0.030479142451246305
0.027680916096258997
0.029510525636058414
0.028111412458564734
0.02774549055060488
0.029295277454905524
0.2272590296611994
0.029618149726634832
0.02578673210211375
0.029596624908519536
0.028498859184639916
0.024581342287657678
0.4074648069223816
0.029661199362865397
0.021512365741170658
0.020769492679605046
0.02016590831708302
0.02093973442288051
0.021682607484446118
0.022239762280620298
0.022270715324852208
0.018184913486241384
0.020800445723836967
0.022440957068127664
0.020970687467112392
0.020258767449778708
0.024839817996099946
0.7031138762497285
0.01980994830841613
0.00538222708550179
0.00584038360600318
0.005533463218482835
0.0059204497940519695
0.005991619738984225
0.005849279849119716
0.005400019571734853
0.005382227085501788
0.005982723495867689
0.005662458743672545
0.005778109904187459
0.0058314873628866485
0.00529771277589473
0.9205343083615796
0.00561352940653162
0.018233196528291685
0.01841261297629455
0.01821076947229132
0.017717374240283423
0.01841261297629454
0.017941644800287027
0.018502321200295987
0.019937652784318943
0.017941644800287013
0.017650093072282345
0.017627666016281986
0.01841261297629454
0.01847989414429561
0.7442418533719087
0.018278050640292393
