0.020988615715504096
0.02035821559684054
0.06296584714651231
0.021229651054993103
0.019505321318648704
0.021192568695071707
0.021433604034560703
0.6677049727444647
0.021340898134757265
0.0199873919976267
0.020432380316683322
0.02074758037601508
0.021062780435346876
0.020858827455779244
0.0201913449771943
0.024162940137537156
0.025064822817631872
0.040747560532611915
0.02458882918091523
0.052171407813811355
0.023135795974095968
0.023536632720804737
0.6086956521739131
0.027833101599589204
0.02774541856124668
0.024952087482620032
0.025014718224293273
0.02279758996906045
0.02460135532924985
0.024952087482620032
0.024473225262315254
0.023701289418760915
0.031263401663950585
0.02390142093375648
0.04897504074105843
0.02583126054264234
0.024687651885524787
0.6342882465620265
0.024130142665179984
0.02215741773165223
0.024887783400520364
0.023058009549132317
0.022371844354861788
0.02367269920233298
0.02260056608628528
0.01822668698025774
0.01874246175331685
0.04700691931695552
0.017893417126896474
0.034834634672760725
0.020194566114390914
0.018456801879007178
0.6966133434901289
0.018306036945343752
0.01966292134831462
0.01819494699422335
0.02021043610740813
0.01798863708499967
0.015957277978797698
0.017710912207198625
0.016348385810512508
0.0172597940786944
0.027157118240982006
0.017131627290981326
0.10545278477948179
0.015650588855185752
0.01664744164850969
0.25629085316358363
0.4312100368835532
0.016590478631748323
0.016861052961364836
0.015736033380327807
0.016177496760228397
0.015451218296520974
0.01603508921832498
0.009256793936489345
0.008946163267479625
0.013960629781493516
0.00892841294353622
0.5881658590269273
0.008795285513960633
0.008307151605516802
0.29066155457337095
0.00940767169000834
0.008910662619592806
0.008786410351988922
0.008777535190017224
0.008591156788611392
0.009389921366064929
0.009114791344942043
0.01875973617049483
0.019770640681449042
0.046137018991747054
0.019803785091644273
0.04994862616419742
0.020085512578303658
0.019787212886546668
0.19916476086308027
0.4908355705810211
0.020052368168108417
0.018759736170494815
0.019870073912034707
0.018113420171688016
0.01935633555400877
0.019555202015180125
0.04693113200336299
0.045555300771993996
0.0462432163876785
0.046013911182450344
0.07605289306733935
0.0461667813192691
0.046778261866544185
0.32209737827715346
0.04631965145608788
0.045861041045631545
0.04685469693495356
0.04700756707177237
0.045555300771993996
0.046243216387678504
0.046319651456087886
0.010356619443087429
0.010443467404874313
0.010476035390544406
0.009911523638929576
0.010704011290235007
0.009954947619823023
0.010009227595939847
0.8581447104163299
0.009694403734462337
0.00998751560549311
0.009998371600716472
0.009954947619823018
0.009944091624599668
0.01011778754817347
0.010302339466970614
0.0122406298695973
0.013662210557970417
0.04858662073867516
0.011857896607343005
0.09143907706607617
0.012965089258864375
0.012657535744552887
0.7108655239344981
0.012555017906449063
0.012944585691243614
0.012097104896251936
0.011133437218075934
0.011762213291779433
0.013491347494464024
0.01174170972415866
0.020291799429817223
0.016760765461084116
0.04390966515735927
0.019043359979130623
0.08301190675834308
0.015549592859671692
0.016798032310358334
0.5271023161346824
0.01964894627983681
0.01772970354221405
0.01666759833789853
0.017804237240762508
0.14974751709616674
0.01646263066689028
0.01947192874578423
0.017558180479528753
0.017206056531899185
0.02418451294855783
0.017750248087326694
0.6029162265117328
0.01843849034860266
0.017462146675629776
0.16352956240596694
0.016373763564774758
0.01736611287173081
0.017782259355293015
0.016917955120202267
0.01741412977368029
0.01677390441435381
0.018326450910720528
0.015852633188106723
0.015455170832377936
0.02713444928533211
0.015409309791332298
0.625529312848735
0.016509974776427457
0.015072995490330995
0.1591530994420241
0.015118856531376625
0.016464113735381827
0.0163418176259268
0.015394022777650417
0.015317587709241035
0.015913781242834244
0.015332874722922905
0.007780223174639927
0.007825269958943054
0.010470159723026604
0.008089115409861364
0.7166685972431366
0.008031198115757344
0.00796041031185243
0.17986537446748269
0.00821138525296985
0.007651518076630996
0.007387672625712685
0.007535683488422958
0.007445589919816705
0.007587165527626529
0.0074906367041198295
0.009458662782632818
0.009779442363712037
0.012987238174504097
0.009658066306006385
0.07706512692467744
0.010429671244277992
0.010204258565681792
0.7917360244139274
0.009762102926896943
0.009996185323900692
0.009423983909002643
0.009597378277153554
0.010169579692051607
0.009909488139825224
0.00982279095574976
0.007088193484314432
0.006497510693954896
0.007218013877800045
0.007062229405617307
0.010242829046014802
0.006744169441577561
0.007036265326920188
0.8993177938322336
0.007146612661382955
0.006906444933434574
0.006971355130177379
0.006861007795714612
0.006607858028417664
0.007120648582685831
0.007179067759754362
0.010949190541984944
0.01124464488994326
0.015737288945662488
0.011010019378329294
0.7127749246156937
0.010992639710802337
0.010671115861553572
0.1384116721847111
0.011010019378329294
0.011383682230158933
0.011670446744353791
0.01150533990284766
0.010671115861553579
0.01101870921209277
0.010949190541984932
0.011719221940316537
0.011555256390341561
0.5238526726384642
0.011460328966671847
0.04219092493829719
0.012142080463936201
0.011995374445537547
0.29112514886345997
0.01393707174787277
0.011348142011425812
0.011356771777213961
0.011330882479849489
0.011779630300833623
0.012107561400783572
0.012098931634995423
0.00389846025801082
0.0038218893050353743
0.004091552226383688
0.00391510611735331
0.00372201414898044
0.0036487723678734897
0.0038718268830628387
0.945974198918019
0.003871826883062836
0.0037519766957969203
0.003928422804827296
0.003718684977111942
0.0038951310861423216
0.003928422804827297
0.003961714523512278
0.008835432219792383
0.00852122766005581
0.010481864112812005
0.008848000402181835
0.009382148153734018
0.008452102656913771
0.00892969358771336
0.8764044943820222
0.008225875373903433
0.008439534474524307
0.009137068597139489
0.008420682200940105
0.008313852650629672
0.0094575572480708
0.00815046627956665
0.006274373527935427
0.005902737557434635
0.006708753233715572
0.006182671145604062
0.008426966292134812
0.00627919996911076
0.0059268697633113095
0.9108170199621609
0.007003166145411002
0.005931696204486645
0.006066836557396024
0.006274373527935424
0.005820688057453941
0.006023398586818008
0.006361249469091454
0.005918981641046835
0.006424484731508908
0.009232324624893705
0.006093609981388279
0.009145010454722978
0.006185519634199562
0.006190115116840127
0.9071620596953196
0.006470439557914549
0.00595574550217135
0.006608304037131478
0.0064934169711173715
0.005896004227844011
0.0062314744606052075
0.005992509363295863
0.007297041719719149
0.008428827782369464
0.013097445290802008
0.007773583219782444
0.7492274815526321
0.008220340876091779
0.007781029180720934
0.1404754990655317
0.00803419185262956
0.007624664001012663
0.007929948399490707
0.008309692407353651
0.009031950618387073
0.008309692407353644
0.00845861162612342
0.014992387112548498
0.014647862278976222
0.02572822547483306
0.014603407461741092
0.028451083030484898
0.014792340434990404
0.014825681547916757
0.7704353237977736
0.013625401482568168
0.01435890596694786
0.014103290767845842
0.016326031629602483
0.014303337445403951
0.01434779226263908
0.014458929305726918
0.008848938826466927
0.009048689138576786
0.009568039950062428
0.009178526841448193
0.0104769038701623
0.008599250936329593
0.009198501872659186
0.8713108614232209
0.009308364544319606
0.009048689138576784
0.009468164794007498
0.008769038701622975
0.008789013732833962
0.0091685393258427
0.00921847690387016
0.011981096927270209
0.011343804537521793
0.017246112516422538
0.011765397964586142
0.4339470949271528
0.011608525991724985
0.011069278585014795
0.40388650312763485
0.014324372021883624
0.011706570974763216
0.012196795889954284
0.011677157479851735
0.011922269937447282
0.012441908347549841
0.01288311077122183
0.01014315659801906
0.010818704735791137
0.6483771942896319
0.010480930666905102
0.015507803574444404
0.010669686764223765
0.011106806147488055
0.2070455696957054
0.010331912695337732
0.010848508330104622
0.010888246455855913
0.010858442861542436
0.011057133490298939
0.010341847226775556
0.011524056467876694
0.015136334359121196
0.01626947207710112
0.021529616641618416
0.01487392351916796
0.5777093919225168
0.016961282473341478
0.016830077053364863
0.20662468093227424
0.01642453302798259
0.01601898900260029
0.016162122188029333
0.016853932584269708
0.016627305040673716
0.015708867100837378
0.016269472077101114
0.008619362782822831
0.008448343679989041
0.008448343679989048
0.008251671711730194
0.012099601525490382
0.008610811827681144
0.00766165580695363
0.880979255382827
0.007858327775212478
0.008473996545414116
0.00816616216031329
0.008234569801446809
0.0076189010312451835
0.008362834128572144
0.0081661621603133
0.008620980531092882
0.008587238924317566
0.00892465499207071
0.00873064075311266
0.010341802476633933
0.00851132030907311
0.008275129061645908
0.8777288524479535
0.008865607180213921
0.008401660087053335
0.008469143300603965
0.008443837095522483
0.008401660087053337
0.008570368120929909
0.009127104632722613
0.05478092143856318
0.048869635846757783
0.11723297685122513
0.05322413248499614
0.12291864085555707
0.05279545146879651
0.05295338658002796
0.15349036595821489
0.041288750507648554
0.04925319254546273
0.044763322954740274
0.0561120888046568
0.04595911736834978
0.05399124588240604
0.0523667704525969
0.013279614290599996
0.012520540860672471
0.025558252629647223
0.012829175112401238
0.09826247257742962
0.013604931474854651
0.012553906725724238
0.7216536122719648
0.014405712236096848
0.01181985769458554
0.013663321738695222
0.011861565025900241
0.01273741898350891
0.012879223909978891
0.012370394467939558
0.011968406427449571
0.01171922194031656
0.020599250936329576
0.01145493536305427
0.01868128548991182
0.012006161652772771
0.012126978373806946
0.8155053159357254
0.011689017760058004
0.011832487616286103
0.012338407635616779
0.012640449438202259
0.012466775401715617
0.012376162860939977
0.012595143167814446
0.020095073465859932
0.030631353665061506
0.15590402107256052
0.030291805572704403
0.016679013870025062
0.022276412725850875
0.026361279170267878
0.5029324607976293
0.021638473885664845
0.023614026423015123
0.04052969502407721
0.026659669918096825
0.031331028522039714
0.02568218298555371
0.025373502901592734
0.013308194688612015
0.013214774049444981
0.022072749199554962
0.013308194688612019
0.554825176012977
0.013579963820734278
0.013698862816037766
0.2609323379788868
0.013350658615506125
0.014047067016569409
0.014318836148691682
0.013596949391491924
0.012713699712094568
0.013435586469294339
0.013596949391491921
0.00692504535077011
0.007407867237775992
0.007373379960132716
0.007214738482973643
0.13724557010918675
0.007090584283457839
0.006938840261827417
0.7693697794883466
0.007587201081521034
0.006994019906056664
0.006883660617598177
0.007194046116387675
0.007069891916871873
0.007580303625992381
0.007125071561101117
0.007523418484006577
0.007769281833157117
0.008121685966939565
0.007695522828411957
0.00810529507699619
0.007908604397675755
0.007916799842647442
0.8898286332456421
0.0078102590580155454
0.007613568378695113
0.008244617641514828
0.008039731517222712
0.007679131938468595
0.007744695498242063
0.007998754292364286
0.019308056709934476
0.018230636362081644
0.02566996733535132
0.020334171326937187
0.023292801805961688
0.019564585364185153
0.018435859285482175
0.7187761873001206
0.01833324782378188
0.019239649068800956
0.020197356044670187
0.02011184649325327
0.01840165546491542
0.019821114018435854
0.020282865596087076
0.02563328097942093
0.026116547863557722
0.03141234746888978
0.02458620273045796
0.48081027747573596
0.023075993717530552
0.024888244533043436
0.17762071604043334
0.03451330997543403
0.02406266360597646
0.02474729169183687
0.02510974185493944
0.027123353872176
0.02605613950304061
0.024243888687527734
0.005596138937115778
0.0057380897784474975
0.005306777606708812
0.005192125004094735
0.009243183629792203
0.0051757460608641516
0.0055906792893722496
0.9190225046679993
0.005153907469890046
0.005727170482960443
0.00572171083521691
0.005759928369421603
0.005497865277732287
0.005426889857066418
0.005847282733318049
0.014897422997372706
0.016378780256023264
0.021228129017832217
0.015260774777796426
0.02224830901671421
0.016169154228855738
0.014562021353904657
0.7655822013527863
0.017622561350550646
0.014995248476717554
0.01601542847559955
0.01657443121471298
0.016588406283190818
0.015666051763653654
0.016211079434289243
0.011669863889650104
0.012195121951219485
0.013519685758655307
0.011498584086964435
0.020770530739015244
0.011498584086964444
0.011452909472914913
0.8253859504887184
0.011430072165890164
0.011464328126427302
0.011898236959897664
0.011898236959897671
0.011886818306385287
0.011761213117749131
0.011669863889650108
0.01291228706052923
0.013169022592726884
0.027440497764890732
0.01351637066570019
0.016461278240908584
0.012398815996133915
0.013229430953243975
0.8001540413193188
0.013048205871692694
0.012731061978977944
0.013078410051951235
0.012595143167814484
0.013214328863114713
0.013048205871692701
0.013002899601304867
0.01055875727296597
0.01071078126511599
0.658236245283801
0.01086280525726604
0.021421562530232044
0.010807523805575111
0.011166853241566096
0.18911784623464215
0.011374158685407055
0.0111668532415661
0.010987188523570605
0.010918086708956953
0.010959547797725146
0.01091808670895695
0.01079370344265238
0.005654436379304628
0.005574889794836103
0.005309734513274338
0.005859931722515009
0.006091942593881548
0.005992509363295883
0.0061714891783500765
0.9180537602333404
0.005899705014749265
0.00625766464485765
0.00594610718902258
0.0057803851380464726
0.005700838553577948
0.005952736071061619
0.005753869609890295
0.02209031163875352
0.02185004593314967
0.2630061479754084
0.02064871740513045
0.09091936965585479
0.020366051869125896
0.02172284644194762
0.381428874284503
0.026683626598827018
0.02108684898593744
0.023546039149176815
0.02124231503073994
0.02211857819235398
0.022019645254752387
0.021270581584340382
0.03863114655068269
0.04524586202730469
0.08904192340219892
0.04219523982119132
0.09900930288751972
0.04083605170955668
0.04430953243928966
0.28591277032741297
0.0584752929805486
0.04307116104868921
0.04530627038782176
0.04328259031049905
0.043645040473601585
0.042014014739640004
0.039023800894043795
0.0042215795870624625
0.004720701361345115
0.7425026956385901
0.004244440126342584
0.013038127569429363
0.004339692373343092
0.004366363002503234
0.1901577758219317
0.0047740426196654015
0.0046063986649445094
0.004636879383984674
0.004728321541105155
0.004621639024464591
0.004572107856024329
0.004469235429263781
0.016253048175761568
0.016171374566838155
0.019753345701051223
0.016999778314490028
0.023183637275835074
0.017501487626448205
0.016684751537213948
0.7564492981903452
0.015693000571715215
0.017699837819547936
0.015961356715320767
0.01591468608165023
0.01758316123537163
0.016684751537213962
0.017466484651195307
0.008986389833627135
0.009265359663336838
0.013533004505065985
0.009431554455504317
0.6676875775328396
0.008968583248752049
0.009390005757462454
0.2072745834743028
0.009283166248211924
0.009651169002297047
0.009425618927212618
0.009158520154086306
0.00918226226725309
0.009692717700338917
0.00906948722971088
0.026718993602494488
0.02702363672204003
0.17264304786481002
0.027220758740569513
0.04462125692167088
0.02752540186011505
0.02763292296113112
0.4539720086733679
0.02851101195276241
0.0286006128702758
0.02553626149131768
0.025894665161371268
0.028815655072307957
0.027399960575596287
0.027883805530168636
0.012993176337796921
0.012441639731157972
0.013031655635934548
0.012775126981683843
0.014596480426863685
0.011967061720794208
0.012274896105895026
0.8229054435380442
0.013018829203222004
0.012185111076907292
0.012659689087271052
0.011813144528243799
0.012415986865732906
0.012685341952696112
0.012236416807757429
0.017400609486588958
0.017295926675506536
0.0259729685718938
0.01827296624560911
0.0493521297136344
0.017121455323702486
0.017307558098960122
0.5415241817293601
0.19099960453160247
0.018796380301021216
0.0167492497731872
0.01657477842138319
0.018400911903598747
0.017167981017516886
0.017063298206434475
0.016369244326944216
0.016516119556436764
0.018219872218550297
0.016464713226114373
0.01046486010134388
0.012836895057648496
0.01570830579422777
0.7855254461335097
0.014922523316442645
0.016251744143350184
0.014966585885290413
0.015157523683630719
0.015877212308144196
0.015348461481971032
0.015370492766394912
0.011941941582606384
0.011606897129386977
0.4031542042095941
0.012061600315899038
0.02219669502578645
0.01183424872264302
0.012181259049191685
0.42921587632073344
0.01250433762908184
0.011702624116021092
0.012157327302533166
0.012803484462313459
0.012420576515776993
0.012037668569240507
0.01218125904919169
0.014718686512707801
0.015050375222853327
0.01726163329049021
0.01518857885208064
0.017330735105103853
0.015230039940848821
0.015050375222853341
0.7890598007103659
0.01463576433517143
0.014456099617175928
0.014207333084566783
0.014124410907030408
0.014138231269953125
0.014925991956548753
0.014621943972248693
0.01685393258426968
0.01731358529111338
0.025297923050732057
0.016598569969356502
0.2345590738849165
0.017500851208716382
0.01787538304392239
0.5328736806264894
0.01649642492339124
0.017722165474974474
0.017739189649302035
0.017671092951991842
0.01671773918964932
0.017058222676200212
0.017722165474974478
0.0149535986420915
0.01418793011199057
0.04575561336506709
0.015045847862585572
0.45358019224737556
0.014833674655449179
0.014529252227818703
0.32566742311027475
0.014381653475028152
0.014584601760115145
0.013542185568531958
0.014870574343646817
0.014833674655449179
0.014778325123152728
0.014455452851423422
0.010573066852275357
0.010937655364422783
0.010484681758421424
0.011291195739838472
0.3097345132743361
0.011092329278667134
0.010805077723641898
0.5496227061306111
0.010086948836078795
0.010849270270568862
0.0109155590909593
0.011224906919448028
0.010738788903251452
0.010639355672665796
0.011003944184813232
0.008694768282861429
0.008303816471581687
0.007224789472449598
0.008522749485898337
0.008108340565941818
0.008757320572666186
0.008311635507807285
0.8844659207306105
0.007740845863338861
0.008522749485898345
0.0085853017757031
0.008139616710844191
0.00838982587006323
0.008202169000648955
0.008030150203685865
0.011703162457970472
0.011718480733439032
0.016605010607905778
0.012078460206949889
0.014445133766840531
0.011978891416404345
0.011052135750557206
0.8249963619095774
0.014238337048015137
0.011856345212655956
0.011481047463676545
0.011932936589998703
0.011519343152347906
0.012652895537020438
0.011741458146641853
0.011229764447333389
0.010982140093478199
0.0849722970254124
0.010722134521930228
0.05442164236852696
0.01129167053579719
0.011161667750023207
0.7298356393351283
0.010654037824620042
0.011285479926950814
0.009973070851518245
0.010468319559228638
0.010672609651159182
0.011081189835020266
0.011248336273872528
0.01797484327386465
0.016592163022028896
0.032164095955324684
0.016820372383982374
0.0637241083054784
0.018135932235243558
0.01822990079604794
0.6875948075658115
0.022861208435691945
0.01629683325950087
0.017558696790302444
0.017478152309612964
0.017961419193749727
0.018095659994898844
0.018511806478461047
0.02370591673702673
0.023121387283237052
0.038254205364681444
0.021822432941482128
0.32960966422030263
0.024052304561494698
0.022450260873330338
0.3550475200796696
0.0222121192440086
0.02338117815158801
0.023792513693143707
0.023229633478383277
0.022948193371003053
0.0228832456539153
0.02348942434673425
0.011837055532436304
0.012188468118555493
0.012558376103944129
0.01255837610394414
0.4687196559855738
0.011883294030609877
0.012336431312710958
0.3715725713228835
0.014232209737827715
0.012484394506866415
0.01184630323207101
0.011346927451796362
0.01201276182549591
0.012271697415267941
0.012151477320016644
0.011995874721815127
0.01211218895635114
0.5850063197400764
0.011592652042090233
0.07192096835477393
0.01165468630050946
0.012166468932467948
0.2000915005311684
0.01215096036786315
0.011592652042090248
0.011771000535045486
0.011577143477485438
0.012205240343979963
0.011926086181093516
0.012236257473189564
0.013126197886444774
0.013205324330502387
0.1798456155158164
0.013548205588085328
0.023878602451161402
0.012334933445868723
0.012686606530569204
0.6422341791071018
0.01268660653056919
0.01189534208999315
0.013152573367797304
0.013345993564382555
0.013161365194914804
0.012361308927221266
0.012537145469571494
0.017031342400946194
0.016531966620671548
0.26135751363427295
0.01661081542808333
0.027623365529929656
0.015953742032985104
0.01797752808988764
0.5110322623036994
0.015467507720612426
0.01657139102437743
0.016978776529338345
0.01626913726263225
0.017740981667652284
0.016374269005847975
0.01647940074906369
0.022754889721181847
0.02150645027049521
0.03464003329171868
0.021090303786932996
0.037186849771119405
0.022621722846441938
0.023354140657511454
0.6584602580108199
0.022838119017894294
0.02203911776945484
0.022921348314606738
0.022405326674989602
0.02262172284644196
0.022671660424469428
0.022888056595921774
0.014007490636704131
0.013662921348314616
0.013767790262172295
0.013722846441947576
0.0180823970037453
0.014382022471910123
0.013647940074906377
0.799565543071162
0.014456928838951322
0.014352059925093644
0.01405243445692885
0.014606741573033719
0.013857677902621733
0.01349812734082398
0.014337078651685405
0.01729411940253968
0.016577883223659676
0.02714236686213953
0.016100392437739686
0.11292657087007785
0.017003148454869662
0.015645284032409685
0.6499619499529968
0.030089380306489482
0.01625706910186968
0.01692107972603967
0.01813718907142966
0.015137950072369686
0.015354313084739685
0.015451303400629685
0.022396627331413604
0.023318841398001198
0.021022716579150405
0.02181318577908265
0.03282329249242468
0.023958745036041604
0.022358985940940646
0.6659891216381536
0.022170778988575807
0.024899779797865715
0.02322473792181882
0.025370297178777746
0.022998889578981028
0.02476803493121034
0.02288596540756215
0.013470866335113862
0.012562166144778002
0.014662000368391943
0.014109412414809324
0.016123288512310402
0.014416405722355231
0.013519985264321202
0.8052188862282796
0.013962055627187296
0.01435500706084605
0.014084852950205657
0.012905998649229412
0.013188432492171637
0.014011174556394635
0.013409467673604692
0.012763953034167413
0.012430780542726495
0.011546150134417857
0.011695503320236193
0.017451345327543034
0.012315893476712384
0.011293398589186824
0.8235104891891268
0.012442269249327908
0.012453757955929321
0.012419291836125093
0.012384825716320845
0.012786930447370228
0.012281427356908152
0.012223983823901106
0.008955472326258838
0.009429879317519764
0.009621306699958384
0.008705784436121517
0.011468997086974618
0.008789013732833952
0.009005409904286306
0.8718352059925096
0.009113607990012484
0.008789013732833952
0.009213483146067413
0.008805659592176442
0.008664169787765283
0.009096962130669992
0.008506034124011646
0.014822676865644334
0.01531066622747624
0.019592772877551227
0.015249667557247252
0.018311800802742462
0.015249667557247255
0.014908075003964918
0.781490563505716
0.013871097610072105
0.014371286705949815
0.014700679525186356
0.01679903378106356
0.015871853993582933
0.014981273408239704
0.014468884578316198
0.016250451055781604
0.015615862232010653
0.015441661378426464
0.01496883049012654
0.014010725795413537
0.016598852762949968
0.016623738599176274
0.7749573830054608
0.016773053616534157
0.017320542013513025
0.017420085358418273
0.015354560951634375
0.015839834758047452
0.01710901240558937
0.015715405576915906
