0.01572780645814354
0.01606944022674359
0.015171069946350832
0.01897965381111449
0.016107399534365824
0.05797651584168434
0.015715153355602786
0.016044134021662115
0.016765360866484464
0.01382984107703208
0.02473681546715254
0.01437392448628403
0.015740459560684282
0.01714495394270675
0.7256174714039889
0.01897353582746836
0.02036259620529279
0.01928221591142935
0.023984442523768308
0.01995102276001148
0.20441824093509472
0.016133679055027328
0.02069185496151783
0.019457134625673903
0.024128493229616764
0.02073301230604596
0.01796518088652916
0.018603119726715186
0.017605054121908017
0.5377104169239006
0.02442230231079083
0.04666807999434678
0.09654441382234481
0.05119072857041915
0.037382517136598244
0.10800650130732814
0.02419616988198721
0.02688149247403018
0.02213271146915419
0.04637128118154204
0.03334039997173352
0.023743905024379983
0.07551409794360824
0.02255670977316098
0.36104868913857663
0.021884183232497835
0.02692019590895996
0.026678190723134536
0.04127917026793434
0.021561509651397276
0.41733218092768654
0.02459233650244888
0.02668971477960242
0.021250360126764633
0.03283203687698069
0.04314606741573033
0.02206856813598387
0.02398156150965137
0.022287525208873508
0.2274963987323538
0.004590709454907978
0.004914046291057037
0.004469458141352083
0.6816748848112524
0.00441556866866057
0.030828146471586774
0.004893837738797719
0.004775954517285046
0.004509875245870713
0.004829843989976556
0.006951741977204751
0.004412200576617347
0.004560396626519002
0.00442230485274701
0.22975103063616528
0.01703940362087326
0.017230857594141485
0.01846334254705578
0.055737037967716084
0.01763769728733652
0.04578143135776768
0.017015471874214736
0.016477007574397816
0.01761376554067797
0.028909549963504064
0.055210539541228405
0.017829151260604754
0.017589833794019443
0.017123164734178103
0.6403417453422837
0.012048097772521194
0.015761876601616397
0.011417307313226882
0.01913660555884092
0.0117800118273211
0.14525527301399577
0.01271831263552138
0.012276759314015371
0.01166962349694461
0.011440961955450416
0.23030948156909115
0.01098363887246204
0.011433077074709249
0.010920559826532613
0.4728484131677505
0.004838934421037961
0.006152118194984565
0.005231622816462506
0.008664479434528713
0.005180953346085146
0.0927335757022999
0.2715883612226542
0.005717205240912209
0.005024722479088284
0.010252122839686014
0.007304848646069522
0.005147173699166904
0.004847379332767522
0.0053160719337581085
0.5620004306904983
0.007717625695153798
0.007499367049928863
0.007804929153243768
0.012117719982888546
0.007796198807434777
0.0156709707271505
0.007682704311917815
0.007813659499052775
0.007970805723614728
0.007272378058894925
0.009681953502178244
0.007918423648760733
0.00794461468618773
0.007708895349344801
0.8773997538042475
0.0034050784159285886
0.0034881291090000164
0.003415794634389417
0.0065744000257189315
0.0033916831428525496
0.01357209068064061
0.0037694298435967917
0.0033756088151613048
0.0034640176174631494
0.003772108898211998
0.0037721088982119962
0.0033327439413179884
0.003255051357476972
0.003431868962080664
0.9379798856579485
0.0074214391364143565
0.007983669374021509
0.00810476511750613
0.0225757064639178
0.007784726366868212
0.014496890434301244
0.008978384409788008
0.007559834271825351
0.007871223326500075
0.00775012758301546
0.010076895797112745
0.007741477887052269
0.007983669374021504
0.007551184575862155
0.866120005881793
0.027113082710013066
0.030955541883884344
0.02488963723299768
0.1692193115953761
0.024770909561894906
0.06528942568187462
0.04150071776273895
0.0332329544841283
0.025299787369534497
0.0873080119591145
0.12951030232382438
0.02610929421796246
0.02636833640945939
0.026303575861585132
0.26212911094561203
0.013648669500203388
0.013241874623013359
0.013003408660522651
0.02874216218490929
0.013199792394338525
0.07050176043989957
0.012736887878915385
0.01371880654799477
0.012750915288473663
0.012610641192890902
0.06421748095779158
0.014265875520767564
0.012708833059798835
0.013410203537712672
0.6912426882127655
0.01862059218429798
0.0186912585682991
0.020334251996325384
0.023107907568369782
0.01932725602430929
0.04637481450074202
0.020563917744329068
0.019450922196311247
0.018143594092290327
0.020846583280333574
0.020122252844322
0.01923892304430788
0.019203589852307305
0.019344922620309558
0.6966292134831462
0.006935548805036052
0.006996547475265041
0.006770852395417782
0.01458478205175122
0.006807451597555175
0.020160060510680818
0.006453659310227039
0.006270663299540072
0.006874550134807063
0.006471958911295736
0.008716709975722518
0.006813551464578074
0.006691554124120097
0.006789151996486479
0.882662957947518
0.03779928554653217
0.03737901880075648
0.033584257302134726
0.10329909395433927
0.03169305694614406
0.21856342937664552
0.06526495346163824
0.033843833821584436
0.03233581785144809
0.08405334915514014
0.06154435668285927
0.0333988455025278
0.033707865168539325
0.03411577112767457
0.15941706530203567
0.009199744860409182
0.009870304041345682
0.008610961189343005
0.03487725495968467
0.009142502003499985
0.08272410578479956
0.009698575470618052
0.009379650982123861
0.008782689760070636
0.009019838738694526
0.5246553162258968
0.008651848944278152
0.0089871285347464
0.008880820371915005
0.25751925813257437
0.03091152950703512
0.03408745824476162
0.029114788946249585
0.08357374228160748
0.027862131794716062
0.23757465330499034
0.03757971454600668
0.030228261969834996
0.028229071768397604
0.12527836825589644
0.045386678813645054
0.028570705536997684
0.026786618078752926
0.02993724061139791
0.20487903633971047
0.017736896237216478
0.017736896237216478
0.017348780345811304
0.22675670955347244
0.017620461469794926
0.1326580116822885
0.01779511362092726
0.018047388950340616
0.017756302031786735
0.022103200015524693
0.06324348450447319
0.016844229686984576
0.017698084648075957
0.017232345578389752
0.3794220954376978
0.006543786558936157
0.006017758700500773
0.006549046837520513
0.00965261120228928
0.006480663215923915
0.012740394731304979
0.005986197028994652
0.006396498758574249
0.006443841265833436
0.005323401927366074
0.0065017043302613275
0.006107183436434791
0.005980936750410298
0.0059283339645667555
0.9033476412910836
0.00890244616104869
0.009129213483146067
0.009180419007490637
0.03498800327715356
0.00904874765917603
0.042859023876404494
0.2520409058988764
0.009846090823970038
0.009143843632958802
0.010372776217228465
0.009348665730337078
0.00880003511235955
0.009560802902621722
0.009312090355805243
0.5674669358614233
0.029630122110675224
0.02985173858121134
0.03047226469871239
0.039115307049619914
0.029364182346031942
0.15575205549276408
0.027037209405402985
0.029009595993174184
0.03138089222791035
0.06291691598519605
0.18560379407397573
0.03007335505174742
0.028787979522638108
0.031203599051481474
0.2598009884094586
0.007350002220544455
0.007002116919068537
0.007127947772793866
0.007105742328018807
0.007231573181744139
0.01176888573078119
0.0066024189131174745
0.007002116919068534
0.007150153217568923
0.006550606208642338
0.0069206969548933185
0.0072315731817441395
0.007209367736969083
0.007076135068318731
0.8966706636467268
0.022683909264363047
0.02383812686971484
0.023720349563046302
0.02796033260311414
0.02185946811768317
0.07104327138247009
0.02485101170706438
0.023579016795044035
0.022872352955032708
0.02119991520033928
0.02416790332838679
0.022566131957694486
0.025039455397734063
0.02383812686971484
0.6207806279885996
0.005593008739076161
0.005593008739076162
0.0055597170203911805
0.006483562213899296
0.005867665418227222
0.9099958385351643
0.005842696629213492
0.0054099042863087875
0.00540990428630879
0.005659592176446113
0.006683312526009158
0.005684560965459843
0.0055430711610486945
0.005642946317103627
0.015031210986267167
0.010657527511460103
0.011351640565123724
0.01071537026593207
0.012349428079765174
0.010686448888696083
0.8216129452084501
0.01142394400821368
0.01042615649357223
0.010700909577314073
0.01055630269113416
0.012060214307405335
0.010180324787066361
0.010353853050482267
0.01052738131389817
0.03639755325148586
0.00830043526672738
0.008128353072173284
0.008695212065998568
0.8191719809697344
0.008290312784694784
0.016560380605324422
0.008553497317542243
0.007976515841684358
0.008118230590140683
0.009110233829334938
0.013807065492458744
0.008017005769814737
0.008189087964368845
0.00855349731754225
0.05852819111246079
0.015602100635075715
0.0160193779514737
0.01645701025891548
0.018207539488682613
0.014747191011235951
0.08424930793030445
0.01568352059925093
0.01667073766487542
0.015887070509688975
0.012589561960592724
0.0211284807034685
0.015032160885849197
0.015042338381371109
0.015418905715681474
0.7072646963035331
0.011035313001605146
0.011732783000840803
0.01079645341282582
0.0100129939616296
0.011761446151494319
0.15956775968814482
0.020847664908660093
0.012162730260643592
0.011149965604219228
0.6707559428265685
0.011474814644959124
0.01141748834365208
0.01119773752197509
0.011207291905526268
0.02487961476725524
0.017752808988764
0.018745318352059857
0.018277153558052373
0.022303370786516806
0.01769662921348307
0.6382022471910112
0.019794007490636655
0.016685393258426915
0.017528089887640395
0.09151685393258426
0.02340823970037448
0.01732209737827712
0.018202247191011173
0.017340823970037413
0.04522471910112357
0.02308075496762058
0.025054888286194024
0.02435379421043897
0.02832051069168469
0.023412852161399298
0.5116510765484035
0.02361580044648626
0.023486651537794542
0.023117654655818196
0.021770816036604537
0.028671057729562213
0.024501392963229503
0.02470434124831648
0.022619508865150125
0.17163889965129794
0.0045894336624673834
0.004702928157984351
0.0046745545341051065
0.00544064237884464
0.004660367722165484
0.9260796163886068
0.004497219384859841
0.004724208375893781
0.004717114969923973
0.004915730337078666
0.0056605379639087655
0.004702928157984353
0.004681647940074919
0.004738395187833406
0.011214674838270359
0.004097020404889291
0.004053828924717265
0.004010637444545242
0.004794254299094839
0.00422042463395222
0.9361753327286528
0.004121701250701878
0.004164892730873904
0.00407850977052985
0.0042019139995927764
0.004788084087641689
0.004171062942327046
0.004084679981983001
0.00423893526831166
0.008798721532186913
0.005219618617880746
0.0051153751647419
0.005264294383511679
0.006269499110207685
0.005472781289789368
0.9183401463875911
0.005584470703866701
0.005353645914773548
0.005420659563219946
0.005361091875712035
0.0070289871259335505
0.005346199953835059
0.00533875399289657
0.005591916664805193
0.009292559251234185
0.004699469733111798
0.005225898081278346
0.004639149818217718
0.0067887322398977904
0.0045897971605771025
0.0604295874666184
0.0048913967350475195
0.004847527706033639
0.004743338762125681
0.005324603396559579
0.693004534960872
0.004968167535821807
0.004885913106420784
0.00489139673504752
0.1860704865623683
0.01137061818793923
0.012574169928039391
0.011219122164709843
0.011202289273239916
0.01127803728485461
0.628321339898159
0.010629970963262219
0.011084459032950385
0.011858772040567268
0.011387451079409161
0.032403316079619555
0.01116862349030005
0.011261204393384674
0.010941379455455955
0.2032992467281069
0.025122817257648804
0.024830974269176586
0.024733693273019178
0.022569191108517014
0.024879614767255285
0.1077387032443212
0.022690792353713764
0.02558490198939645
0.025122817257648783
0.5363830925628674
0.05063475849992699
0.02592538547594734
0.025828104479789945
0.024709373023979832
0.033245780436791716
0.010834018452544085
0.010788343838494573
0.011153740750890663
0.012414360098657175
0.011510002740476852
0.7850278615145702
0.014305289120306944
0.010879693066593595
0.010514296154197505
0.012414360098657175
0.010240248469900437
0.010888827989403497
0.01053256599981731
0.011117201059651053
0.06737919064583893
0.011235955056179782
0.012901719875651195
0.010991925815110725
0.012742570370606155
0.010811556376059687
0.8086598550678473
0.013633807598858383
0.011246565023182782
0.010896436112083704
0.014758464101176651
0.01674252793073813
0.010970705881104726
0.011044975650125735
0.011522424165260864
0.031840510976010865
0.012726897133978168
0.012421523455392948
0.013193939230637917
0.017082962843208524
0.011954481358733197
0.49658250927348
0.013436441857749708
0.012583191873467481
0.012116149776807729
0.029288928407835427
0.028794941574829938
0.012205965564626914
0.012017352410206631
0.013310699754802858
0.30228401548424194
0.007061331438468717
0.008600908942872791
0.006701109778784423
0.013022259724751184
0.007298189516069341
0.7177934696254192
0.007406749468302964
0.00696757511608513
0.00707120052503541
0.007189629563835721
0.011936660202414972
0.007125480501152218
0.007135349587718911
0.00684421153400147
0.177845874475088
0.012302582936378075
0.013708592414821287
0.012496515278232314
0.018290243991127608
0.012145012908621508
0.7481667333309091
0.012544998363695868
0.011732906682181255
0.012932863047404344
0.011490491254863462
0.01608426360253567
0.012205616765450962
0.012714689162818323
0.01226622062228041
0.08091826963867985
0.016030785693707
0.016339465777667983
0.015166481458616253
0.019138165205580888
0.015331110836728777
0.7368810964316593
0.017841708852944765
0.015310532164464711
0.01504300942503186
0.016277729760875787
0.01981726139029505
0.015701526937481954
0.015866156315594477
0.01594847100465074
0.04930649874470087
0.05751738897806324
0.05591225254146611
0.059657570893526086
0.06534242910647413
0.059791332263242514
0.06634563937934725
0.05531032637774226
0.060660781166399204
0.05551096843231683
0.06494114499732483
0.08955323702514711
0.05684858212948113
0.056514178705190085
0.06019261637239177
0.1359015516318887
0.005932584269662926
0.00570786516853933
0.005925093632958806
0.007535580524344574
0.005985018726591765
0.9042696629213464
0.006059925093632963
0.0062397003745318395
0.005827715355805248
0.006029962546816484
0.007617977528089892
0.00573033707865169
0.0058651685393258475
0.006187265917603001
0.015086142322097333
0.011317122946162536
0.01150264955183734
0.011873702763186934
0.015816143133776325
0.010969260560522295
0.6780417666771027
0.011525840377546684
0.010980855973376976
0.011328718359017217
0.010285131202096497
0.018749782586009026
0.011630199093238756
0.01105042845050502
0.011572222028965386
0.16335617629665708
0.012797278835698528
0.01315972899880111
0.012509177424001622
0.013066793059544047
0.012592819769332976
0.6947890818858561
0.013131848217023984
0.013094673841321153
0.012908801962807028
0.03182126560162081
0.016551890781684175
0.012899508368881318
0.012834453211401375
0.011998029758087735
0.11584464828393795
0.006882757809282881
0.007029825283840208
0.007265133243131926
0.009941761280075283
0.007039629782144028
0.8822969978626194
0.007127870266878427
0.007039629782144031
0.006823930819459949
0.006843539816067594
0.008255387571817936
0.007049434280447852
0.0071474792634860715
0.007108261270270779
0.022148361668333415
0.010926935390168233
0.010617915724156688
0.010642637297437611
0.017502873882893913
0.011062904043213313
0.8230924216017105
0.011792190455000552
0.010630276510797147
0.011334841349303466
0.010519029431032991
0.01197760225460748
0.010741523590561306
0.011137068763056087
0.010815688310404074
0.02720609139565643
0.013000576202823404
0.0233362143474503
0.012862527609718644
0.06646139441083261
0.01288053394794969
0.2057584269662922
0.02376836646499567
0.3333273312205897
0.012094257178526848
0.022075770671276286
0.018120378373187397
0.012382358590223765
0.012460386055891684
0.012130269854988962
0.2193412081052531
0.007759696930560952
0.0076951224762150895
0.007662835249042159
0.00951396960695683
0.007652072839984515
0.881376727366654
0.007727409703388017
0.008071806793232605
0.0077812217486762396
0.008696026518575923
0.007835033793964453
0.007727409703388021
0.007738172112445664
0.007641310430926876
0.015121184725989079
0.010202763786645981
0.010435231822291087
0.009918636187524199
0.017202634637737305
0.010822678548366245
0.7930647036032555
0.010783933875758734
0.010525636058375294
0.01052563605837529
0.014826294717809625
0.012682422833527036
0.010745189203151219
0.010138189332300113
0.010667699857936183
0.05745834947694691
0.016184588541431684
0.018215182828693086
0.0158536768798039
0.021163304905013343
0.016184588541431684
0.6506024096385543
0.01654558308138927
0.01651550020305947
0.016635831716378672
0.03832558699216349
0.017041950573830948
0.016530541642224374
0.015883759758133692
0.015327226509032421
0.1089902681888602
0.04346477730861909
0.0745246785467211
0.04637515207900964
0.08435315727951526
0.04718624012977418
0.1149359478995206
0.0358310074190702
0.04360791049404815
0.04985805959111629
0.058446050716858794
0.050120470431069535
0.045874185930007964
0.05126553591450184
0.05391349984493916
0.20024332641522952
0.01261623401782255
0.012906819062378918
0.013899651297946531
0.046566253390158865
0.013972297559085628
0.3398230659950923
0.016498773085367426
0.011986633087950413
0.014577683068578073
0.012398295234405275
0.016361552369882473
0.013455701924318749
0.013673640707736022
0.013366912049593182
0.4478964871496838
0.012272395354863075
0.012036840741525966
0.012413728122865342
0.014121499069559326
0.012025063010859116
0.6597884719572235
0.012931948272206966
0.011542176053518058
0.011447954208183217
0.012684615928203002
0.020493251360327945
0.011824841589522584
0.012743504581537278
0.011836619320189434
0.17183709042941617
0.0064786857837395104
0.007969113497995364
0.0060772052555451254
0.006781171113201033
0.0063631913852178375
0.6575591083832432
0.012379899574870618
0.00618719992080386
0.006638178048364673
0.006874666578670954
0.008277098560719816
0.006742672980360472
0.00664917751489055
0.006374190851743709
0.24864844055063315
0.017001220384631546
0.017948070529815226
0.017674536043428838
0.01727475487101793
0.017064343727643785
0.1219753398139966
0.016622480326558057
0.018326810587888705
0.016980179270294136
0.6151159365399974
0.021714429996212592
0.017927029415477812
0.017569330471741754
0.017401001557042425
0.04940453646425116
0.014416503180548086
0.016898519707508428
0.014386778431722213
0.014134118066702298
0.01530824564532426
0.5184739313952796
0.013599072587836596
0.01548659413827949
0.01511503477795609
0.012008798525652425
0.021520718149931575
0.014906961536174978
0.014996135782652596
0.015739254503299403
0.2830093335711316
0.01387043750422189
0.02040035126432638
0.014395832864230301
0.018614007040297798
0.014658530544234502
0.3296780827572748
0.013067333168209043
0.014298259440228741
0.014215697312227427
0.017172922624274743
0.03397056284854353
0.013322525200213133
0.013990527872223829
0.013667785008218655
0.4546771445512748
0.00798057660482537
0.007708387771100089
0.007697500217751078
0.01011453706123159
0.007708387771100087
0.8729966901837822
0.008078564584966476
0.008078564584966471
0.007762825537845145
0.008775367999303198
0.009918561100949382
0.00778460064454317
0.0074906367041198615
0.007817263304590202
0.02008753592892601
0.007029256907126982
0.00672167037579839
0.006604063760878632
0.00816008974289387
0.006703577050426119
0.8876494961008872
0.007201143498163549
0.0069116502922072255
0.006866416978776551
0.00727351679965263
0.007771083247390062
0.0067759503519151994
0.007164956847419011
0.0067307170384845235
0.02043641100797916
0.01121981144259333
0.012349864393645884
0.011187524215420394
0.013431486503939044
0.011155236988247462
0.7868397262043151
0.011316673124112123
0.011720263463773748
0.01100994446596927
0.010961513625209895
0.012495156915924064
0.011139093374660996
0.01181712514529253
0.011300529510525653
0.06205605062637214
0.004274283768665801
0.004529646383578979
0.00445668563646093
0.004809329247531506
0.00455396663261833
0.9131706308672596
0.004523566321319142
0.004383724889342877
0.00454180650809865
0.0054234155357751
0.005338294664137374
0.004547886570358492
0.004432365387421579
0.004529646383578982
0.026484751203852328
0.009201461136542301
0.009895038609145984
0.009698524991908273
0.795868590188191
0.009721644240995064
0.024425486660193285
0.009895038609145982
0.009571369121930929
0.009305497757432847
0.00995283673186296
0.01910805937023164
0.00998751560549314
0.009675405742821481
0.009606047995561114
0.054087483238544364
0.006890371234602334
0.007067914542487789
0.007372274498862866
0.0142372824037673
0.006949552337230821
0.7084231617926803
0.007253912293605896
0.007482182260887197
0.006755100142880076
0.007532908920283045
0.009629610841977996
0.0070510056560225045
0.007017187883091947
0.0070932778721857145
0.18924425731943437
0.006696472341510265
0.006500382375433829
0.006549404866952938
0.0072945467380434
0.006657254348294978
0.8907386709022104
0.006696472341510266
0.006676863344902622
0.0064611643822185425
0.007510245700727479
0.007333764731258684
0.006755299331333198
0.006647449849991155
0.0066082318567758725
0.020873776888836595
0.004819244761252731
0.004570899279126893
0.004624595599586533
0.006604647416535777
0.00483266884136764
0.9148711959512972
0.004604459479414166
0.004839380881425093
0.004671579879988723
0.004933349442229462
0.0052823755252171265
0.004691716000161087
0.004819244761252729
0.004960197602459285
0.020874444578685248
0.010871716907776484
0.011140936408770223
0.010206586375909609
0.0154722030865224
0.00994528509553334
0.7667846481538666
0.011156772850005152
0.00992944865429841
0.009889857551211093
0.013651012344505942
0.013365956402277288
0.010079894846030195
0.010166995272822298
0.010467887656285878
0.08687079839418484
0.017029817700250416
0.01858174519419786
0.01748504976514166
0.016843586400976714
0.017733358164173256
0.11591863761458394
0.017443665031969723
0.02031990398741908
0.017919589463446954
0.6276822480187063
0.025720611666356297
0.016947048233906557
0.017464357398555685
0.018312744428580316
0.03459763693173588
0.007375915241083754
0.007308432027533124
0.0069440226743597315
0.0067753146404831545
0.007207207207207184
0.8561595303168332
0.007308432027533127
0.006721328069642651
0.006991260923845176
0.007423153490569194
0.011964773762526538
0.007112730708236302
0.007038499173330615
0.007132975672301497
0.04653642406451395
0.023029064908533767
0.023864797102795057
0.02395765623549077
0.06419661373696108
0.02531959018169435
0.1460519392082211
0.02341597796143252
0.023710031881635563
0.024375522332621424
0.02011947875073515
0.02271953446621477
0.024189804067230022
0.024127897978766227
0.02366360231528773
0.5072584888723808
0.010567148207597677
0.010299625468164823
0.010883311445109223
0.012391166885548938
0.010482027335959952
0.8424899070966484
0.010810350697991172
0.010749550075392798
0.010141543849409042
0.00981322048737781
0.0104577070869206
0.010250984970086115
0.010688749452794424
0.010153703973928724
0.019821002967070393
0.010089240301474988
0.009848800110972385
0.009525130623757335
0.0166736024413927
0.009626855319739202
0.08276691173070697
0.010107735700744427
0.009710084616451653
0.00951588292412262
0.00946964442594904
0.44865214777824036
0.009747075414990517
0.009155222638368692
0.009682341517547504
0.34542932445554186
0.004172890822887581
0.004557164815656741
0.004026758459440162
0.006462297850230578
0.0041512415838583375
0.0293671927431751
0.0041187677253144645
0.004053820008226718
0.003956398432595103
0.005228291225563428
0.6955467515316834
0.004091706176527904
0.004091706176527905
0.004091706176527905
0.2220833062717846
0.03127584026460438
0.046913760396906444
0.033099858942555606
0.08171603677221657
0.03409698915316896
0.4481005885500268
0.03803686949754368
0.03604260907631695
0.0313488010117224
0.047011041393063877
0.031956807237706164
0.03188384649058812
0.03134880101172243
0.03176224524539137
0.045405904956466736
0.004027281239359893
0.00427200374531835
0.0039794007490636715
0.005889300306435136
0.0041017620020429
0.02445097037793667
0.004181562819203273
0.00412836227442969
0.004133682328907047
0.004479485869935306
0.7372371893088184
0.004256043581886276
0.004075161729656109
0.004149642492339119
0.1866381511746681
0.0075693474225519315
0.007451281344903807
0.007628380461375998
0.007628380461375995
0.0073463337203276986
0.1341624195674846
0.00949776002413795
0.00761526200830398
0.007700531953272074
0.008369573059944768
0.008507316817200909
0.00815967781079255
0.008343336153800751
0.00728730068150364
0.7627330985130236
0.020049937578027446
0.021573033707865154
0.0200998751560549
0.021672908863920072
0.019700374531835194
0.06352059925093631
0.020199750312109844
0.021373283395755303
0.020324594257178506
0.02239700374531833
0.4973033707865171
0.02064918851435704
0.019800249687890133
0.020649188514357035
0.1906866416978775
0.01040177051413007
0.011610486891385776
0.010708205652025881
0.02505958461014643
0.010231528770854618
0.7389598229485871
0.010699693564862115
0.010316649642492348
0.010878447395301326
0.009737827715355807
0.0174072182499149
0.010537963908750437
0.010103847463398027
0.010946544092611515
0.10240040858018398
0.019236592557175844
0.032305362977129624
0.02100565782134032
0.025563789943421754
0.020272531675830725
0.530560204000319
0.023252848832576268
0.019300342656785374
0.020065343852099755
0.027316917682683864
0.02006534385209975
0.019730655829149703
0.019539405530321102
0.022169097139214253
0.17961590564985255
0.007933148632702265
0.007503463136832381
0.007644553896670261
0.009408188394643682
0.008022933661690013
0.2698040121081526
0.01004951003027038
0.008394900210353492
0.0079074957672772
0.012832845928890266
0.00863860243189163
0.008131958339746542
0.008087065825252683
0.008048586527115082
0.6175927351085115
0.0059542445008754765
0.00548463028026115
0.005797706427337367
0.005699145418072634
0.005600584408807893
0.014424693591215343
0.005304901381013691
0.005797706427337369
0.005699145418072631
0.004835287160399364
0.00658039679502791
0.005936851381593464
0.006012221565148847
0.005757122482346003
0.9111153627624917
0.006797372359043295
0.006290105765084833
0.007473727817654562
0.020400571520362534
0.006353514089329643
0.2108918592166112
0.007148231753197887
0.006374650197411246
0.007245457850373256
0.006446512964888695
0.010124195771087488
0.006416922413574453
0.00672973681318217
0.007063687320871481
0.684243454147328
0.04910528506034112
0.03872610217620123
0.04401361043793287
0.14092678269809797
0.046559447749137006
0.08621575971212432
0.07329073951678033
0.04477246579031103
0.04371985997894778
0.07828449731952686
0.036767765782967275
0.04105162664316652
0.04558027955252002
0.04259381655283826
0.1883919610291059
0.00720890921746045
0.006902323423154662
0.006910609525703468
0.016920221404660107
0.006761459679824967
0.881061284014452
0.007971230651950526
0.007026614961386739
0.006894037320605858
0.007300056345497309
0.00756521162705907
0.007010042756289124
0.007159192602167621
0.006695170859434536
0.016613635610354307
0.013235882331551574
0.01394131122504635
0.01446492854805279
0.06586669575651795
0.013315879422566446
0.12854805279808013
0.012959528744409282
0.014777644449292738
0.014159485109632374
0.010799607287007735
0.06284862368641145
0.012719537471364678
0.013999490927602616
0.013134067852078097
0.5952292643903851
0.002585025202646552
0.002609310408099388
0.002628198901229379
0.885864931083983
0.0026470873943593622
0.02249349696165097
0.0027253397230407274
0.002682166024457905
0.0024851860246737725
0.002730736435363582
0.0036454791740871497
0.002522963010933745
0.002558041641032287
0.0026497857505207874
0.05917225226392081
0.011665260321830873
0.011280365945729858
0.011502420393480444
0.6977987002412992
0.011369187724830088
0.027727198709123487
0.01099909697857911
0.01187251113973142
0.01168006395168091
0.012642299891933459
0.020280972894553738
0.010954686089028992
0.011680063951680914
0.012568281742683264
0.12597889002383378
0.014784797691410312
0.01721618468717378
0.014698839565297443
0.02307361699514946
0.014526923313071753
0.0698348376005403
0.41715478602566475
0.015865414133971835
0.01543562350340759
0.01989316632897397
0.0156443789525388
0.014649720636090097
0.014870755817523148
0.014735678762202954
0.31761527598698375
0.005609894107186171
0.006051787783256549
0.005836229892490511
0.009004930886751278
0.005631449896262771
0.2284698084229247
0.00600328725783419
0.005798507261606452
0.00577695147252985
0.5911244038477084
0.024239484816641076
0.005410503058227586
0.005437447794573338
0.005485948319995696
0.0901193651820117
0.038902984173009726
0.0389029841730097
0.039265434336112286
0.045970762353509935
0.03938625105714647
0.3800894043735665
0.03938625105714647
0.039627884499214894
0.039084209254560985
0.047178929563851835
0.05340099069711268
0.04035278482542001
0.04077564334903972
0.038963392533526826
0.07871209375377568
0.014211964773762525
0.01369571819010021
0.014930660998076724
0.033839457434963076
0.013938657758882464
0.06743597530114384
0.30210547626277984
0.01773458852110537
0.013888045348719498
0.022512400040489922
0.020052636906569485
0.014252454701892897
0.014060127543273604
0.01356412592367649
0.42377771029456424
0.008286516853932573
0.009805451518934662
0.008572617561381599
0.00916042446941323
0.008380149812734081
0.03578339575530591
0.008224094881398244
0.00860382854764877
0.008161672908863908
0.00738139825218475
0.014237411568872257
0.008374947981689541
0.00860903037869329
0.00902517686225551
0.8473938826466914
0.007576538501185458
0.007275882211455878
0.007636669759131374
0.00792014568944783
0.007524997422946104
0.8476188021853416
0.007756932275023206
0.007739751915610086
0.00767103047795761
0.00840978593272171
0.013589664295777052
0.007731161735903522
0.007447685805587062
0.00769680101707729
0.04640415077483424
0.01076460546765518
0.010586256974699955
0.01077734464572342
0.012548090397207534
0.010879258070269264
0.8335498993604957
0.010802823001859873
0.010802823001859883
0.010700909577314028
0.01029325587913064
0.015388927106423063
0.01089199724833749
0.011121302453565648
0.010344212591403562
0.020548294224056636
0.011307430597249637
0.01165051319438489
0.010135231723704164
0.019748691997598437
0.011750578951882673
0.017597278211396068
0.013280155530777374
0.01155759499099409
0.01069988849815594
0.009885067329959685
0.01025674014352289
0.011307430597249634
0.011378906138319479
0.012050776224376036
0.8273937158704292
0.02604417745145305
0.026909432516285373
0.024227141815305147
0.04538880854377572
0.02590820879840795
0.2240392578583701
0.046563083274619596
0.03093904896107591
0.02695887566284721
0.06404123558423255
0.06352208254533322
0.02700831880940906
0.025314891039665777
0.02813315039369108
0.31500228674552844
0.005920019330675362
0.00661615377091999
0.006075355114862179
0.012409603203369052
0.006184665481512167
0.18042538992158422
0.00657012835338315
0.006529856113038427
0.006132886886783227
0.712456203938624
0.010493795198398314
0.006046589228901662
0.006104121000822708
0.005902759799099056
0.02213247265802538
0.011360280976580076
0.43019876606523944
0.010940680995228965
0.02704865805709661
0.01159339207733069
0.26259188462554567
0.01237042907983275
0.01295320683170929
0.011344740236530032
0.012580229070508306
0.022961443423935787
0.01184204391813135
0.011779880957931187
0.011671095777580902
0.13876326790681792
0.009170238233136391
0.00907370940962969
0.00916058535078572
0.012230201938298744
0.008948221939070985
0.3355052318622343
0.009450171821305817
0.00934399011544845
0.009778369821228592
0.010762963820996924
0.015821074172747942
0.00940190740955247
0.009749411174176586
0.009672188115371225
0.5319317348160161
0.006736184086438691
0.006938269609031852
0.006918061056772534
0.00632527685716593
0.006332013041252368
0.02792148303828847
0.007140355131625012
0.006695766981920059
0.0068709077681674635
0.007099938027106381
0.008096893271899316
0.006534098563845529
0.006790073559130203
0.006877643952253902
0.8827230350551017
0.017322097378277123
0.019927536231884025
0.015937957987298457
0.020497475981110555
0.016853932584269638
0.42651848233186745
0.018726591760299605
0.016691092655919205
0.016650382673831596
0.02063996091841719
0.018991206643869066
0.01606008793356127
0.016528252727568783
0.01679286761113822
0.3418620745806869
0.038924950849561275
0.04144013531472765
0.045284303711270096
0.05312640724021676
0.0449767702395467
0.10327632980768192
0.07949740244049798
0.052632157017804146
0.03800235043439113
0.1966896218436634
0.07393983327292515
0.04212110228782946
0.03552011598405224
0.040517534899557485
0.11405098465627667
0.009786528449345471
0.009392284412286532
0.009635788082234708
0.01312600735149179
0.009543024779397313
0.8366322282904877
0.01018077248640442
0.009879291752182872
0.009322711935158491
0.00949664312797861
0.013624610104242804
0.009113994503774342
0.009705360559362755
0.010076413770712346
0.030484340394939812
0.008505628127442325
0.008465028470509423
0.008109781472346552
0.013073089532393452
0.00842442881357652
0.776793236097154
0.008871025039838406
0.008038732072713991
0.008901474782538077
0.008881174954071631
0.01376328370025274
0.008211280614678804
0.00855637769860844
0.00832292967124427
0.10308252895263047
0.008784086305780021
0.00972929947622399
0.008592200925313957
0.008748551976064082
0.008748551976064082
0.4353026458861908
0.009516093497928363
0.008400315544847891
0.008883582428984654
0.009118109005109848
0.010781115635815764
0.009217605128314477
0.009139429602939404
0.008840941233325522
0.4461974713770974
0.013451696829344977
0.013437401721131007
0.0130657289075678
0.012522514795436982
0.013551762586842755
0.06228378648826376
0.013151499556851628
0.013580352803270695
0.013966320725047873
0.017683048860679878
0.014838322326099983
0.013451696829344972
0.013523172370414822
0.013394516396489092
0.7580981788032135
0.009349000771935824
0.009425241349076994
0.00947289170979021
0.012627345589006078
0.009939865244779866
0.6695256883094606
0.010635560511193043
0.009692083369071076
0.010082816326919567
0.009730203657641665
0.014228397708970636
0.010149526831918089
0.009692083369071078
0.009482421781932867
0.19596687346923222
0.004588254451756279
0.004901162549370834
0.004422221583634267
0.005814343324041882
0.004891583730056098
0.3829484244438697
0.004690428524446743
0.004728743801705665
0.004888390790284527
0.0042785392939133
0.006507211254474115
0.00467765676536044
0.00451800977678158
0.004747901440335131
0.5533971282699698
0.01703330606856375
0.016516710433796867
0.01676065837243678
0.024036046895403732
0.017076355704794318
0.058877552484681475
0.24259905003802704
0.017664700733278832
0.015856616011594746
0.022328411324924288
0.013890682623731873
0.016631509463745055
0.015856616011594733
0.017277254007203664
0.4875945298262231
0.017948343791040464
0.017048494576584514
0.017024174327545154
0.02400408580183867
0.01862931076414227
0.659492193200058
0.018240186779512658
0.018580670266063568
0.0176808210516076
0.01799698428911916
0.041003939880344356
0.017680821051607613
0.017243056568899306
0.018045624787197873
0.07938129286443889
0.01192259675405742
0.012297128589263406
0.01188514357053682
0.012347066167290865
0.011935081148564291
0.7273907615480647
0.011423220973782766
0.012009987515605485
0.012347066167290862
0.019325842696629205
0.015143570536828943
0.011697877652933817
0.012072409488139813
0.01197253433208488
0.10622971285892628
0.005424404163784801
0.0057550013702384085
0.005976849495621747
0.008534627882394386
0.005654952215653763
0.7583290921191713
0.00573760151726716
0.006129098209120111
0.0055679529507975485
0.006076898650206389
0.006072548686963578
0.005385254494599507
0.005933349863193643
0.005389604457842315
0.1640327639231447
0.01124656502318278
0.012615250766570121
0.011575474000275868
0.016583378425693095
0.011479984297248844
0.11785551346935305
0.011713403571314897
0.011140465353152756
0.011437544429236831
0.665786039405419
0.014790294002185648
0.01157547400027587
0.011734623505320904
0.011702793604311902
0.06876319614645993
0.015991914868319326
0.26795077581594423
0.015177456750490427
0.0661732358361571
0.01596813506925862
0.1441115272575948
0.01698472147910346
0.019582664526484703
0.015587658284287462
0.019897746864038952
0.03817252244218527
0.014398668331252569
0.01596219011949345
0.017531656857499515
0.31650912549788923
0.02870509336253876
0.023864573615111122
0.027799186035506216
0.1439716599737696
0.02982733676766863
0.2197974553468818
0.0265417325815655
0.024121472707851706
0.03558728484700993
0.02422964074690035
0.029665084709095606
0.03223407563650141
0.028069606133127867
0.02472991792750041
0.3008558796089728
0.014383126742677317
0.014990475664632977
0.014419935768250383
0.016766511148533624
0.014870846331520507
0.08725579512096365
0.01340768756499095
0.014438340281036917
0.01382178910268799
0.013610137205642832
0.01361013720564283
0.013407687564990941
0.013435294334170754
0.014429138024643667
0.7271530979396148
0.013269127875869485
0.014262783765191507
0.01300924864327759
0.014446227929374032
0.013360849957960755
0.041825269433616204
0.014568524038829045
0.012856378506458804
0.013529007108461397
0.016601696858518714
0.01625009554383553
0.012917526561186313
0.01287166552014068
0.012581212260185009
0.7776503859970959
0.014229372375439822
0.013846328453070045
0.0136760867097946
0.08070877312450334
0.013747020769492708
0.15394109635682687
0.014654976733628457
0.014342866870956792
0.014044943820224743
0.014910339348541623
0.015832482124617
0.013619339462036131
0.013548405402338023
0.013250482351605983
0.5956474860969247
0.016698686227707635
0.01758164988065441
0.017397294832236947
0.030719372804719564
0.01760105567522467
0.5170091789408312
0.017038287632687166
0.018687780171159154
0.01680541809784406
0.02254953329064064
0.028448894839999298
0.016077700801459358
0.01764957016165031
0.015155925559372065
0.2305796510838136
0.01424223065649548
0.015995891423346283
0.013340347976400768
0.029849811481467627
0.015156639484924826
0.572332243558428
0.014354965991507308
0.016058522165019518
0.014730750441546776
0.014768328886550717
0.02738216025954186
0.014643067403204226
0.015294427116605962
0.014116969173148988
0.20773364398181207
0.013878637105078527
0.011919407310205344
0.01232036596590032
0.013122283277290269
0.01315873406417163
0.017906449055469006
0.012639310351112234
0.013678157777231036
0.012365929449502013
0.012557296080629155
0.013714608564112395
0.013541467326425931
0.012776000801917336
0.013286311818256402
0.8131350410526986
0.0195046047513073
0.018111418697642497
0.01850947185583244
0.015831659700736446
0.01894371166476692
0.028967413921004624
0.019305578172212328
0.018419005228971087
0.018201885324503845
0.017677178888708005
0.04396678065461652
0.01879896506178876
0.019450324775190483
0.018219978649876116
0.7060920226528437
0.02160624690834574
0.027206557840435377
0.02277224224436441
0.051692459896827116
0.0231785739523709
0.04515581937672254
0.10301392127764822
0.02217157798035479
0.022065578404353095
0.28293053494452686
0.02476856759239633
0.023001907992368058
0.022630909476362142
0.039060843756624886
0.2687442583562999
0.008870172381453724
0.010951577087606574
0.009178752730331023
0.01075190745009772
0.00926346106139539
0.017377309058345898
0.009202955110635137
0.008761261670085247
0.008845970001149612
0.009081943209114615
0.00825301168369909
0.009414725938296037
0.008386124775371656
0.008973032497746152
0.862687795344672
0.007324338785012953
0.0072231139646870115
0.007309878096394957
0.009059621419172001
0.007526788425664843
0.712890257834079
0.007085737422816086
0.007259265686231991
0.007165271210215044
0.011886686043989434
0.009493442077711765
0.0075484794585918315
0.007454484982574879
0.007179731898833033
0.18359290269402628
0.010751944684528949
0.011961970613655998
0.0110746182656295
0.013552290406222993
0.01120138288677613
0.020339959665802345
0.011524056467876685
0.010763468740996825
0.009657159320080658
0.010774992797464708
0.011766061653702092
0.010544511668107171
0.010060501296456345
0.010498415442235665
0.8355286660904644
0.01328733274278518
0.26270844017592093
0.013877880864686745
0.013668080874011185
0.015043436368439828
0.06863567843100685
0.012883273501484107
0.01252583648033316
0.013699162354111267
0.016038043731642457
0.02258069529270978
0.013815717904486576
0.013675851244036205
0.013714703094161314
0.4938458669401831
0.016921619060511706
0.015432516583186695
0.017654889219800553
0.01723748928297461
0.016673435314290875
0.20507874193402817
0.018760434998420655
0.01662831099679618
0.017158521727358877
0.02063309417445062
0.08082893371237769
0.018139975632868555
0.015455078741934044
0.01745182979107441
0.5059451288299265
0.01780481651821238
0.01694125865983587
0.01844520773903092
0.11944266557994207
0.017950359977489325
0.2661601754283829
0.02547980827074971
0.021064990006015846
0.018338475868894494
0.020463410374337826
0.05486988414740657
0.018910946808717126
0.017271157167530273
0.018057091847625748
0.34879975160582977
0.027226204313573553
0.023254875371303097
0.023246803564509876
0.11440171768048567
0.024409143742735357
0.08936297300787802
0.027815446209479514
0.04194110809763658
0.021131990184682942
0.032860325455249896
0.1102124499547979
0.022681777088983605
0.024191204959318074
0.025393904171509746
0.3918700761978562
0.009514316781442567
0.010178808747130622
0.009733297088317031
0.024118037936450416
0.009854113809351236
0.04379606137489437
0.012972695421046301
0.0108281986226894
0.009831460674157322
0.009559623051830392
0.02408783375619185
0.009982481575450066
0.010110849341548895
0.009401051105473018
0.7960311707140275
